Iteration,Version,ROC_AUC,PR_AUC,TimeElapsed,K,TrainRatio,ExperimentID,Seed,ThresholdMode,TrophicLevelProtocol,TrophicSnapshotFile,NegativeEligibilityMode,NegativePositiveRatio,NegativeSamplingStrategy,NegativeTopupPolicy,RolePoolSize,MassPoolSize,EligiblePoolSize,FullNegativePoolSize,RequestedNegativeCount,SelectedNegativeCount,EligibleNegativeCount,EligibleShortfall,FullPoolShortfall,RandomTopupCount,TopupProportion,TrainNegativeCount,TestNegativeCount,Threshold,Precision,Recall,F1Score,TestTP,TestFP,TestFN,TestTN,TestTPR,TestTNR,TestFPR,TestFNR,TestPrecision,TestRecall,TestF1Score,TestAccuracy,TestExpectedAccuracy,TestKappa,TestMCC,TestTSS,TotalLinks,TrainLinks,TestLinks,BackboneTotal,NonBackboneTotal,BackboneTrainLinks,NonBackboneTrainLinks,BackboneTestLinks,NonBackboneTestLinks,EmpiricalNumSpecies,EmpiricalLinks,EmpiricalConnectance,EmpiricalMeanTrophicLevel,EmpiricalMeanDegree,EmpiricalMeanGenerality,EmpiricalMeanVulnerability,EmpiricalDegreeStd,EmpiricalDegreeCV,EmpiricalDegreeGini,EmpiricalGeneralityStd,EmpiricalGeneralityCV,EmpiricalGeneralityGini,EmpiricalVulnerabilityStd,EmpiricalVulnerabilityCV,EmpiricalVulnerabilityGini,EmpiricalTrophicLevelStd,EmpiricalTrophicLevelCV,EmpiricalTrophicLevelRange,EmpiricalNetworkXMeanTrophicLevel,EmpiricalNetworkXTrophicLevelStd,EmpiricalNetworkXTrophicLevelRange,EmpiricalMeanLocalClustering,EmpiricalTransitivity,EmpiricalNumTriangles,EmpiricalTriangleDensity,EmpiricalMeanDietOverlap,EmpiricalNetworkXTrophicLevelNumSpeciesFull,EmpiricalNetworkXTrophicLevelNumSpeciesLargest,EmpiricalNetworkXTrophicLevelNumSpeciesWithLevel,EmpiricalNetworkXTrophicLevelLargestFraction,EmpiricalNetworkXTrophicLevelStatusCode,EmpiricalPropBasal,EmpiricalPropIntermediate,EmpiricalPropTop,TrainNumSpecies,TrainConnectance,TrainMeanTrophicLevel,TrainMeanDegree,TrainMeanGenerality,TrainMeanVulnerability,TrainDegreeStd,TrainDegreeCV,TrainDegreeGini,TrainGeneralityStd,TrainGeneralityCV,TrainGeneralityGini,TrainVulnerabilityStd,TrainVulnerabilityCV,TrainVulnerabilityGini,TrainTrophicLevelStd,TrainTrophicLevelCV,TrainTrophicLevelRange,TrainNetworkXMeanTrophicLevel,TrainNetworkXTrophicLevelStd,TrainNetworkXTrophicLevelRange,TrainMeanLocalClustering,TrainTransitivity,TrainNumTriangles,TrainTriangleDensity,TrainMeanDietOverlap,TrainNetworkXTrophicLevelNumSpeciesFull,TrainNetworkXTrophicLevelNumSpeciesLargest,TrainNetworkXTrophicLevelNumSpeciesWithLevel,TrainNetworkXTrophicLevelLargestFraction,TrainNetworkXTrophicLevelStatusCode,TrainPropBasal,TrainPropIntermediate,TrainPropTop,PseudoNumSpecies,PseudoLinks,PseudoConnectance,PseudoMeanTrophicLevel,PseudoMeanDegree,PseudoMeanGenerality,PseudoMeanVulnerability,PseudoDegreeStd,PseudoDegreeCV,PseudoDegreeGini,PseudoGeneralityStd,PseudoGeneralityCV,PseudoGeneralityGini,PseudoVulnerabilityStd,PseudoVulnerabilityCV,PseudoVulnerabilityGini,PseudoTrophicLevelStd,PseudoTrophicLevelCV,PseudoTrophicLevelRange,PseudoNetworkXMeanTrophicLevel,PseudoNetworkXTrophicLevelStd,PseudoNetworkXTrophicLevelRange,PseudoMeanLocalClustering,PseudoTransitivity,PseudoNumTriangles,PseudoTriangleDensity,PseudoMeanDietOverlap,PseudoNetworkXTrophicLevelNumSpeciesFull,PseudoNetworkXTrophicLevelNumSpeciesLargest,PseudoNetworkXTrophicLevelNumSpeciesWithLevel,PseudoNetworkXTrophicLevelLargestFraction,PseudoNetworkXTrophicLevelStatusCode,PseudoPropBasal,PseudoPropIntermediate,PseudoPropTop,DeltaLinks,DeltaConnectance,DeltaMeanTrophicLevel,DeltaMeanDegree,DeltaMeanGenerality,DeltaMeanVulnerability,DeltaDegreeStd,DeltaDegreeCV,DeltaDegreeGini,DeltaGeneralityStd,DeltaGeneralityCV,DeltaGeneralityGini,DeltaVulnerabilityStd,DeltaVulnerabilityCV,DeltaVulnerabilityGini,DeltaTrophicLevelStd,DeltaTrophicLevelCV,DeltaTrophicLevelRange,DeltaNetworkXMeanTrophicLevel,DeltaNetworkXTrophicLevelStd,DeltaNetworkXTrophicLevelRange,DeltaMeanLocalClustering,DeltaTransitivity,DeltaNumTriangles,DeltaTriangleDensity,DeltaMeanDietOverlap,DeltaPropBasal,DeltaPropIntermediate,DeltaPropTop,PseudoTP,PseudoFP,PseudoFN,PseudoTN,PseudoTPR,PseudoTNR,PseudoFPR,PseudoFNR,PseudoPrecision,PseudoRecall,PseudoF1Score,PseudoMCC,PseudoTSS,PseudoJaccardLinks,NumPredictedNovelLinks,NumTrueNovelLinks,EvaluateOnAllUnseen,EmpiricalTrophicV2NumSpeciesFull,EmpiricalTrophicV2NumSpeciesLargest,EmpiricalTrophicV2NumSpeciesWithLevel,EmpiricalTrophicV2LargestFraction,EmpiricalTrophicV2StatusCode,EmpiricalTrophicV2NumBasal,EmpiricalTrophicV2NumUnreachable,EmpiricalTrophicV2ReciprocalCondition,EmpiricalTrophicV2ScaledResidual,EmpiricalTrophicV2ResidualNorm,EmpiricalTrophicV2CandidateMin,EmpiricalTrophicV2CandidateMax,EmpiricalTrophicV2AboveLegacyCap,EmpiricalTrophicV2PrecisionDigits,EmpiricalTrophicV2PrecisionRelativeDifference,EmpiricalTrophicV2SolverCode,EmpiricalTrophicV2FailureReason,EmpiricalTrophicV2LegacyMean,EmpiricalTrophicV2LegacyStatusCode,TrainTrophicV2NumSpeciesFull,TrainTrophicV2NumSpeciesLargest,TrainTrophicV2NumSpeciesWithLevel,TrainTrophicV2LargestFraction,TrainTrophicV2StatusCode,TrainTrophicV2NumBasal,TrainTrophicV2NumUnreachable,TrainTrophicV2ReciprocalCondition,TrainTrophicV2ScaledResidual,TrainTrophicV2ResidualNorm,TrainTrophicV2CandidateMin,TrainTrophicV2CandidateMax,TrainTrophicV2AboveLegacyCap,TrainTrophicV2PrecisionDigits,TrainTrophicV2PrecisionRelativeDifference,TrainTrophicV2SolverCode,TrainTrophicV2FailureReason,TrainTrophicV2LegacyMean,TrainTrophicV2LegacyStatusCode,PseudoTrophicV2NumSpeciesFull,PseudoTrophicV2NumSpeciesLargest,PseudoTrophicV2NumSpeciesWithLevel,PseudoTrophicV2LargestFraction,PseudoTrophicV2StatusCode,PseudoTrophicV2NumBasal,PseudoTrophicV2NumUnreachable,PseudoTrophicV2ReciprocalCondition,PseudoTrophicV2ScaledResidual,PseudoTrophicV2ResidualNorm,PseudoTrophicV2CandidateMin,PseudoTrophicV2CandidateMax,PseudoTrophicV2AboveLegacyCap,PseudoTrophicV2PrecisionDigits,PseudoTrophicV2PrecisionRelativeDifference,PseudoTrophicV2SolverCode,PseudoTrophicV2FailureReason,PseudoTrophicV2LegacyMean,PseudoTrophicV2LegacyStatusCode,CvK,FoldID,NumFolds
1,WLNM_dir_neg,0.748611111111,0.697712828046,00:00:11,10,10,1,505464047,fixed,validated_v2,/gpfs/scratch/acw792/wlnm_roleonly_v2_20260910/result_wlnm_dir_neg_roleonly_trophicv2_100x290_train10-90_Apocrita_20260910_011848/ecological_snapshots/Broadstone_Stream_tax_mass_K10_ratio0.1_exp1_seed505464047_threshold0.5_validated_v2.mat,role_only,2,uniform_without_replacement,uniform_remaining_nonlinks,176,0,176,407,198,198,176,22,0,22,0.111111111111,18,180,0.5,0.666666666667,0.466666666667,0.549019607843,42,21,48,159,0.466666666667,0.883333333333,0.116666666667,0.533333333333,0.666666666667,0.466666666667,0.549019607843,0.744444444444,0.588888888889,0.378378378378,0.390094748803,0.35,99,9,90,0,99,0,9,0,90,23,99,0.195652173913,2.18974518502,8.60869565217,6.6,4.5,4.59979377438,0.534319478842,0.291611769873,4.28989068105,0.996641269334,0.541062801932,2.91445898002,0.677096530713,0.355731225296,1.07629584498,0.491516479791,2.88826011686,2.18974518502,1.07629584498,2.88826011686,0.351612638569,0.458912768647,121,0.0683229813665,0.291765337837,23,23,23,1,0,0.347826086957,0.608695652174,0.0434782608696,23,0.0177865612648,1.36956521739,0.782608695652,1.28571428571,1.5,0.902346523799,1.15299833597,0.589371980676,0.656376446504,1.6774064744,0.743961352657,0.722315118515,1.84591641398,0.782608695652,0.607105489268,0.443283373116,2,1.92857142857,0.731925054711,2,0,0,0,0,0.0952380952381,23,7,7,0.304347826087,0,0.217391304348,0.0434782608696,0.260869565217,23,72,0.142292490119,1,6.26086956522,3.27272727273,3.78947368421,4.15842399457,0.664192721354,0.32729468599,3.23762465995,1.03424121082,0.466183574879,3.80555034637,1.2156619162,0.539855072464,0,0,0,NaN,NaN,NaN,0.378139159789,0.253521126761,42,0.0237154150198,0.345037514193,23,23,0,1,7,0.0434782608696,0.782608695652,0.173913043478,-27,-0.0533596837945,-1.18974518502,-2.34782608696,-3.32727272727,-0.710526315789,-0.441369779812,0.129873242512,0.0356829161177,-1.05226602109,0.0375999414841,-0.0748792270531,0.891091366343,0.538565385488,0.184123847167,-1.07629584498,-0.491516479791,-2.88826011686,NaN,NaN,NaN,0.0265265212196,-0.205391641887,-79,-0.0446075663467,0.0532721763566,-0.304347826087,0.173913043478,0.130434782609,51,21,48,386,0.515151515152,0.948402948403,0.0515970515971,0.484848484848,0.708333333333,0.515151515152,0.59649122807,0.526386152858,0.463554463554,0.425,63,90,0,23,23,23,1,0,8,0,0.0386050732335,0,0,1,3.88826011686,0,16,NaN,1,ok,2.18974518502,0,23,7,7,0.304347826087,0,2,0,0.0740740740741,0,0,1,3,0,16,NaN,1,ok,1.92857142857,0,23,23,0,1,7,1,19,NaN,NaN,NaN,NaN,NaN,0,0,NaN,0,basal_unreachable_in_lcc,NaN,2,0,0,0
2,WLNM_dir_neg,0.631111111111,0.560038021519,00:00:06,10,10,2,505464048,fixed,validated_v2,/gpfs/scratch/acw792/wlnm_roleonly_v2_20260910/result_wlnm_dir_neg_roleonly_trophicv2_100x290_train10-90_Apocrita_20260910_011848/ecological_snapshots/Broadstone_Stream_tax_mass_K10_ratio0.1_exp2_seed505464048_threshold0.5_validated_v2.mat,role_only,2,uniform_without_replacement,uniform_remaining_nonlinks,176,0,176,407,198,198,176,22,0,22,0.111111111111,18,180,0.5,0.758620689655,0.244444444444,0.36974789916,22,7,68,173,0.244444444444,0.961111111111,0.0388888888889,0.755555555556,0.758620689655,0.244444444444,0.36974789916,0.722222222222,0.630864197531,0.247491638796,0.312953062618,0.205555555556,99,9,90,0,99,0,9,0,90,23,99,0.195652173913,2.18974518502,8.60869565217,6.6,4.5,4.59979377438,0.534319478842,0.291611769873,4.28989068105,0.996641269334,0.541062801932,2.91445898002,0.677096530713,0.355731225296,1.07629584498,0.491516479791,2.88826011686,2.18974518502,1.07629584498,2.88826011686,0.351612638569,0.458912768647,121,0.0683229813665,0.291765337837,23,23,23,1,0,0.347826086957,0.608695652174,0.0434782608696,23,0.0177865612648,1.28260869565,0.782608695652,1.8,1.125,1.04257207029,1.33217542314,0.618357487923,0.838783233173,2.14355715144,0.830917874396,0.583027399542,1.48995890994,0.685990338164,0.580479561862,0.452577285519,2,1.75,0.880340843083,2,0,0,0,0,0.05,23,6,6,0.260869565217,0,0.304347826087,0.0434782608696,0.173913043478,23,38,0.0750988142292,1,3.30434782609,4.22222222222,2,3.23945537803,0.980361495983,0.464530892449,3.26981644817,1.97909942916,0.796338672769,1.07062834788,0.648011894771,0.352402745995,0,0,0,NaN,NaN,NaN,0.385847485847,0.181818181818,12,0.00677583286279,0.0674648064354,23,21,0,0.913043478261,7,0.521739130435,0.304347826087,0.0869565217391,-61,-0.120553359684,-1.18974518502,-5.30434782609,-2.37777777778,-2.5,-1.36033839635,0.446042017141,0.172919122576,-1.02007423287,0.982458159823,0.255275870837,-1.84383063214,-0.0290846359421,-0.00332847930102,-1.07629584498,-0.491516479791,-2.88826011686,NaN,NaN,NaN,0.0342348472783,-0.277094586829,-109,-0.0615471485037,-0.224300531401,0.173913043478,-0.304347826087,0.0434782608696,31,7,68,400,0.313131313131,0.982800982801,0.017199017199,0.686868686869,0.815789473684,0.313131313131,0.452554744526,0.445443309838,0.295932295932,0.292452830189,29,90,0,23,23,23,1,0,8,0,0.0386050732335,0,0,1,3.88826011686,0,16,NaN,1,ok,2.18974518502,0,23,6,6,0.260869565217,0,3,0,0.16,0,0,1,3,0,16,NaN,1,ok,1.75,0,23,21,0,0.913043478261,7,12,2,NaN,NaN,NaN,NaN,NaN,0,0,NaN,0,basal_unreachable_in_lcc,NaN,2,0,0,0
3,WLNM_dir_neg,0.54200617284,0.36643011398,00:00:06,10,10,3,505464049,fixed,validated_v2,/gpfs/scratch/acw792/wlnm_roleonly_v2_20260910/result_wlnm_dir_neg_roleonly_trophicv2_100x290_train10-90_Apocrita_20260910_011848/ecological_snapshots/Broadstone_Stream_tax_mass_K10_ratio0.1_exp3_seed505464049_threshold0.5_validated_v2.mat,role_only,2,uniform_without_replacement,uniform_remaining_nonlinks,176,0,176,407,198,198,176,22,0,22,0.111111111111,18,180,0.5,0.382352941176,0.144444444444,0.209677419355,13,21,77,159,0.144444444444,0.883333333333,0.116666666667,0.855555555556,0.382352941176,0.144444444444,0.209677419355,0.637037037037,0.624691358025,0.0328947368421,0.0394693111219,0.0277777777778,99,9,90,0,99,0,9,0,90,23,99,0.195652173913,2.18974518502,8.60869565217,6.6,4.5,4.59979377438,0.534319478842,0.291611769873,4.28989068105,0.996641269334,0.541062801932,2.91445898002,0.677096530713,0.355731225296,1.07629584498,0.491516479791,2.88826011686,2.18974518502,1.07629584498,2.88826011686,0.351612638569,0.458912768647,121,0.0683229813665,0.291765337837,23,23,23,1,0,0.347826086957,0.608695652174,0.0434782608696,23,0.0177865612648,1.30434782609,0.782608695652,1.28571428571,1.28571428571,0.735868178606,0.940276005996,0.487922705314,0.656376446504,1.6774064744,0.743961352657,0.656376446504,1.6774064744,0.743961352657,0.470471968897,0.360695176154,1,1.5,0.57735026919,1,0,0,0,0,0.0714285714286,23,4,4,0.173913043478,0,0.304347826087,0,0.304347826087,23,43,0.0849802371542,2.3768115942,3.73913043478,2.26315789474,2.86666666667,2.64948350549,0.708582797979,0.335692618807,1.71369743341,0.916628859732,0.434782608696,2.73536349298,1.46310140322,0.612740141557,0.809584355194,0.340617807978,2.75,2.3768115942,0.809584355194,2.75,0.292581660763,0.169230769231,11,0.00621118012422,0.269467650608,23,23,23,1,0,0.173913043478,0.478260869565,0.347826086957,-56,-0.110671936759,0.187066409178,-4.86956521739,-4.33684210526,-1.63333333333,-1.95031026889,0.174263319137,0.0440808489342,-2.57619324764,-0.0800124096026,-0.106280193237,-0.179095487043,0.78600487251,0.257008916261,-0.266711489789,-0.150898671813,-0.138260116858,0.187066409178,-0.266711489789,-0.138260116858,-0.0590309778057,-0.289681999417,-110,-0.0621118012422,-0.0222976872288,-0.173913043478,-0.130434782609,0.304347826087,22,21,77,386,0.222222222222,0.948402948403,0.0515970515971,0.777777777778,0.511627906977,0.222222222222,0.30985915493,0.242735433414,0.170625170625,0.183333333333,34,90,0,23,23,23,1,0,8,0,0.0386050732335,0,0,1,3.88826011686,0,16,NaN,1,ok,2.18974518502,0,23,4,4,0.173913043478,0,2,0,0.16,0,0,1,2,0,16,NaN,1,ok,1.5,0,23,23,23,1,0,4,0,0.00789242911429,0,0,1,3.75,0,16,NaN,1,ok,2.3768115942,0,0,0,0
4,WLNM_dir_neg,0.624660493827,0.459865409952,00:00:06,10,10,4,505464050,fixed,validated_v2,/gpfs/scratch/acw792/wlnm_roleonly_v2_20260910/result_wlnm_dir_neg_roleonly_trophicv2_100x290_train10-90_Apocrita_20260910_011848/ecological_snapshots/Broadstone_Stream_tax_mass_K10_ratio0.1_exp4_seed505464050_threshold0.5_validated_v2.mat,role_only,2,uniform_without_replacement,uniform_remaining_nonlinks,176,0,176,407,198,198,176,22,0,22,0.111111111111,18,180,0.5,0.555555555556,0.333333333333,0.416666666667,30,24,60,156,0.333333333333,0.866666666667,0.133333333333,0.666666666667,0.555555555556,0.333333333333,0.416666666667,0.688888888889,0.6,0.222222222222,0.235702260396,0.2,99,9,90,0,99,0,9,0,90,23,99,0.195652173913,2.18974518502,8.60869565217,6.6,4.5,4.59979377438,0.534319478842,0.291611769873,4.28989068105,0.996641269334,0.541062801932,2.91445898002,0.677096530713,0.355731225296,1.07629584498,0.491516479791,2.88826011686,2.18974518502,1.07629584498,2.88826011686,0.351612638569,0.458912768647,121,0.0683229813665,0.291765337837,23,23,23,1,0,0.347826086957,0.608695652174,0.0434782608696,23,0.0177865612648,1,0.782608695652,1.125,1.28571428571,0.951387586592,1.2156619162,0.6038647343,0.583027399542,1.48995890994,0.685990338164,0.656376446504,1.6774064744,0.743961352657,0,0,0,1.625,0.75,1.5,0,0,0,0,0.0714285714286,23,4,4,0.173913043478,0,0.173913043478,0.130434782609,0.217391304348,23,63,0.124505928854,5.03046928916,5.47826086957,3.15,3,3.40947296937,0.622364113456,0.331262939959,2.45352050039,0.895729706493,0.447204968944,3.30588169101,1.20690918878,0.502415458937,4.324319767,0.859625517706,14,5.03046928916,4.324319767,14,0.386675445766,0.280748663102,35,0.0197628458498,0.254637161085,23,23,23,1,0,0.130434782609,0.782608695652,0.0869565217391,-36,-0.0711462450593,2.84072410414,-3.13043478261,-3.45,-1.5,-1.19032080501,0.0880446346144,0.039651170086,-1.83637018065,-0.100911562841,-0.0938578329883,0.391422710983,0.529812658068,0.146684233641,3.24802392202,0.368109037915,11.1117398831,2.84072410414,3.24802392202,11.1117398831,0.0350628071972,-0.178164105546,-86,-0.0485601355167,-0.0371281767522,-0.217391304348,0.173913043478,0.0434782608696,39,24,60,383,0.393939393939,0.941031941032,0.0589680589681,0.606060606061,0.619047619048,0.393939393939,0.481481481481,0.402485564043,0.334971334971,0.317073170732,54,90,0,23,23,23,1,0,8,0,0.0386050732335,0,0,1,3.88826011686,0,16,NaN,1,ok,2.18974518502,0,23,4,4,0.173913043478,0,2,0,0.2,0,0,1,2.5,0,16,NaN,1,ok,1.625,0,23,23,23,1,0,3,0,0.00631313131313,0,0,1,15,0,16,NaN,1,ok,5.03046928916,0,0,0,0
5,WLNM_dir_neg,0.709135802469,0.621972441318,00:00:05,10,10,5,505464051,fixed,validated_v2,/gpfs/scratch/acw792/wlnm_roleonly_v2_20260910/result_wlnm_dir_neg_roleonly_trophicv2_100x290_train10-90_Apocrita_20260910_011848/ecological_snapshots/Broadstone_Stream_tax_mass_K10_ratio0.1_exp5_seed505464051_threshold0.5_validated_v2.mat,role_only,2,uniform_without_replacement,uniform_remaining_nonlinks,176,0,176,407,198,198,176,22,0,22,0.111111111111,18,180,0.5,0.763157894737,0.322222222222,0.453125,29,9,61,171,0.322222222222,0.95,0.05,0.677777777778,0.763157894737,0.322222222222,0.453125,0.740740740741,0.61975308642,0.318181818182,0.369016080291,0.272222222222,99,9,90,0,99,0,9,0,90,23,99,0.195652173913,2.18974518502,8.60869565217,6.6,4.5,4.59979377438,0.534319478842,0.291611769873,4.28989068105,0.996641269334,0.541062801932,2.91445898002,0.677096530713,0.355731225296,1.07629584498,0.491516479791,2.88826011686,2.18974518502,1.07629584498,2.88826011686,0.351612638569,0.458912768647,121,0.0683229813665,0.291765337837,23,23,23,1,0,0.347826086957,0.608695652174,0.0434782608696,23,0.0177865612648,1.41304347826,0.782608695652,1.28571428571,1.5,0.998021758696,1.275250025,0.63768115942,0.656376446504,1.6774064744,0.743961352657,0.78271848154,2.00028056393,0.80193236715,0.685104071607,0.484842881445,2,2.25,0.758287544405,2,0.333333333333,0.333333333333,1,0.000564652738566,0.119047619048,23,6,6,0.260869565217,0,0.173913043478,0.0869565217391,0.217391304348,23,47,0.0928853754941,4.57168370489,4.08695652174,2.9375,2.9375,5.25627800806,1.28611057644,0.540240518039,2.99208441892,1.46421152415,0.641998149861,2.63677249113,1.29033547438,0.573543015726,2.46329208049,0.538815071097,6.27337110482,4.91184405774,2.29725960515,6.27337110482,0.569431337597,0.251824817518,23,0.012987012987,0.336436896437,23,21,21,0.913043478261,0,0.217391304348,0.478260869565,0.217391304348,-52,-0.102766798419,2.38193851986,-4.52173913043,-3.6625,-1.5625,0.656484233684,0.751791097599,0.248628748166,-1.29780626212,0.467570254819,0.100935347929,-0.277686488898,0.613238943668,0.21781179043,1.3869962355,0.0472985913061,3.38511098796,2.72209887271,1.22096376017,3.38511098796,0.217818699028,-0.207087951129,-98,-0.0553359683794,0.0446715586001,-0.130434782609,-0.130434782609,0.173913043478,38,9,61,398,0.383838383838,0.977886977887,0.022113022113,0.616161616162,0.808510638298,0.383838383838,0.520547945205,0.494354497708,0.361725361725,0.351851851852,38,90,0,23,23,23,1,0,8,0,0.0386050732335,0,0,1,3.88826011686,0,16,NaN,1,ok,2.18974518502,0,23,6,6,0.260869565217,0,1,0,0.047619047619,0,0,1,3,0,16,NaN,1,ok,2.25,0,23,21,21,0.913043478261,0,5,0,0.00444638446016,0,0,1,7.27337110482,0,16,NaN,1,ok,4.91184405774,0,0,0,0
6,WLNM_dir_neg,0.689722222222,0.540344055344,00:00:06,10,10,6,505464052,fixed,validated_v2,/gpfs/scratch/acw792/wlnm_roleonly_v2_20260910/result_wlnm_dir_neg_roleonly_trophicv2_100x290_train10-90_Apocrita_20260910_011848/ecological_snapshots/Broadstone_Stream_tax_mass_K10_ratio0.1_exp6_seed505464052_threshold0.5_validated_v2.mat,role_only,2,uniform_without_replacement,uniform_remaining_nonlinks,176,0,176,407,198,198,176,22,0,22,0.111111111111,18,180,0.5,0.492063492063,0.344444444444,0.40522875817,31,32,59,148,0.344444444444,0.822222222222,0.177777777778,0.655555555556,0.492063492063,0.344444444444,0.40522875817,0.662962962963,0.588888888889,0.18018018018,0.185759404192,0.166666666667,99,9,90,0,99,0,9,0,90,23,99,0.195652173913,2.18974518502,8.60869565217,6.6,4.5,4.59979377438,0.534319478842,0.291611769873,4.28989068105,0.996641269334,0.541062801932,2.91445898002,0.677096530713,0.355731225296,1.07629584498,0.491516479791,2.88826011686,2.18974518502,1.07629584498,2.88826011686,0.351612638569,0.458912768647,121,0.0683229813665,0.291765337837,23,23,23,1,0,0.347826086957,0.608695652174,0.0434782608696,23,0.0177865612648,1.36231884058,0.782608695652,1.5,1.5,1.12639899838,1.43928760904,0.685990338164,0.78271848154,2.00028056393,0.80193236715,0.722315118515,1.84591641398,0.782608695652,0.666007579341,0.488877903985,2,1.91666666667,0.849836585599,2,0,0,0,0,0.111111111111,23,8,8,0.347826086957,0,0.173913043478,0.0869565217391,0.173913043478,23,72,0.142292490119,16.9379064885,6.26086956522,3.6,4.5,5.73044018065,0.915278639965,0.429347826087,2.68504863383,0.857723869139,0.429951690821,4.42415218202,1.41327083592,0.63768115942,6.52030865031,0.384953633719,20.5571260306,17.6623567834,5.64739410368,20.5571260306,0.676144907724,0.377952755906,64,0.0361377752682,0.362301149143,23,22,22,0.95652173913,0,0.0869565217391,0.608695652174,0.260869565217,-27,-0.0533596837945,14.7481613034,-2.34782608696,-3,0,1.13064640627,0.380959161123,0.137736056214,-1.60484204722,-0.138917400196,-0.111111111111,1.50969320199,0.736174305209,0.281949934124,5.44401280533,-0.106562846073,17.6688659138,15.4726115984,4.57109825869,17.6688659138,0.324532269155,-0.0809600127418,-57,-0.0321852060982,0.0705358113065,-0.260869565217,0,0.217391304348,40,32,59,375,0.40404040404,0.921375921376,0.0786240786241,0.59595959596,0.555555555556,0.40404040404,0.46783625731,0.369524319321,0.325416325416,0.30534351145,63,90,0,23,23,23,1,0,8,0,0.0386050732335,0,0,1,3.88826011686,0,16,NaN,1,ok,2.18974518502,0,23,8,8,0.347826086957,0,3,0,0.111111111111,0,0,1,3,0,16,NaN,1,ok,1.91666666667,0,23,22,22,0.95652173913,0,2,0,0.00169392027771,0,0,1,21.5571260306,0,16,NaN,1,ok,17.6623567834,0,0,0,0
7,WLNM_dir_neg,0.647222222222,0.541512453688,00:00:06,10,10,7,505464053,fixed,validated_v2,/gpfs/scratch/acw792/wlnm_roleonly_v2_20260910/result_wlnm_dir_neg_roleonly_trophicv2_100x290_train10-90_Apocrita_20260910_011848/ecological_snapshots/Broadstone_Stream_tax_mass_K10_ratio0.1_exp7_seed505464053_threshold0.5_validated_v2.mat,role_only,2,uniform_without_replacement,uniform_remaining_nonlinks,176,0,176,407,198,198,176,22,0,22,0.111111111111,18,180,0.5,0.574468085106,0.3,0.394160583942,27,20,63,160,0.3,0.888888888889,0.111111111111,0.7,0.574468085106,0.3,0.394160583942,0.692592592593,0.608641975309,0.214511041009,0.234834856012,0.188888888889,99,9,90,0,99,0,9,0,90,23,99,0.195652173913,2.18974518502,8.60869565217,6.6,4.5,4.59979377438,0.534319478842,0.291611769873,4.28989068105,0.996641269334,0.541062801932,2.91445898002,0.677096530713,0.355731225296,1.07629584498,0.491516479791,2.88826011686,2.18974518502,1.07629584498,2.88826011686,0.351612638569,0.458912768647,121,0.0683229813665,0.291765337837,23,23,23,1,0,0.347826086957,0.608695652174,0.0434782608696,23,0.0177865612648,1.33333333333,0.782608695652,1.5,1.28571428571,1.08529517305,1.38676605445,0.676328502415,0.78271848154,2.00028056393,0.80193236715,0.656376446504,1.6774064744,0.743961352657,0.617505571888,0.463129178916,2.16666666667,1.80952380952,0.852168103246,2.16666666667,0.2,0.272727272727,1,0.000564652738566,0.0833333333333,23,7,7,0.304347826087,0,0.173913043478,0.130434782609,0.130434782609,23,56,0.110671936759,2.69496131172,4.86956521739,2.66666666667,3.29411764706,4.07101001345,0.836010984906,0.388198757764,2.62550578602,1.07833273354,0.44099378882,3.67826647604,1.51071658837,0.616459627329,0.829843923488,0.307924243617,3.25847457627,2.69496131172,0.829843923488,3.25847457627,0.513139034878,0.23661971831,28,0.0158102766798,0.380335775336,23,23,23,1,0,0.0869565217391,0.652173913043,0.260869565217,-43,-0.0849802371542,0.505216126692,-3.73913043478,-3.93333333333,-1.20588235294,-0.528783760923,0.301691506064,0.0965869878913,-1.66438489503,0.0816914642087,-0.100069013112,0.763807496018,0.833620057662,0.260728402033,-0.246451921495,-0.183592236174,0.370214459413,0.505216126692,-0.246451921495,0.370214459413,0.161526396309,-0.222293050337,-93,-0.0525127046866,0.088570437499,-0.260869565217,0.0434782608696,0.217391304348,36,20,63,387,0.363636363636,0.95085995086,0.04914004914,0.636363636364,0.642857142857,0.363636363636,0.464516129032,0.397676650241,0.314496314496,0.302521008403,47,90,0,23,23,23,1,0,8,0,0.0386050732335,0,0,1,3.88826011686,0,16,NaN,1,ok,2.18974518502,0,23,7,7,0.304347826087,0,3,0,0.166666666667,0,0,1,3.16666666667,0,16,NaN,1,ok,1.80952380952,0,23,23,23,1,0,2,0,0.00519406204263,0,0,1,4.25847457627,0,16,NaN,1,ok,2.69496131172,0,0,0,0
8,WLNM_dir_neg,0.724290123457,0.461135505389,00:00:06,10,10,8,505464054,fixed,validated_v2,/gpfs/scratch/acw792/wlnm_roleonly_v2_20260910/result_wlnm_dir_neg_roleonly_trophicv2_100x290_train10-90_Apocrita_20260910_011848/ecological_snapshots/Broadstone_Stream_tax_mass_K10_ratio0.1_exp8_seed505464054_threshold0.5_validated_v2.mat,role_only,2,uniform_without_replacement,uniform_remaining_nonlinks,176,0,176,407,198,198,176,22,0,22,0.111111111111,18,180,0.5,0.590909090909,0.288888888889,0.388059701493,26,18,64,162,0.288888888889,0.9,0.1,0.711111111111,0.590909090909,0.288888888889,0.388059701493,0.696296296296,0.612345679012,0.216560509554,0.241092311814,0.188888888889,99,9,90,0,99,0,9,0,90,23,99,0.195652173913,2.18974518502,8.60869565217,6.6,4.5,4.59979377438,0.534319478842,0.291611769873,4.28989068105,0.996641269334,0.541062801932,2.91445898002,0.677096530713,0.355731225296,1.07629584498,0.491516479791,2.88826011686,2.18974518502,1.07629584498,2.88826011686,0.351612638569,0.458912768647,121,0.0683229813665,0.291765337837,23,23,23,1,0,0.347826086957,0.608695652174,0.0434782608696,23,0.0177865612648,1.47826086957,0.782608695652,1.125,1.28571428571,0.850482309106,1.08672739497,0.565217391304,0.583027399542,1.48995890994,0.685990338164,0.656376446504,1.6774064744,0.743961352657,0.730477130337,0.494146294051,2,1.8,0.836660026534,2,0,0,0,0,0.0535714285714,23,5,5,0.217391304348,0,0.173913043478,0.130434782609,0.217391304348,23,53,0.104743083004,1,4.60869565217,2.52380952381,4.41666666667,4.16412307078,0.903536138,0.429860541427,1.71715363343,0.745179878657,0.383921246924,3.92468623655,1.70316572529,0.730106644791,0,0,0,NaN,NaN,NaN,0.378064373898,0.210526315789,20,0.0112930547713,0.36936318972,23,21,0,0.913043478261,6,0,0.521739130435,0.391304347826,-46,-0.0909090909091,-1.18974518502,-4,-4.07619047619,-0.0833333333333,-0.435670703595,0.369216659158,0.138248771555,-2.57273704762,-0.251461390677,-0.157141555009,1.01022725652,1.02606919458,0.374375419494,-1.07629584498,-0.491516479791,-2.88826011686,NaN,NaN,NaN,0.0264517353285,-0.248386452858,-101,-0.0570299265951,0.0775978518836,-0.347826086957,-0.0869565217391,0.347826086957,35,18,64,389,0.353535353535,0.955773955774,0.044226044226,0.646464646465,0.660377358491,0.353535353535,0.460526315789,0.400701305427,0.309309309309,0.299145299145,44,90,0,23,23,23,1,0,8,0,0.0386050732335,0,0,1,3.88826011686,0,16,NaN,1,ok,2.18974518502,0,23,5,5,0.217391304348,0,2,0,0.114285714286,0,0,1,3,0,16,NaN,1,ok,1.8,0,23,21,0,0.913043478261,6,0,21,NaN,NaN,NaN,NaN,NaN,0,0,NaN,0,no_basal_in_lcc,NaN,2,0,0,0
9,WLNM_dir_neg,0.672716049383,0.609258342518,00:00:06,10,10,9,505464055,fixed,validated_v2,/gpfs/scratch/acw792/wlnm_roleonly_v2_20260910/result_wlnm_dir_neg_roleonly_trophicv2_100x290_train10-90_Apocrita_20260910_011848/ecological_snapshots/Broadstone_Stream_tax_mass_K10_ratio0.1_exp9_seed505464055_threshold0.5_validated_v2.mat,role_only,2,uniform_without_replacement,uniform_remaining_nonlinks,176,0,176,407,198,198,176,22,0,22,0.111111111111,18,180,0.5,0.828571428571,0.322222222222,0.464,29,6,61,174,0.322222222222,0.966666666667,0.0333333333333,0.677777777778,0.828571428571,0.322222222222,0.464,0.751851851852,0.623456790123,0.340983606557,0.405434211304,0.288888888889,99,9,90,0,99,0,9,0,90,23,99,0.195652173913,2.18974518502,8.60869565217,6.6,4.5,4.59979377438,0.534319478842,0.291611769873,4.28989068105,0.996641269334,0.541062801932,2.91445898002,0.677096530713,0.355731225296,1.07629584498,0.491516479791,2.88826011686,2.18974518502,1.07629584498,2.88826011686,0.351612638569,0.458912768647,121,0.0683229813665,0.291765337837,23,23,23,1,0,0.347826086957,0.608695652174,0.0434782608696,23,0.0177865612648,1.39130434783,0.782608695652,1.125,1.125,0.671262158456,0.857723869139,0.434782608696,0.583027399542,1.48995890994,0.685990338164,0.583027399542,1.48995890994,0.685990338164,0.583027399542,0.419050943421,2,2,0.816496580928,2,0,0,0,0,0.0357142857143,23,4,4,0.173913043478,0,0.304347826087,0.0434782608696,0.304347826087,23,44,0.0869565217391,1.40234113712,3.82608695652,5.5,2,2.88652313524,0.754432183074,0.387351778656,3.16102750093,1.65235528458,0.749011857708,1.16435871848,0.608642057386,0.314229249012,0.57817316677,0.412291382934,1.53076923077,1.40234113712,0.57817316677,1.53076923077,0.14531024531,0.106060606061,7,0.00395256916996,0.156518184197,23,23,23,1,0,0.652173913043,0.304347826087,0.0434782608696,-55,-0.108695652174,-0.787404047901,-4.78260869565,-1.1,-2.5,-1.71327063914,0.220112704232,0.0957400087835,-1.12886318011,0.655714015245,0.207949055775,-1.75010026155,-0.0684544733264,-0.0415019762846,-0.498122678214,-0.0792250968575,-1.35749088609,-0.787404047901,-0.498122678214,-1.35749088609,-0.206302393259,-0.352852162587,-114,-0.0643704121965,-0.13524715364,0.304347826087,-0.304347826087,0,38,6,61,401,0.383838383838,0.985257985258,0.014742014742,0.616161616162,0.863636363636,0.383838383838,0.531468531469,0.519645593418,0.369096369096,0.361904761905,35,90,0,23,23,23,1,0,8,0,0.0386050732335,0,0,1,3.88826011686,0,16,NaN,1,ok,2.18974518502,0,23,4,4,0.173913043478,0,1,0,0.0833333333333,0,0,1,3,0,16,NaN,1,ok,2,0,23,23,23,1,0,15,0,0.168257563501,0,0,1,2.53076923077,0,16,NaN,1,ok,1.40234113712,0,0,0,0
10,WLNM_dir_neg,0.546790123457,0.508534239127,00:00:06,10,10,10,505464056,fixed,validated_v2,/gpfs/scratch/acw792/wlnm_roleonly_v2_20260910/result_wlnm_dir_neg_roleonly_trophicv2_100x290_train10-90_Apocrita_20260910_011848/ecological_snapshots/Broadstone_Stream_tax_mass_K10_ratio0.1_exp10_seed505464056_threshold0.5_validated_v2.mat,role_only,2,uniform_without_replacement,uniform_remaining_nonlinks,176,0,176,407,198,198,176,22,0,22,0.111111111111,18,180,0.5,0.76,0.211111111111,0.330434782609,19,6,71,174,0.211111111111,0.966666666667,0.0333333333333,0.788888888889,0.76,0.211111111111,0.330434782609,0.714814814815,0.635802469136,0.216949152542,0.28912252893,0.177777777778,99,9,90,0,99,0,9,0,90,23,99,0.195652173913,2.18974518502,8.60869565217,6.6,4.5,4.59979377438,0.534319478842,0.291611769873,4.28989068105,0.996641269334,0.541062801932,2.91445898002,0.677096530713,0.355731225296,1.07629584498,0.491516479791,2.88826011686,2.18974518502,1.07629584498,2.88826011686,0.351612638569,0.458912768647,121,0.0683229813665,0.291765337837,23,23,23,1,0,0.347826086957,0.608695652174,0.0434782608696,23,0.0177865612648,1.67391304348,0.782608695652,1.125,1.8,1.16605479908,1.48995890994,0.666666666667,0.583027399542,1.48995890994,0.685990338164,0.891328448532,2.27783936847,0.840579710145,1.06182407005,0.634336457431,3,2.92857142857,1.09653132759,3,0.444444444444,0.230769230769,1,0.000564652738566,0.142857142857,23,7,7,0.304347826087,0,0.130434782609,0.0869565217391,0.260869565217,23,34,0.0671936758893,1.65614821649,2.95652173913,4.25,2,3.08188638912,1.04240274926,0.529411764706,2.64350946518,1.78825640292,0.774936061381,1.3774008863,0.931771187791,0.460358056266,0.969256620319,0.58524751026,2.7381938155,1.83841160995,1.02662993218,2.7381938155,0.428518518519,0.284671532847,13,0.00734048560136,0.142809472274,23,18,18,0.782608695652,0,0.434782608696,0.304347826087,0.0434782608696,-65,-0.128458498024,-0.533596968539,-5.65217391304,-2.35,-2.5,-1.51790738526,0.508083270418,0.237799994833,-1.64638121587,0.791615133581,0.233873259449,-1.53705809372,0.254674657079,0.10462683097,-0.107039224664,0.0937310304683,-0.150066301358,-0.351333575071,-0.0496659128051,-0.150066301358,0.0769058799494,-0.174241235801,-108,-0.0609824957651,-0.148955865563,0.0869565217391,-0.304347826087,0,28,6,71,401,0.282828282828,0.985257985258,0.014742014742,0.717171717172,0.823529411765,0.282828282828,0.421052631579,0.424794527472,0.268086268086,0.266666666667,25,90,0,23,23,23,1,0,8,0,0.0386050732335,0,0,1,3.88826011686,0,16,NaN,1,ok,2.18974518502,0,23,7,7,0.304347826087,0,1,0,0.0408163265306,0,0,1,4,0,16,NaN,1,ok,2.92857142857,0,23,18,18,0.782608695652,0,10,0,0.085533368693,0,0,1,3.7381938155,0,16,NaN,1,ok,1.83841160995,0,0,0,0
11,WLNM_dir_neg,0.641141975309,0.598709563321,00:00:06,10,10,11,505464057,fixed,validated_v2,/gpfs/scratch/acw792/wlnm_roleonly_v2_20260910/result_wlnm_dir_neg_roleonly_trophicv2_100x290_train10-90_Apocrita_20260910_011848/ecological_snapshots/Broadstone_Stream_tax_mass_K10_ratio0.1_exp11_seed505464057_threshold0.5_validated_v2.mat,role_only,2,uniform_without_replacement,uniform_remaining_nonlinks,176,0,176,407,198,198,176,22,0,22,0.111111111111,18,180,0.5,0.764705882353,0.144444444444,0.242990654206,13,4,77,176,0.144444444444,0.977777777778,0.0222222222222,0.855555555556,0.764705882353,0.144444444444,0.242990654206,0.7,0.645679012346,0.15331010453,0.23720452073,0.122222222222,99,9,90,0,99,0,9,0,90,23,99,0.195652173913,2.18974518502,8.60869565217,6.6,4.5,4.59979377438,0.534319478842,0.291611769873,4.28989068105,0.996641269334,0.541062801932,2.91445898002,0.677096530713,0.355731225296,1.07629584498,0.491516479791,2.88826011686,2.18974518502,1.07629584498,2.88826011686,0.351612638569,0.458912768647,121,0.0683229813665,0.291765337837,23,23,23,1,0,0.347826086957,0.608695652174,0.0434782608696,23,0.0177865612648,1.53623188406,0.782608695652,1.5,1.28571428571,1.04257207029,1.33217542314,0.647342995169,0.78271848154,2.00028056393,0.80193236715,0.656376446504,1.6774064744,0.743961352657,1.10434920931,0.71886882493,4,2.86666666667,1.8043158137,4,0,0,0,0,0.0444444444444,23,5,5,0.217391304348,0,0.217391304348,0.0869565217391,0.173913043478,23,26,0.0513833992095,1.39450800915,2.26086956522,4.33333333333,1.44444444444,3.20819109758,1.41900760085,0.563545150502,3.01969817616,2.67127146353,0.859531772575,0.86887324246,0.768618637561,0.391304347826,0.710477542648,0.509482583093,1.91578947368,1.47756232687,0.758343032835,1.91578947368,0.344395604396,0.127118644068,5,0.00282326369283,0.101746031746,23,19,19,0.826086956522,0,0.565217391304,0.217391304348,0.0434782608696,-73,-0.144268774704,-0.795237175872,-6.34782608696,-2.26666666667,-3.05555555556,-1.3916026768,0.88468812201,0.271933380629,-1.27019250489,1.67463019419,0.318468970643,-2.04558573756,0.0915221068478,0.0355731225296,-0.365818302335,0.0179661033022,-0.972470643174,-0.712182858155,-0.317952812149,-0.972470643174,-0.00721703417356,-0.331794124579,-116,-0.0654997176736,-0.190019306091,0.217391304348,-0.391304347826,0,22,4,77,403,0.222222222222,0.990171990172,0.00982800982801,0.777777777778,0.846153846154,0.222222222222,0.352,0.381636748947,0.212394212394,0.21359223301,17,90,0,23,23,23,1,0,8,0,0.0386050732335,0,0,1,3.88826011686,0,16,NaN,1,ok,2.18974518502,0,23,5,5,0.217391304348,0,2,0,0.107142857143,0,0,1,5,0,16,NaN,1,ok,2.86666666667,0,23,19,19,0.826086956522,0,13,0,0.164502164502,0,0,1,2.91578947368,0,16,NaN,1,ok,1.47756232687,0,0,0,0
12,WLNM_dir_neg,0.645432098765,0.55263604039,00:00:05,10,10,12,505464058,fixed,validated_v2,/gpfs/scratch/acw792/wlnm_roleonly_v2_20260910/result_wlnm_dir_neg_roleonly_trophicv2_100x290_train10-90_Apocrita_20260910_011848/ecological_snapshots/Broadstone_Stream_tax_mass_K10_ratio0.1_exp12_seed505464058_threshold0.5_validated_v2.mat,role_only,2,uniform_without_replacement,uniform_remaining_nonlinks,176,0,176,407,198,198,176,22,0,22,0.111111111111,18,180,0.5,0.772727272727,0.377777777778,0.507462686567,34,10,56,170,0.377777777778,0.944444444444,0.0555555555556,0.622222222222,0.772727272727,0.377777777778,0.507462686567,0.755555555556,0.612345679012,0.369426751592,0.411275120153,0.322222222222,99,9,90,0,99,0,9,0,90,23,99,0.195652173913,2.18974518502,8.60869565217,6.6,4.5,4.59979377438,0.534319478842,0.291611769873,4.28989068105,0.996641269334,0.541062801932,2.91445898002,0.677096530713,0.355731225296,1.07629584498,0.491516479791,2.88826011686,2.18974518502,1.07629584498,2.88826011686,0.351612638569,0.458912768647,121,0.0683229813665,0.291765337837,23,23,23,1,0,0.347826086957,0.608695652174,0.0434782608696,23,0.0177865612648,1.32608695652,0.782608695652,1.28571428571,1.28571428571,0.850482309106,1.08672739497,0.550724637681,0.656376446504,1.6774064744,0.743961352657,0.722315118515,1.84591641398,0.753623188406,0.513647731519,0.387340912293,1.5,1.64285714286,0.626783170528,1.5,0,0,0,0,0.0952380952381,23,7,7,0.304347826087,0,0.260869565217,0.0434782608696,0.260869565217,23,53,0.104743083004,1.3855512933,4.60869565217,7.57142857143,2.40909090909,4.03100630832,0.874652312182,0.408531583265,4.24729628019,1.84316631027,0.78753076292,1.18455141524,0.514050614159,0.249384741591,0.612816123668,0.442290463463,1.78430483103,1.3855512933,0.612816123668,1.78430483103,0.424865538502,0.227405247813,26,0.0146809712027,0.188700415757,23,23,23,1,0,0.695652173913,0.260869565217,0.0434782608696,-46,-0.0909090909091,-0.804193891722,-4,0.971428571429,-2.09090909091,-0.568787466058,0.340332833341,0.116919813392,-0.0425944008591,0.846525040936,0.246467960988,-1.72990756479,-0.163045916554,-0.106346483705,-0.463479721316,-0.0492260163278,-1.10395528583,-0.804193891722,-0.463479721316,-1.10395528583,0.0732528999327,-0.231507520834,-95,-0.0536420101637,-0.10306492208,0.347826086957,-0.347826086957,0,43,10,56,397,0.434343434343,0.97542997543,0.02457002457,0.565656565657,0.811320754717,0.434343434343,0.565789473684,0.530849655292,0.409773409773,0.394495412844,44,90,0,23,23,23,1,0,8,0,0.0386050732335,0,0,1,3.88826011686,0,16,NaN,1,ok,2.18974518502,0,23,7,7,0.304347826087,0,3,0,0.0714285714286,0,0,1,2.5,0,16,NaN,1,ok,1.64285714286,0,23,23,23,1,0,16,0,0.186236113664,0,0,1,2.78430483103,0,16,NaN,1,ok,1.3855512933,0,0,0,0
13,WLNM_dir_neg,0.623148148148,0.609117831711,00:00:06,10,10,13,505464059,fixed,validated_v2,/gpfs/scratch/acw792/wlnm_roleonly_v2_20260910/result_wlnm_dir_neg_roleonly_trophicv2_100x290_train10-90_Apocrita_20260910_011848/ecological_snapshots/Broadstone_Stream_tax_mass_K10_ratio0.1_exp13_seed505464059_threshold0.5_validated_v2.mat,role_only,2,uniform_without_replacement,uniform_remaining_nonlinks,176,0,176,407,198,198,176,22,0,22,0.111111111111,18,180,0.5,0.844444444444,0.422222222222,0.562962962963,38,7,52,173,0.422222222222,0.961111111111,0.0388888888889,0.577777777778,0.844444444444,0.422222222222,0.562962962963,0.781481481481,0.611111111111,0.438095238095,0.484882574559,0.383333333333,99,9,90,0,99,0,9,0,90,23,99,0.195652173913,2.18974518502,8.60869565217,6.6,4.5,4.59979377438,0.534319478842,0.291611769873,4.28989068105,0.996641269334,0.541062801932,2.91445898002,0.677096530713,0.355731225296,1.07629584498,0.491516479791,2.88826011686,2.18974518502,1.07629584498,2.88826011686,0.351612638569,0.458912768647,121,0.0683229813665,0.291765337837,23,23,23,1,0,0.347826086957,0.608695652174,0.0434782608696,23,0.0177865612648,1.41304347826,0.782608695652,1.125,1.5,0.998021758696,1.275250025,0.608695652174,0.583027399542,1.48995890994,0.685990338164,0.891328448532,2.27783936847,0.811594202899,0.615189806502,0.435365093832,2,1.9375,0.67810134093,2,0,0,0,0,0.214285714286,23,8,8,0.347826086957,0,0.173913043478,0.0869565217391,0.260869565217,23,54,0.106719367589,1.43413050566,4.69565217391,6.75,2.34782608696,3.86634408722,0.823388092649,0.414653784219,4.06323533935,1.73063727417,0.766505636071,1.26522350351,0.538891492236,0.275362318841,0.627767112452,0.437733602327,1.57645908053,1.43413050566,0.627767112452,1.57645908053,0.338800643801,0.218023255814,25,0.0141163184641,0.205661955004,23,23,23,1,0,0.652173913043,0.347826086957,0,-45,-0.0889328063241,-0.755614679362,-3.91304347826,0.15,-2.15217391304,-0.733449687156,0.289068613807,0.123042014346,-0.226655341699,0.733996004832,0.225442834138,-1.64923547651,-0.138205038477,-0.0803689064559,-0.448528732532,-0.0537828774639,-1.31180103632,-0.755614679362,-0.448528732532,-1.31180103632,-0.0128119947685,-0.240889512833,-96,-0.0542066629023,-0.0861033828327,0.304347826087,-0.260869565217,-0.0434782608696,47,7,52,400,0.474747474747,0.982800982801,0.017199017199,0.525252525253,0.87037037037,0.474747474747,0.614379084967,0.587876094372,0.457548457548,0.443396226415,45,90,0,23,23,23,1,0,8,0,0.0386050732335,0,0,1,3.88826011686,0,16,NaN,1,ok,2.18974518502,0,23,8,8,0.347826086957,0,2,0,0.0307692307692,0,0,1,3,0,16,NaN,1,ok,1.9375,0,23,23,23,1,0,15,0,0.135771544934,0,0,1,2.57645908053,0,16,NaN,1,ok,1.43413050566,0,0,0,0
14,WLNM_dir_neg,0.629660493827,0.526507546829,00:00:06,10,10,14,505464060,fixed,validated_v2,/gpfs/scratch/acw792/wlnm_roleonly_v2_20260910/result_wlnm_dir_neg_roleonly_trophicv2_100x290_train10-90_Apocrita_20260910_011848/ecological_snapshots/Broadstone_Stream_tax_mass_K10_ratio0.1_exp14_seed505464060_threshold0.5_validated_v2.mat,role_only,2,uniform_without_replacement,uniform_remaining_nonlinks,176,0,176,407,198,198,176,22,0,22,0.111111111111,18,180,0.5,0.571428571429,0.133333333333,0.216216216216,12,9,78,171,0.133333333333,0.95,0.05,0.866666666667,0.571428571429,0.133333333333,0.216216216216,0.677777777778,0.640740740741,0.103092783505,0.146678662212,0.0833333333333,99,9,90,0,99,0,9,0,90,23,99,0.195652173913,2.18974518502,8.60869565217,6.6,4.5,4.59979377438,0.534319478842,0.291611769873,4.28989068105,0.996641269334,0.541062801932,2.91445898002,0.677096530713,0.355731225296,1.07629584498,0.491516479791,2.88826011686,2.18974518502,1.07629584498,2.88826011686,0.351612638569,0.458912768647,121,0.0683229813665,0.291765337837,23,23,23,1,0,0.347826086957,0.608695652174,0.0434782608696,23,0.0177865612648,1.30434782609,0.782608695652,1.28571428571,1.28571428571,0.735868178606,0.940276005996,0.487922705314,0.656376446504,1.6774064744,0.743961352657,0.656376446504,1.6774064744,0.743961352657,0.470471968897,0.360695176154,1,1.66666666667,0.57735026919,1,0,0,0,0,0.0952380952381,23,3,3,0.130434782609,0,0.304347826087,0,0.304347826087,23,30,0.0592885375494,1.92358366271,2.60869565217,2,1.76470588235,2.70922884759,1.03853772491,0.450724637681,2.28502601156,1.75185327553,0.626086956522,2.03234711174,1.55813278567,0.542028985507,0.811708889883,0.42197742974,2.5,1.96556473829,0.804848085771,2.5,0.381118881119,0.116279069767,5,0.00282326369283,0.320357420357,23,22,22,0.95652173913,0,0.304347826087,0.434782608696,0.217391304348,-69,-0.136363636364,-0.266161522311,-6,-4.6,-2.73529411765,-1.89056492679,0.504218246068,0.159112867809,-2.00486466948,0.755212006197,0.0850241545894,-0.882111868282,0.881036254957,0.186297760211,-0.2645869551,-0.0695390500508,-0.388260116858,-0.224180446733,-0.271447759213,-0.388260116858,0.0295062425497,-0.34263369888,-116,-0.0654997176736,0.0285920825207,-0.0434782608696,-0.173913043478,0.173913043478,21,9,78,398,0.212121212121,0.977886977887,0.022113022113,0.787878787879,0.7,0.212121212121,0.325581395349,0.319170702233,0.190008190008,0.194444444444,21,90,0,23,23,23,1,0,8,0,0.0386050732335,0,0,1,3.88826011686,0,16,NaN,1,ok,2.18974518502,0,23,3,3,0.130434782609,0,1,0,0.111111111111,0,0,1,2,0,16,NaN,1,ok,1.66666666667,0,23,22,22,0.95652173913,0,7,0,0.0072347266881,0,0,1,3.5,0,16,NaN,1,ok,1.96556473829,0,0,0,0
15,WLNM_dir_neg,0.63975308642,0.573125377756,00:00:06,10,10,15,505464061,fixed,validated_v2,/gpfs/scratch/acw792/wlnm_roleonly_v2_20260910/result_wlnm_dir_neg_roleonly_trophicv2_100x290_train10-90_Apocrita_20260910_011848/ecological_snapshots/Broadstone_Stream_tax_mass_K10_ratio0.1_exp15_seed505464061_threshold0.5_validated_v2.mat,role_only,2,uniform_without_replacement,uniform_remaining_nonlinks,176,0,176,407,198,198,176,22,0,22,0.111111111111,18,180,0.5,0.8,0.0888888888889,0.16,8,2,82,178,0.0888888888889,0.988888888889,0.0111111111111,0.911111111111,0.8,0.0888888888889,0.16,0.688888888889,0.654320987654,0.1,0.194145068679,0.0777777777778,99,9,90,0,99,0,9,0,90,23,99,0.195652173913,2.18974518502,8.60869565217,6.6,4.5,4.59979377438,0.534319478842,0.291611769873,4.28989068105,0.996641269334,0.541062801932,2.91445898002,0.677096530713,0.355731225296,1.07629584498,0.491516479791,2.88826011686,2.18974518502,1.07629584498,2.88826011686,0.351612638569,0.458912768647,121,0.0683229813665,0.291765337837,23,23,23,1,0,0.347826086957,0.608695652174,0.0434782608696,23,0.0177865612648,1.21739130435,0.782608695652,1.8,1.125,0.902346523799,1.15299833597,0.56038647343,0.891328448532,2.27783936847,0.840579710145,0.583027399542,1.48995890994,0.685990338164,0.421741167837,0.346430245009,1,1.28571428571,0.487950036474,1,0,0,0,0,0.02,23,7,7,0.304347826087,0,0.347826086957,0,0.217391304348,23,19,0.0375494071146,1.47938530735,1.65217391304,2.375,1.9,2.12364814009,1.28536597953,0.643020594966,1.61392164711,1.95369462545,0.787185354691,1.19286415873,1.44399345531,0.691075514874,0.712089739551,0.481341632917,1.89655172414,2.00287356322,0.820778392769,1.89655172414,0.683333333333,0.647058823529,11,0.00621118012422,0.0933673469388,23,9,9,0.391304347826,0,0.217391304348,0.217391304348,0.130434782609,-80,-0.158102766798,-0.710359877679,-6.95652173913,-4.225,-2.6,-2.47614563428,0.751046500689,0.351408825093,-2.67596903394,0.957053356112,0.246122552759,-1.72159482129,0.766896924594,0.335344289578,-0.364206105433,-0.0101748468747,-0.99170839272,-0.186871621806,-0.255517452215,-0.99170839272,0.331720694764,0.188146054882,-110,-0.0621118012422,-0.198397990898,-0.130434782609,-0.391304347826,0.0869565217391,17,2,82,405,0.171717171717,0.995085995086,0.004914004914,0.828282828283,0.894736842105,0.171717171717,0.28813559322,0.348078991832,0.166803166803,0.168316831683,10,90,0,23,23,23,1,0,8,0,0.0386050732335,0,0,1,3.88826011686,0,16,NaN,1,ok,2.18974518502,0,23,7,7,0.304347826087,0,5,0,0.36,0,0,1,2,0,16,NaN,1,ok,1.28571428571,0,23,9,9,0.391304347826,0,3,0,0.0757773713091,0,0,1,2.89655172414,0,16,NaN,1,ok,2.00287356322,0,0,0,0
16,WLNM_dir_neg,0.794444444444,0.617902843775,00:00:06,10,10,16,505464062,fixed,validated_v2,/gpfs/scratch/acw792/wlnm_roleonly_v2_20260910/result_wlnm_dir_neg_roleonly_trophicv2_100x290_train10-90_Apocrita_20260910_011848/ecological_snapshots/Broadstone_Stream_tax_mass_K10_ratio0.1_exp16_seed505464062_threshold0.5_validated_v2.mat,role_only,2,uniform_without_replacement,uniform_remaining_nonlinks,176,0,176,407,198,198,176,22,0,22,0.111111111111,18,180,0.5,0.758620689655,0.244444444444,0.36974789916,22,7,68,173,0.244444444444,0.961111111111,0.0388888888889,0.755555555556,0.758620689655,0.244444444444,0.36974789916,0.722222222222,0.630864197531,0.247491638796,0.312953062618,0.205555555556,99,9,90,0,99,0,9,0,90,23,99,0.195652173913,2.18974518502,8.60869565217,6.6,4.5,4.59979377438,0.534319478842,0.291611769873,4.28989068105,0.996641269334,0.541062801932,2.91445898002,0.677096530713,0.355731225296,1.07629584498,0.491516479791,2.88826011686,2.18974518502,1.07629584498,2.88826011686,0.351612638569,0.458912768647,121,0.0683229813665,0.291765337837,23,23,23,1,0,0.347826086957,0.608695652174,0.0434782608696,23,0.0177865612648,1.60869565217,0.782608695652,1.125,1.125,0.795242772488,1.01614354262,0.531400966184,0.583027399542,1.48995890994,0.685990338164,0.583027399542,1.48995890994,0.685990338164,1.0761518326,0.668959247289,4,2.57142857143,1.51185789204,4,0,0,0,0,0.0178571428571,23,7,7,0.304347826087,0,0.217391304348,0.130434782609,0.217391304348,23,38,0.0750988142292,2.95652173913,3.30434782609,1.9,2.92307692308,3.02166093111,0.914450018626,0.423340961098,1.46500684616,0.886714670043,0.427917620137,2.63902006007,1.59730161531,0.672768878719,0.938738933955,0.317514639426,3.08333333333,3.04545454545,0.855934493769,3.08333333333,0.30873694207,0.219101123596,13,0.00734048560136,0.351629072682,23,22,22,0.95652173913,0,0.0869565217391,0.478260869565,0.391304347826,-61,-0.120553359684,0.766776554106,-5.30434782609,-4.7,-1.57692307692,-1.57813284327,0.380130539784,0.131729191226,-2.82488383489,-0.109926599291,-0.113145181795,-0.275438919951,0.920205084595,0.317037653422,-0.137556911029,-0.174001840365,0.195073216476,0.85570936043,-0.220361351214,0.195073216476,-0.0428756964989,-0.239811645052,-108,-0.0609824957651,0.0598637348449,-0.260869565217,-0.130434782609,0.347826086957,31,7,68,400,0.313131313131,0.982800982801,0.017199017199,0.686868686869,0.815789473684,0.313131313131,0.452554744526,0.445443309838,0.295932295932,0.292452830189,29,90,0,23,23,23,1,0,8,0,0.0386050732335,0,0,1,3.88826011686,0,16,NaN,1,ok,2.18974518502,0,23,7,7,0.304347826087,0,2,0,0.0727272727273,0,0,1,5,0,16,NaN,1,ok,2.57142857143,0,23,22,22,0.95652173913,0,2,0,0.00421052631579,0,0,1,4.08333333333,0,16,NaN,1,ok,3.04545454545,0,0,0,0
17,WLNM_dir_neg,0.689228395062,0.523242702157,00:00:06,10,10,17,505464063,fixed,validated_v2,/gpfs/scratch/acw792/wlnm_roleonly_v2_20260910/result_wlnm_dir_neg_roleonly_trophicv2_100x290_train10-90_Apocrita_20260910_011848/ecological_snapshots/Broadstone_Stream_tax_mass_K10_ratio0.1_exp17_seed505464063_threshold0.5_validated_v2.mat,role_only,2,uniform_without_replacement,uniform_remaining_nonlinks,176,0,176,407,198,198,176,22,0,22,0.111111111111,18,180,0.5,0.777777777778,0.0777777777778,0.141414141414,7,2,83,178,0.0777777777778,0.988888888889,0.0111111111111,0.922222222222,0.777777777778,0.0777777777778,0.141414141414,0.685185185185,0.655555555556,0.0860215053763,0.175075243813,0.0666666666667,99,9,90,0,99,0,9,0,90,23,99,0.195652173913,2.18974518502,8.60869565217,6.6,4.5,4.59979377438,0.534319478842,0.291611769873,4.28989068105,0.996641269334,0.541062801932,2.91445898002,0.677096530713,0.355731225296,1.07629584498,0.491516479791,2.88826011686,2.18974518502,1.07629584498,2.88826011686,0.351612638569,0.458912768647,121,0.0683229813665,0.291765337837,23,23,23,1,0,0.347826086957,0.608695652174,0.0434782608696,23,0.0177865612648,1.21739130435,0.782608695652,1.8,1.28571428571,0.850482309106,1.08672739497,0.565217391304,0.78271848154,2.00028056393,0.80193236715,0.656376446504,1.6774064744,0.743961352657,0.421741167837,0.346430245009,1,1.4,0.547722557505,1,0,0,0,0,0.0666666666667,23,5,5,0.217391304348,0,0.304347826087,0,0.217391304348,23,18,0.0355731225296,1.35869565217,1.5652173913,2.57142857143,2.25,1.70096461821,1.08672739497,0.572463768116,1.44463023703,1.84591641398,0.782608695652,1.20440561497,1.53896273024,0.714975845411,0.568221342499,0.418210908079,1.5,1.85714285714,0.626783170528,1.5,0.606060606061,0.5,7,0.00395256916996,0.202380952381,23,7,7,0.304347826087,0,0.217391304348,0.130434782609,0.173913043478,-81,-0.160079051383,-0.831049532851,-7.04347826087,-4.02857142857,-2.25,-2.89882915616,0.552407916127,0.280851998243,-2.84526044402,0.849275144648,0.24154589372,-1.71005336505,0.861866199529,0.359244620114,-0.508074502485,-0.0733055717121,-1.38826011686,-0.332602327882,-0.449512674455,-1.38826011686,0.254447967491,0.0410872313527,-114,-0.0643704121965,-0.0893843854558,-0.130434782609,-0.478260869565,0.130434782609,16,2,83,405,0.161616161616,0.995085995086,0.004914004914,0.838383838384,0.888888888889,0.161616161616,0.273504273504,0.335616738079,0.156702156702,0.158415841584,9,90,0,23,23,23,1,0,8,0,0.0386050732335,0,0,1,3.88826011686,0,16,NaN,1,ok,2.18974518502,0,23,5,5,0.217391304348,0,3,0,0.25,0,0,1,2,0,16,NaN,1,ok,1.4,0,23,7,7,0.304347826087,0,2,0,0.0634920634921,0,0,1,2.5,0,16,NaN,1,ok,1.85714285714,0,0,0,0
18,WLNM_dir_neg,0.719567901235,0.622362329676,00:00:06,10,10,18,505464064,fixed,validated_v2,/gpfs/scratch/acw792/wlnm_roleonly_v2_20260910/result_wlnm_dir_neg_roleonly_trophicv2_100x290_train10-90_Apocrita_20260910_011848/ecological_snapshots/Broadstone_Stream_tax_mass_K10_ratio0.1_exp18_seed505464064_threshold0.5_validated_v2.mat,role_only,2,uniform_without_replacement,uniform_remaining_nonlinks,176,0,176,407,198,198,176,22,0,22,0.111111111111,18,180,0.5,0.705882352941,0.533333333333,0.607594936709,48,20,42,160,0.533333333333,0.888888888889,0.111111111111,0.466666666667,0.705882352941,0.533333333333,0.607594936709,0.77037037037,0.582716049383,0.449704142012,0.458530737038,0.422222222222,99,9,90,0,99,0,9,0,90,23,99,0.195652173913,2.18974518502,8.60869565217,6.6,4.5,4.59979377438,0.534319478842,0.291611769873,4.28989068105,0.996641269334,0.541062801932,2.91445898002,0.677096530713,0.355731225296,1.07629584498,0.491516479791,2.88826011686,2.18974518502,1.07629584498,2.88826011686,0.351612638569,0.458912768647,121,0.0683229813665,0.291765337837,23,23,23,1,0,0.347826086957,0.608695652174,0.0434782608696,23,0.0177865612648,1.26086956522,0.782608695652,1.5,1.28571428571,0.850482309106,1.08672739497,0.550724637681,0.78271848154,2.00028056393,0.80193236715,0.656376446504,1.6774064744,0.743961352657,0.448977758545,0.356085808501,1,1.4,0.547722557505,1,0,0,0,0,0.0888888888889,23,5,5,0.217391304348,0,0.304347826087,0,0.260869565217,23,77,0.152173913043,6.75329830642,6.69565217391,3.66666666667,3.5,4.99485901711,0.74598543762,0.365330321852,3.89181770633,1.16249100319,0.525127046866,3.7490446741,1.11984451304,0.433653303219,1.89526822072,0.280643344144,7.33333333333,6.75329830642,1.89526822072,7.33333333333,0.584905546287,0.342577487765,70,0.0395256916996,0.391807622898,23,23,23,1,0,0.0869565217391,0.869565217391,0.0434782608696,-22,-0.0434782608696,4.56355312139,-1.91304347826,-2.93333333333,-1,0.395065242731,0.211665958778,0.0737185519794,-0.398072974719,0.165849733855,-0.0159357550662,0.834585694073,0.442747982329,0.0779220779221,0.818972375732,-0.210873135647,4.44507321648,4.56355312139,0.818972375732,4.44507321648,0.233292907717,-0.116335280882,-51,-0.0287972896669,0.100042285061,-0.260869565217,0.260869565217,0,57,20,42,387,0.575757575758,0.95085995086,0.04914004914,0.424242424242,0.74025974026,0.575757575758,0.647727272727,0.581615674498,0.526617526618,0.478991596639,68,90,0,23,23,23,1,0,8,0,0.0386050732335,0,0,1,3.88826011686,0,16,NaN,1,ok,2.18974518502,0,23,5,5,0.217391304348,0,3,0,0.183673469388,0,0,1,2,0,16,NaN,1,ok,1.4,0,23,23,23,1,0,2,0,0.00144283040638,0,0,1,8.33333333333,0,16,NaN,1,ok,6.75329830642,0,0,0,0
19,WLNM_dir_neg,0.731296296296,0.622147631109,00:00:06,10,10,19,505464065,fixed,validated_v2,/gpfs/scratch/acw792/wlnm_roleonly_v2_20260910/result_wlnm_dir_neg_roleonly_trophicv2_100x290_train10-90_Apocrita_20260910_011848/ecological_snapshots/Broadstone_Stream_tax_mass_K10_ratio0.1_exp19_seed505464065_threshold0.5_validated_v2.mat,role_only,2,uniform_without_replacement,uniform_remaining_nonlinks,176,0,176,407,198,198,176,22,0,22,0.111111111111,18,180,0.5,0.860465116279,0.411111111111,0.556390977444,37,6,53,174,0.411111111111,0.966666666667,0.0333333333333,0.588888888889,0.860465116279,0.411111111111,0.556390977444,0.781481481481,0.613580246914,0.434504792332,0.486683652241,0.377777777778,99,9,90,0,99,0,9,0,90,23,99,0.195652173913,2.18974518502,8.60869565217,6.6,4.5,4.59979377438,0.534319478842,0.291611769873,4.28989068105,0.996641269334,0.541062801932,2.91445898002,0.677096530713,0.355731225296,1.07629584498,0.491516479791,2.88826011686,2.18974518502,1.07629584498,2.88826011686,0.351612638569,0.458912768647,121,0.0683229813665,0.291765337837,23,23,23,1,0,0.347826086957,0.608695652174,0.0434782608696,23,0.0177865612648,1.36956521739,0.782608695652,1.125,1.28571428571,0.735868178606,0.940276005996,0.487922705314,0.583027399542,1.48995890994,0.685990338164,0.656376446504,1.6774064744,0.743961352657,0.526942107057,0.384751379756,1.5,1.7,0.67082039325,1.5,0,0,0,0,0.0535714285714,23,5,5,0.217391304348,0,0.260869565217,0.0434782608696,0.304347826087,23,52,0.102766798419,1.61976306833,4.52173913043,5.77777777778,2.6,3.62904401658,0.802577042129,0.423076923077,3.53189868207,1.56218595553,0.729096989967,1.54382615909,0.682846185751,0.371237458194,0.814560940953,0.502888945229,2.28571428571,1.67878812246,0.829332079584,2.28571428571,0.356808688388,0.291666666667,28,0.0158102766798,0.177763330247,23,21,21,0.913043478261,0,0.521739130435,0.347826086957,0.0434782608696,-47,-0.0928853754941,-0.569982116696,-4.08695652174,-0.822222222222,-1.9,-0.970749757793,0.268257563287,0.131465153204,-0.757991998979,0.565544686196,0.188034188034,-1.37063282094,0.00574965503797,0.0155062328975,-0.26173490403,0.0113724654377,-0.602545831144,-0.510957062569,-0.2469637654,-0.602545831144,0.00519604981848,-0.167246101981,-93,-0.0525127046866,-0.11400200759,0.173913043478,-0.260869565217,0,46,6,53,401,0.464646464646,0.985257985258,0.014742014742,0.535353535354,0.884615384615,0.464646464646,0.609271523179,0.587767396911,0.449904449904,0.438095238095,43,90,0,23,23,23,1,0,8,0,0.0386050732335,0,0,1,3.88826011686,0,16,NaN,1,ok,2.18974518502,0,23,5,5,0.217391304348,0,2,0,0.16,0,0,1,2.5,0,16,NaN,1,ok,1.7,0,23,21,21,0.913043478261,0,12,0,0.150098347805,0,0,1,3.28571428571,0,16,NaN,1,ok,1.67878812246,0,0,0,0
20,WLNM_dir_neg,0.546388888889,0.473309710814,00:00:06,10,10,20,505464066,fixed,validated_v2,/gpfs/scratch/acw792/wlnm_roleonly_v2_20260910/result_wlnm_dir_neg_roleonly_trophicv2_100x290_train10-90_Apocrita_20260910_011848/ecological_snapshots/Broadstone_Stream_tax_mass_K10_ratio0.1_exp20_seed505464066_threshold0.5_validated_v2.mat,role_only,2,uniform_without_replacement,uniform_remaining_nonlinks,176,0,176,407,198,198,176,22,0,22,0.111111111111,18,180,0.5,0.916666666667,0.244444444444,0.385964912281,22,2,68,178,0.244444444444,0.988888888889,0.0111111111111,0.755555555556,0.916666666667,0.244444444444,0.385964912281,0.740740740741,0.637037037037,0.285714285714,0.386510341262,0.233333333333,99,9,90,0,99,0,9,0,90,23,99,0.195652173913,2.18974518502,8.60869565217,6.6,4.5,4.59979377438,0.534319478842,0.291611769873,4.28989068105,0.996641269334,0.541062801932,2.91445898002,0.677096530713,0.355731225296,1.07629584498,0.491516479791,2.88826011686,2.18974518502,1.07629584498,2.88826011686,0.351612638569,0.458912768647,121,0.0683229813665,0.291765337837,23,23,23,1,0,0.347826086957,0.608695652174,0.0434782608696,23,0.0177865612648,1.28260869565,0.782608695652,1.5,1,0.735868178606,0.940276005996,0.487922705314,0.722315118515,1.84591641398,0.782608695652,0.499010879348,1.275250025,0.608695652174,0.496031683293,0.386736566635,1.5,1.625,0.75,1.5,0,0,0,0,0,23,4,4,0.173913043478,0,0.347826086957,0.0434782608696,0.217391304348,23,33,0.0652173913043,1.27432712215,2.86956521739,5.5,2.0625,2.05170323537,0.714987491112,0.386034255599,2.5553168627,1.78097841945,0.769433465086,1.199472875,0.835996246214,0.450592885375,0.473687663266,0.371715907973,1.16666666667,1.30045351474,0.488442164191,1.16666666667,0.0380952380952,0.0555555555556,2,0.00112930547713,0.207010582011,23,21,21,0.913043478261,0,0.652173913043,0.0434782608696,0.217391304348,-66,-0.130434782609,-0.915418062872,-5.73913043478,-1.1,-2.4375,-2.54809053901,0.18066801227,0.0944224857268,-1.73457381835,0.78433715012,0.228370663153,-1.71498610502,0.158899715501,0.0948616600791,-0.602608181717,-0.119800571818,-1.72159345019,-0.889291670286,-0.587853680792,-1.72159345019,-0.313517400474,-0.403357213092,-119,-0.0671936758893,-0.0847547558262,0.304347826087,-0.565217391304,0.173913043478,31,2,68,405,0.313131313131,0.995085995086,0.004914004914,0.686868686869,0.939393939394,0.313131313131,0.469696969697,0.495204160585,0.308217308217,0.306930693069,24,90,0,23,23,23,1,0,8,0,0.0386050732335,0,0,1,3.88826011686,0,16,NaN,1,ok,2.18974518502,0,23,4,4,0.173913043478,0,2,0,0.2,0,0,1,2.5,0,16,NaN,1,ok,1.625,0,23,21,21,0.913043478261,0,15,0,0.278842141204,0,0,1,2.16666666667,0,16,NaN,1,ok,1.30045351474,0,0,0,0
21,WLNM_dir_neg,0.77037037037,0.620674216079,00:00:09,10,10,21,505464067,fixed,validated_v2,/gpfs/scratch/acw792/wlnm_roleonly_v2_20260910/result_wlnm_dir_neg_roleonly_trophicv2_100x290_train10-90_Apocrita_20260910_011848/ecological_snapshots/Broadstone_Stream_tax_mass_K10_ratio0.1_exp21_seed505464067_threshold0.5_validated_v2.mat,role_only,2,uniform_without_replacement,uniform_remaining_nonlinks,176,0,176,407,198,198,176,22,0,22,0.111111111111,18,180,0.5,0.746031746032,0.522222222222,0.614379084967,47,16,43,164,0.522222222222,0.911111111111,0.0888888888889,0.477777777778,0.746031746032,0.522222222222,0.614379084967,0.781481481481,0.588888888889,0.468468468468,0.482974450899,0.433333333333,99,9,90,0,99,0,9,0,90,23,99,0.195652173913,2.18974518502,8.60869565217,6.6,4.5,4.59979377438,0.534319478842,0.291611769873,4.28989068105,0.996641269334,0.541062801932,2.91445898002,0.677096530713,0.355731225296,1.07629584498,0.491516479791,2.88826011686,2.18974518502,1.07629584498,2.88826011686,0.351612638569,0.458912768647,121,0.0683229813665,0.291765337837,23,23,23,1,0,0.347826086957,0.608695652174,0.0434782608696,23,0.0177865612648,1.47826086957,0.782608695652,1.125,1.28571428571,0.902346523799,1.15299833597,0.56038647343,0.583027399542,1.48995890994,0.685990338164,0.656376446504,1.6774064744,0.743961352657,0.730477130337,0.494146294051,2,2.14285714286,0.899735410842,2,0,0,0,0,0.0535714285714,23,7,7,0.304347826087,0,0.217391304348,0.0869565217391,0.260869565217,23,72,0.142292490119,1,6.26086956522,3.78947368421,3.13043478261,4.81680195022,0.769350311494,0.407004830918,3.95778114864,1.26429120026,0.599033816425,2.51005881543,0.801824343818,0.404589371981,0,0,0,30.5077535842,15.2319005073,41.6336702815,0.601220748948,0.419624217119,67,0.0378317334839,0.27782072051,23,23,23,1,0,0.173913043478,0.826086956522,0,-27,-0.0533596837945,-1.18974518502,-2.34782608696,-2.81052631579,-1.36956521739,0.217008175845,0.235030832652,0.115393061045,-0.332109532404,0.267649930927,0.0579710144928,-0.404400164595,0.124727813105,0.0488581466842,-1.07629584498,-0.491516479791,-2.88826011686,28.3180083992,14.1556046623,38.7454101647,0.249608110379,-0.0392885515283,-54,-0.0304912478826,-0.0139446173269,-0.173913043478,0.217391304348,-0.0434782608696,56,16,43,391,0.565656565657,0.960687960688,0.039312039312,0.434343434343,0.777777777778,0.565656565657,0.654970760234,0.597686986284,0.526344526345,0.486956521739,63,90,0,23,23,23,1,0,8,0,0.0386050732335,0,0,1,3.88826011686,0,16,NaN,1,ok,2.18974518502,0,23,7,7,0.304347826087,0,2,0,0.0666666666667,0,0,1,3,0,16,NaN,1,ok,2.14285714286,0,23,23,23,1,0,4,0,0.000474764761434,0,0,1,42.6336702815,1,16,NaN,1,ok,NaN,3,0,0,0
22,WLNM_dir_neg,0.591975308642,0.554035189484,00:00:06,10,10,22,505464068,fixed,validated_v2,/gpfs/scratch/acw792/wlnm_roleonly_v2_20260910/result_wlnm_dir_neg_roleonly_trophicv2_100x290_train10-90_Apocrita_20260910_011848/ecological_snapshots/Broadstone_Stream_tax_mass_K10_ratio0.1_exp22_seed505464068_threshold0.5_validated_v2.mat,role_only,2,uniform_without_replacement,uniform_remaining_nonlinks,176,0,176,407,198,198,176,22,0,22,0.111111111111,18,180,0.5,0.741935483871,0.255555555556,0.380165289256,23,8,67,172,0.255555555556,0.955555555556,0.0444444444444,0.744444444444,0.741935483871,0.255555555556,0.380165289256,0.722222222222,0.628395061728,0.252491694352,0.312168301489,0.211111111111,99,9,90,0,99,0,9,0,90,23,99,0.195652173913,2.18974518502,8.60869565217,6.6,4.5,4.59979377438,0.534319478842,0.291611769873,4.28989068105,0.996641269334,0.541062801932,2.91445898002,0.677096530713,0.355731225296,1.07629584498,0.491516479791,2.88826011686,2.18974518502,1.07629584498,2.88826011686,0.351612638569,0.458912768647,121,0.0683229813665,0.291765337837,23,23,23,1,0,0.347826086957,0.608695652174,0.0434782608696,23,0.0177865612648,1.30434782609,0.782608695652,1.28571428571,1.5,0.951387586592,1.2156619162,0.565217391304,0.656376446504,1.6774064744,0.743961352657,0.891328448532,2.27783936847,0.811594202899,0.470471968897,0.360695176154,1,1.66666666667,0.516397779494,1,0,0,0,0,0.214285714286,23,6,6,0.260869565217,0,0.260869565217,0,0.304347826087,23,40,0.0790513833992,1.38442780205,3.47826086957,5.71428571429,1.90476190476,3.27344085326,0.941114245311,0.461956521739,3.17972828033,1.82834376119,0.784782608696,1.09616651457,0.630295745879,0.332608695652,0.603662595117,0.43603761368,1.54864433812,1.40190179305,0.611885665067,1.54864433812,0.466666666667,0.259459459459,16,0.00903444381705,0.13655445084,23,22,22,0.95652173913,0,0.652173913043,0.260869565217,0.0434782608696,-59,-0.116600790514,-0.805317382977,-5.13043478261,-0.885714285714,-2.59523809524,-1.32635292112,0.406794766469,0.170344751866,-1.11016240071,0.831702491858,0.243719806763,-1.81829246545,-0.0468007848341,-0.0231225296443,-0.472633249867,-0.0554788661116,-1.33961577874,-0.787843391975,-0.464410179916,-1.33961577874,0.115054028098,-0.199453309188,-105,-0.0592885375494,-0.155210886997,0.304347826087,-0.347826086957,0,32,8,67,399,0.323232323232,0.980343980344,0.019656019656,0.676767676768,0.8,0.323232323232,0.460431654676,0.446333738452,0.303576303576,0.299065420561,31,90,0,23,23,23,1,0,8,0,0.0386050732335,0,0,1,3.88826011686,0,16,NaN,1,ok,2.18974518502,0,23,6,6,0.260869565217,0,2,0,0.0493827160494,0,0,1,2,0,16,NaN,1,ok,1.66666666667,0,23,22,22,0.95652173913,0,15,0,0.223745471078,0,0,1,2.54864433812,0,16,NaN,1,ok,1.40190179305,0,0,0,0
23,WLNM_dir_neg,0.678549382716,0.535107408803,00:00:06,10,10,23,505464069,fixed,validated_v2,/gpfs/scratch/acw792/wlnm_roleonly_v2_20260910/result_wlnm_dir_neg_roleonly_trophicv2_100x290_train10-90_Apocrita_20260910_011848/ecological_snapshots/Broadstone_Stream_tax_mass_K10_ratio0.1_exp23_seed505464069_threshold0.5_validated_v2.mat,role_only,2,uniform_without_replacement,uniform_remaining_nonlinks,176,0,176,407,198,198,176,22,0,22,0.111111111111,18,180,0.5,0.48275862069,0.311111111111,0.378378378378,28,30,62,150,0.311111111111,0.833333333333,0.166666666667,0.688888888889,0.48275862069,0.311111111111,0.378378378378,0.659259259259,0.595061728395,0.158536585366,0.165796906435,0.144444444444,99,9,90,0,99,0,9,0,90,23,99,0.195652173913,2.18974518502,8.60869565217,6.6,4.5,4.59979377438,0.534319478842,0.291611769873,4.28989068105,0.996641269334,0.541062801932,2.91445898002,0.677096530713,0.355731225296,1.07629584498,0.491516479791,2.88826011686,2.18974518502,1.07629584498,2.88826011686,0.351612638569,0.458912768647,121,0.0683229813665,0.291765337837,23,23,23,1,0,0.347826086957,0.608695652174,0.0434782608696,23,0.0177865612648,1.30434782609,0.782608695652,1.5,1.125,0.951387586592,1.2156619162,0.565217391304,0.78271848154,2.00028056393,0.80193236715,0.583027399542,1.48995890994,0.685990338164,0.558795995357,0.428410263107,2,1.6,0.894427191,2,0,0,0,0,0.0333333333333,23,5,5,0.217391304348,0,0.304347826087,0.0434782608696,0.217391304348,23,67,0.132411067194,NaN,5.82608695652,2.91304347826,3.72222222222,5.84381704269,1.00304322375,0.426995457495,2.84306242502,0.975976653366,0.390655418559,4.49153793744,1.54187123226,0.616482803374,NaN,NaN,NaN,NaN,NaN,NaN,0.632863043389,0.262697022767,50,0.0282326369283,0.4250604468,23,23,0,1,6,0,0.782608695652,0.217391304348,-32,-0.0632411067194,NaN,-2.78260869565,-3.68695652174,-0.777777777778,1.24402326831,0.468723744904,0.135383687622,-1.44682825603,-0.0206646159686,-0.150407383373,1.57707895742,0.864774701543,0.260751578078,NaN,NaN,NaN,NaN,NaN,NaN,0.28125040482,-0.19621574588,-71,-0.0400903444382,0.133295108963,-0.347826086957,0.173913043478,0.173913043478,37,30,62,377,0.373737373737,0.92628992629,0.0737100737101,0.626262626263,0.55223880597,0.373737373737,0.44578313253,0.351160706571,0.300027300027,0.286821705426,58,90,0,23,23,23,1,0,8,0,0.0386050732335,0,0,1,3.88826011686,0,16,NaN,1,ok,2.18974518502,0,23,5,5,0.217391304348,0,3,0,0.25,0,0,1,3,0,16,NaN,1,ok,1.6,0,23,23,0,1,6,0,23,NaN,NaN,NaN,NaN,NaN,0,0,NaN,0,no_basal_in_lcc,NaN,2,0,0,0
24,WLNM_dir_neg,0.567098765432,0.53232572988,00:00:06,10,10,24,505464070,fixed,validated_v2,/gpfs/scratch/acw792/wlnm_roleonly_v2_20260910/result_wlnm_dir_neg_roleonly_trophicv2_100x290_train10-90_Apocrita_20260910_011848/ecological_snapshots/Broadstone_Stream_tax_mass_K10_ratio0.1_exp24_seed505464070_threshold0.5_validated_v2.mat,role_only,2,uniform_without_replacement,uniform_remaining_nonlinks,176,0,176,407,198,198,176,22,0,22,0.111111111111,18,180,0.5,0.833333333333,0.222222222222,0.350877192982,20,4,70,176,0.222222222222,0.977777777778,0.0222222222222,0.777777777778,0.833333333333,0.222222222222,0.350877192982,0.725925925926,0.637037037037,0.244897959184,0.331294578225,0.2,99,9,90,0,99,0,9,0,90,23,99,0.195652173913,2.18974518502,8.60869565217,6.6,4.5,4.59979377438,0.534319478842,0.291611769873,4.28989068105,0.996641269334,0.541062801932,2.91445898002,0.677096530713,0.355731225296,1.07629584498,0.491516479791,2.88826011686,2.18974518502,1.07629584498,2.88826011686,0.351612638569,0.458912768647,121,0.0683229813665,0.291765337837,23,23,23,1,0,0.347826086957,0.608695652174,0.0434782608696,23,0.0177865612648,1.26086956522,0.782608695652,1.5,1.5,0.951387586592,1.2156619162,0.6038647343,0.78271848154,2.00028056393,0.80193236715,0.78271848154,2.00028056393,0.80193236715,0.448977758545,0.356085808501,1,1.5,0.547722557505,1,0,0,0,0,0.177777777778,23,6,6,0.260869565217,0,0.260869565217,0,0.260869565217,23,33,0.0652173913043,1.30566534914,2.86956521739,5.5,1.65,3.25163382466,1.13314512071,0.508563899868,3.34155770639,2.32896446203,0.843214756258,0.945135245566,0.658730625698,0.345191040843,0.53568721423,0.410279107569,1.50252525253,1.33477633478,0.552651715019,1.50252525253,0.574143804913,0.23595505618,14,0.00790513833992,0.131026359262,23,21,21,0.913043478261,0,0.652173913043,0.217391304348,0.0434782608696,-66,-0.130434782609,-0.884079835881,-5.73913043478,-1.1,-2.85,-1.34815994972,0.598825641872,0.216952129996,-0.948332974657,1.3323231927,0.302151954326,-1.96932373446,-0.0183659050152,-0.0105401844532,-0.540608630753,-0.0812373722224,-1.38573486433,-0.854968850249,-0.523644129964,-1.38573486433,0.222531166344,-0.222957712468,-107,-0.0604178430265,-0.160738978575,0.304347826087,-0.391304347826,0,29,4,70,403,0.292929292929,0.990171990172,0.00982800982801,0.707070707071,0.878787878788,0.292929292929,0.439393939394,0.454850942893,0.283101283101,0.281553398058,24,90,0,23,23,23,1,0,8,0,0.0386050732335,0,0,1,3.88826011686,0,16,NaN,1,ok,2.18974518502,0,23,6,6,0.260869565217,0,3,0,0.09,0,0,1,2,0,16,NaN,1,ok,1.5,0,23,21,21,0.913043478261,0,15,0,0.124580536913,0,0,1,2.50252525253,0,16,NaN,1,ok,1.33477633478,0,0,0,0
25,WLNM_dir_neg,0.663703703704,0.610599199969,00:00:06,10,10,25,505464071,fixed,validated_v2,/gpfs/scratch/acw792/wlnm_roleonly_v2_20260910/result_wlnm_dir_neg_roleonly_trophicv2_100x290_train10-90_Apocrita_20260910_011848/ecological_snapshots/Broadstone_Stream_tax_mass_K10_ratio0.1_exp25_seed505464071_threshold0.5_validated_v2.mat,role_only,2,uniform_without_replacement,uniform_remaining_nonlinks,176,0,176,407,198,198,176,22,0,22,0.111111111111,18,180,0.5,0.780487804878,0.355555555556,0.488549618321,32,9,58,171,0.355555555556,0.95,0.05,0.644444444444,0.780487804878,0.355555555556,0.488549618321,0.751851851852,0.616049382716,0.353697749196,0.401363635788,0.305555555556,99,9,90,0,99,0,9,0,90,23,99,0.195652173913,2.18974518502,8.60869565217,6.6,4.5,4.59979377438,0.534319478842,0.291611769873,4.28989068105,0.996641269334,0.541062801932,2.91445898002,0.677096530713,0.355731225296,1.07629584498,0.491516479791,2.88826011686,2.18974518502,1.07629584498,2.88826011686,0.351612638569,0.458912768647,121,0.0683229813665,0.291765337837,23,23,23,1,0,0.347826086957,0.608695652174,0.0434782608696,23,0.0177865612648,1.26086956522,0.782608695652,1.5,1.125,0.735868178606,0.940276005996,0.487922705314,0.722315118515,1.84591641398,0.782608695652,0.583027399542,1.48995890994,0.685990338164,0.448977758545,0.356085808501,1,1.4,0.547722557505,1,0,0,0,0,0.0222222222222,23,5,5,0.217391304348,0,0.347826086957,0,0.260869565217,23,50,0.098814229249,2.0708168643,4.34782608696,2.5,2.94117647059,4.22770833745,0.972372917614,0.442608695652,2.99472527065,1.3775736245,0.551304347826,3.63883315355,1.67386325063,0.586086956522,0.562019803319,0.271400051356,2.19128787879,2.0708168643,0.562019803319,2.19128787879,0.465831517792,0.224137931034,26,0.0146809712027,0.563199519778,23,23,23,1,0,0.130434782609,0.608695652174,0.260869565217,-49,-0.096837944664,-0.11892832073,-4.26086956522,-4.1,-1.55882352941,-0.372085436925,0.438053438772,0.15099692578,-1.2951654104,0.380932355163,0.0102415458937,0.724374173525,0.99676671992,0.230355731225,-0.514276041664,-0.220116428435,-0.69697223807,-0.11892832073,-0.514276041664,-0.69697223807,0.114218879223,-0.234774837613,-95,-0.0536420101637,0.271434181942,-0.217391304348,0,0.217391304348,41,9,58,398,0.414141414141,0.977886977887,0.022113022113,0.585858585859,0.82,0.414141414141,0.55033557047,0.52115258905,0.392028392028,0.37962962963,41,90,0,23,23,23,1,0,8,0,0.0386050732335,0,0,1,3.88826011686,0,16,NaN,1,ok,2.18974518502,0,23,5,5,0.217391304348,0,3,0,0.25,0,0,1,2,0,16,NaN,1,ok,1.4,0,23,23,23,1,0,3,0,0.00320853428872,0,0,1,3.19128787879,0,16,NaN,1,ok,2.0708168643,0,0,0,0
26,WLNM_dir_neg,0.73737654321,0.605337922427,00:00:06,10,10,26,505464072,fixed,validated_v2,/gpfs/scratch/acw792/wlnm_roleonly_v2_20260910/result_wlnm_dir_neg_roleonly_trophicv2_100x290_train10-90_Apocrita_20260910_011848/ecological_snapshots/Broadstone_Stream_tax_mass_K10_ratio0.1_exp26_seed505464072_threshold0.5_validated_v2.mat,role_only,2,uniform_without_replacement,uniform_remaining_nonlinks,176,0,176,407,198,198,176,22,0,22,0.111111111111,18,180,0.5,0.638888888889,0.255555555556,0.365079365079,23,13,67,167,0.255555555556,0.927777777778,0.0722222222222,0.744444444444,0.638888888889,0.255555555556,0.365079365079,0.703703703704,0.622222222222,0.21568627451,0.254237589937,0.183333333333,99,9,90,0,99,0,9,0,90,23,99,0.195652173913,2.18974518502,8.60869565217,6.6,4.5,4.59979377438,0.534319478842,0.291611769873,4.28989068105,0.996641269334,0.541062801932,2.91445898002,0.677096530713,0.355731225296,1.07629584498,0.491516479791,2.88826011686,2.18974518502,1.07629584498,2.88826011686,0.351612638569,0.458912768647,121,0.0683229813665,0.291765337837,23,23,23,1,0,0.347826086957,0.608695652174,0.0434782608696,23,0.0177865612648,1.45652173913,0.782608695652,1.125,1.28571428571,0.902346523799,1.15299833597,0.589371980676,0.583027399542,1.48995890994,0.685990338164,0.722315118515,1.84591641398,0.753623188406,0.68941746619,0.473331394698,2,1.875,0.629152869606,1.5,0.466666666667,0.428571428571,1,0.000564652738566,0.0714285714286,23,4,4,0.173913043478,0,0.173913043478,0.130434782609,0.217391304348,23,45,0.0889328063241,14.0055450536,3.91304347826,2.25,2.8125,5.40128809114,1.38032917885,0.511111111111,2.38324188811,1.21810140948,0.506280193237,3.3231729207,1.69851060391,0.635748792271,5.48052211968,0.391310877136,16.7362318841,14.5967061924,4.80060573822,16.7362318841,0.481335282651,0.20564516129,17,0.00959909655562,0.435296414112,23,22,22,0.95652173913,0,0.0869565217391,0.608695652174,0.260869565217,-54,-0.106719367589,11.8157998685,-4.69565217391,-4.35,-1.6875,0.801494316762,0.846009700005,0.219499341238,-1.90664879294,0.221460140143,-0.0347826086957,0.408713940675,1.0214140732,0.280017566974,4.4042262747,-0.100205602655,13.8479717672,12.4069610073,3.72430989323,13.8479717672,0.129722644082,-0.253267607357,-104,-0.0587238848108,0.143531076275,-0.260869565217,0,0.217391304348,32,13,67,394,0.323232323232,0.968058968059,0.031941031941,0.676767676768,0.711111111111,0.323232323232,0.444444444444,0.40596218664,0.291291291291,0.285714285714,36,90,0,23,23,23,1,0,8,0,0.0386050732335,0,0,1,3.88826011686,0,16,NaN,1,ok,2.18974518502,0,23,4,4,0.173913043478,0,1,0,0.0714285714286,0,0,1,2.5,0,16,NaN,1,ok,1.875,0,23,22,22,0.95652173913,0,2,0,0.00065063710574,0,0,1,17.7362318841,0,16,NaN,1,ok,14.5967061924,0,0,0,0
27,WLNM_dir_neg,0.668919753086,0.455465695464,00:00:06,10,10,27,505464073,fixed,validated_v2,/gpfs/scratch/acw792/wlnm_roleonly_v2_20260910/result_wlnm_dir_neg_roleonly_trophicv2_100x290_train10-90_Apocrita_20260910_011848/ecological_snapshots/Broadstone_Stream_tax_mass_K10_ratio0.1_exp27_seed505464073_threshold0.5_validated_v2.mat,role_only,2,uniform_without_replacement,uniform_remaining_nonlinks,176,0,176,407,198,198,176,22,0,22,0.111111111111,18,180,0.5,0.611111111111,0.488888888889,0.543209876543,44,28,46,152,0.488888888889,0.844444444444,0.155555555556,0.511111111111,0.611111111111,0.488888888889,0.543209876543,0.725925925926,0.577777777778,0.350877192982,0.355334527259,0.333333333333,99,9,90,0,99,0,9,0,90,23,99,0.195652173913,2.18974518502,8.60869565217,6.6,4.5,4.59979377438,0.534319478842,0.291611769873,4.28989068105,0.996641269334,0.541062801932,2.91445898002,0.677096530713,0.355731225296,1.07629584498,0.491516479791,2.88826011686,2.18974518502,1.07629584498,2.88826011686,0.351612638569,0.458912768647,121,0.0683229813665,0.291765337837,23,23,23,1,0,0.347826086957,0.608695652174,0.0434782608696,23,0.0177865612648,1.32608695652,0.782608695652,1.5,1.28571428571,0.951387586592,1.2156619162,0.618357487923,0.78271848154,2.00028056393,0.80193236715,0.656376446504,1.6774064744,0.743961352657,0.595603125415,0.449143340477,2,1.5625,0.623211727379,1.5,0,0,0,0,0.0555555555556,23,8,8,0.347826086957,0,0.217391304348,0.0869565217391,0.173913043478,23,81,0.160079051383,2.6100473853,7.04347826087,4.76470588235,3.52173913043,5.77201919034,0.819484206035,0.401502952228,4.3366258901,1.23138759842,0.592592592593,3.28729738701,0.933430122239,0.418679549114,1.0763988677,0.412405871925,3.24794207998,2.6100473853,1.0763988677,3.24794207998,0.56972506494,0.382697947214,87,0.0491247882552,0.380581031689,23,23,23,1,0,0.260869565217,0.739130434783,0,-18,-0.0355731225296,0.420302200272,-1.5652173913,-1.83529411765,-0.978260869565,1.17222541596,0.285164727193,0.109891182355,0.0467352090512,0.234746329089,0.0515297906602,0.37283840699,0.256333591526,0.0629483238179,0.000103022715161,-0.0791106078664,0.359681963127,0.420302200272,0.000103022715161,0.359681963127,0.218112426371,-0.0762148214332,-34,-0.0191981931112,0.0888156938526,-0.0869565217391,0.130434782609,-0.0434782608696,53,28,46,379,0.535353535354,0.931203931204,0.0687960687961,0.464646464646,0.654320987654,0.535353535354,0.588888888889,0.504757721783,0.466557466557,0.417322834646,72,90,0,23,23,23,1,0,8,0,0.0386050732335,0,0,1,3.88826011686,0,16,NaN,1,ok,2.18974518502,0,23,8,8,0.347826086957,0,4,0,0.141176470588,0,0,1,2.5,0,16,NaN,1,ok,1.5625,0,23,23,23,1,0,6,0,0.0131287380485,0,0,1,4.24794207998,0,16,NaN,1,ok,2.6100473853,0,0,0,0
28,WLNM_dir_neg,0.694783950617,0.631743809847,00:00:09,10,10,28,505464074,fixed,validated_v2,/gpfs/scratch/acw792/wlnm_roleonly_v2_20260910/result_wlnm_dir_neg_roleonly_trophicv2_100x290_train10-90_Apocrita_20260910_011848/ecological_snapshots/Broadstone_Stream_tax_mass_K10_ratio0.1_exp28_seed505464074_threshold0.5_validated_v2.mat,role_only,2,uniform_without_replacement,uniform_remaining_nonlinks,176,0,176,407,198,198,176,22,0,22,0.111111111111,18,180,0.5,0.8,0.0444444444444,0.0842105263158,4,1,86,179,0.0444444444444,0.994444444444,0.00555555555556,0.955555555556,0.8,0.0444444444444,0.0842105263158,0.677777777778,0.66049382716,0.0509090909091,0.13598002073,0.0388888888889,99,9,90,0,99,0,9,0,90,23,99,0.195652173913,2.18974518502,8.60869565217,6.6,4.5,4.59979377438,0.534319478842,0.291611769873,4.28989068105,0.996641269334,0.541062801932,2.91445898002,0.677096530713,0.355731225296,1.07629584498,0.491516479791,2.88826011686,2.18974518502,1.07629584498,2.88826011686,0.351612638569,0.458912768647,121,0.0683229813665,0.291765337837,23,23,23,1,0,0.347826086957,0.608695652174,0.0434782608696,23,0.0177865612648,1.30434782609,0.782608695652,1.5,1,1.04257207029,1.33217542314,0.51690821256,0.891328448532,2.27783936847,0.811594202899,0.499010879348,1.275250025,0.608695652174,0.558795995357,0.428410263107,2,1.5,0.836660026534,2,0,0,0,0,0,23,6,6,0.260869565217,0,0.347826086957,0.0434782608696,0.217391304348,23,14,0.0276679841897,1.34782608696,1.21739130435,2.33333333333,1,2.02162225001,1.66061827679,0.565217391304,1.87662972651,3.0830345507,0.863354037267,0.499010879348,0.8198035875,0.391304347826,0.66460484857,0.493093919907,2.5,1.5,0.825722823845,2.5,0,0,0,0,0,23,12,12,0.521739130435,0,0.434782608696,0.173913043478,0.0869565217391,-85,-0.167984189723,-0.841919098068,-7.39130434783,-4.26666666667,-3.5,-2.57817152437,1.12629879795,0.273605621432,-2.41326095453,2.08639328137,0.322291235335,-2.41544810068,0.142707056787,0.0355731225296,-0.411690996413,0.00157744011569,-0.388260116858,-0.689745185025,-0.250573021139,-0.388260116858,-0.351612638569,-0.458912768647,-121,-0.0683229813665,-0.291765337837,0.0869565217391,-0.434782608696,0.0434782608696,13,1,86,406,0.131313131313,0.997542997543,0.002457002457,0.868686868687,0.928571428571,0.131313131313,0.230088495575,0.31165443583,0.128856128856,0.13,5,90,0,23,23,23,1,0,8,0,0.0386050732335,0,0,1,3.88826011686,0,16,NaN,1,ok,2.18974518502,0,23,6,6,0.260869565217,0,4,0,0.25,0,0,1,3,0,16,NaN,1,ok,1.5,0,23,12,12,0.521739130435,0,8,0,0.222222222222,0,0,1,3.5,0,16,NaN,1,ok,1.5,0,0,0,0
29,WLNM_dir_neg,0.722283950617,0.638204233797,00:00:05,10,10,29,505464075,fixed,validated_v2,/gpfs/scratch/acw792/wlnm_roleonly_v2_20260910/result_wlnm_dir_neg_roleonly_trophicv2_100x290_train10-90_Apocrita_20260910_011848/ecological_snapshots/Broadstone_Stream_tax_mass_K10_ratio0.1_exp29_seed505464075_threshold0.5_validated_v2.mat,role_only,2,uniform_without_replacement,uniform_remaining_nonlinks,176,0,176,407,198,198,176,22,0,22,0.111111111111,18,180,0.5,0.685714285714,0.266666666667,0.384,24,11,66,169,0.266666666667,0.938888888889,0.0611111111111,0.733333333333,0.685714285714,0.266666666667,0.384,0.714814814815,0.623456790123,0.24262295082,0.288482034967,0.205555555556,99,9,90,0,99,0,9,0,90,23,99,0.195652173913,2.18974518502,8.60869565217,6.6,4.5,4.59979377438,0.534319478842,0.291611769873,4.28989068105,0.996641269334,0.541062801932,2.91445898002,0.677096530713,0.355731225296,1.07629584498,0.491516479791,2.88826011686,2.18974518502,1.07629584498,2.88826011686,0.351612638569,0.458912768647,121,0.0683229813665,0.291765337837,23,23,23,1,0,0.347826086957,0.608695652174,0.0434782608696,23,0.0177865612648,1.26086956522,0.782608695652,1.5,1.5,0.850482309106,1.08672739497,0.565217391304,0.722315118515,1.84591641398,0.782608695652,0.722315118515,1.84591641398,0.782608695652,0.448977758545,0.356085808501,1,1.42857142857,0.534522483825,1,0,0,0,0,0.111111111111,23,7,7,0.304347826087,0,0.260869565217,0,0.260869565217,23,44,0.0869565217391,2.15567834812,3.82608695652,2.2,3.14285714286,4.15224116826,1.08524485079,0.491106719368,2.17241054797,1.13557824098,0.5,3.93022140804,2.05443391784,0.703557312253,0.650263467143,0.301651435016,2.39130434783,2.20820918212,0.613585694548,2.39130434783,0.647421331106,0.248275862069,24,0.0135516657256,0.562685560054,23,22,22,0.95652173913,0,0.0869565217391,0.521739130435,0.347826086957,-55,-0.108695652174,-0.034066836908,-4.78260869565,-4.4,-1.35714285714,-0.44755260612,0.550925371953,0.199494949495,-2.11748013308,0.13893697165,-0.0410628019324,1.01576242801,1.37733738713,0.347826086957,-0.426032377841,-0.189865044775,-0.496955769032,0.0184639970973,-0.462710150435,-0.496955769032,0.295808692536,-0.210636906578,-97,-0.0547713156409,0.270920222217,-0.260869565217,-0.0869565217391,0.304347826087,33,11,66,396,0.333333333333,0.972972972973,0.027027027027,0.666666666667,0.75,0.333333333333,0.461538461538,0.431244346017,0.306306306306,0.3,35,90,0,23,23,23,1,0,8,0,0.0386050732335,0,0,1,3.88826011686,0,16,NaN,1,ok,2.18974518502,0,23,7,7,0.304347826087,0,4,0,0.25,0,0,1,2,0,16,NaN,1,ok,1.42857142857,0,23,22,22,0.95652173913,0,2,0,0.00303397271499,0,0,1,3.39130434783,0,16,NaN,1,ok,2.20820918212,0,0,0,0
30,WLNM_dir_neg,0.70462962963,0.528109271585,00:00:11,10,10,30,505464076,fixed,validated_v2,/gpfs/scratch/acw792/wlnm_roleonly_v2_20260910/result_wlnm_dir_neg_roleonly_trophicv2_100x290_train10-90_Apocrita_20260910_011848/ecological_snapshots/Broadstone_Stream_tax_mass_K10_ratio0.1_exp30_seed505464076_threshold0.5_validated_v2.mat,role_only,2,uniform_without_replacement,uniform_remaining_nonlinks,176,0,176,407,198,198,176,22,0,22,0.111111111111,18,180,0.5,0.684210526316,0.433333333333,0.530612244898,39,18,51,162,0.433333333333,0.9,0.1,0.566666666667,0.684210526316,0.433333333333,0.530612244898,0.744444444444,0.596296296296,0.366972477064,0.385042814328,0.333333333333,99,9,90,0,99,0,9,0,90,23,99,0.195652173913,2.18974518502,8.60869565217,6.6,4.5,4.59979377438,0.534319478842,0.291611769873,4.28989068105,0.996641269334,0.541062801932,2.91445898002,0.677096530713,0.355731225296,1.07629584498,0.491516479791,2.88826011686,2.18974518502,1.07629584498,2.88826011686,0.351612638569,0.458912768647,121,0.0683229813665,0.291765337837,23,23,23,1,0,0.347826086957,0.608695652174,0.0434782608696,23,0.0177865612648,1.33333333333,0.782608695652,1.5,1.28571428571,1.04257207029,1.33217542314,0.647342995169,0.78271848154,2.00028056393,0.80193236715,0.656376446504,1.6774064744,0.743961352657,0.611340636419,0.458505477314,2,1.80952380952,0.835710894037,2,0,0,0,0,0.0555555555556,23,7,7,0.304347826087,0,0.217391304348,0.0869565217391,0.173913043478,23,66,0.130434782609,12.3198035534,5.73913043478,3.66666666667,3.3,5.06518770454,0.882570584882,0.434782608696,4.68366938343,1.63218781544,0.662714097497,2.32191824745,0.809153328656,0.391304347826,6.32677178735,0.5135448597,16.5581395349,12.3198035534,6.32677178735,16.5581395349,0.663875291375,0.376447876448,65,0.0367024280068,0.282067198519,23,23,23,1,0,0.217391304348,0.652173913043,0.130434782609,-33,-0.0652173913043,10.1300583683,-2.86956521739,-2.93333333333,-1.2,0.465393930162,0.34825110604,0.143170838823,0.393778702383,0.635546546104,0.121651295564,-0.592540732578,0.132056797943,0.0355731225296,5.25047594236,0.0220283799087,13.669879418,10.1300583683,5.25047594236,13.669879418,0.312262652806,-0.0824648921994,-56,-0.0316205533597,-0.00969813931765,-0.130434782609,0.0434782608696,0.0869565217391,48,18,51,389,0.484848484848,0.955773955774,0.044226044226,0.515151515152,0.727272727273,0.484848484848,0.581818181818,0.519018821973,0.440622440622,0.410256410256,57,90,0,23,23,23,1,0,8,0,0.0386050732335,0,0,1,3.88826011686,0,16,NaN,1,ok,2.18974518502,0,23,7,7,0.304347826087,0,3,0,0.1,0,0,1,3,0,16,NaN,1,ok,1.80952380952,0,23,23,23,1,0,5,0,0.00148551955946,0,0,1,17.5581395349,0,16,NaN,1,ok,12.3198035534,0,0,0,0
31,WLNM_dir_neg,0.704012345679,0.572566136296,00:00:06,10,10,31,505464077,fixed,validated_v2,/gpfs/scratch/acw792/wlnm_roleonly_v2_20260910/result_wlnm_dir_neg_roleonly_trophicv2_100x290_train10-90_Apocrita_20260910_011848/ecological_snapshots/Broadstone_Stream_tax_mass_K10_ratio0.1_exp31_seed505464077_threshold0.5_validated_v2.mat,role_only,2,uniform_without_replacement,uniform_remaining_nonlinks,176,0,176,407,198,198,176,22,0,22,0.111111111111,18,180,0.5,0.451612903226,0.311111111111,0.368421052632,28,34,62,146,0.311111111111,0.811111111111,0.188888888889,0.688888888889,0.451612903226,0.311111111111,0.368421052632,0.644444444444,0.59012345679,0.132530120482,0.136987257381,0.122222222222,99,9,90,0,99,0,9,0,90,23,99,0.195652173913,2.18974518502,8.60869565217,6.6,4.5,4.59979377438,0.534319478842,0.291611769873,4.28989068105,0.996641269334,0.541062801932,2.91445898002,0.677096530713,0.355731225296,1.07629584498,0.491516479791,2.88826011686,2.18974518502,1.07629584498,2.88826011686,0.351612638569,0.458912768647,121,0.0683229813665,0.291765337837,23,23,23,1,0,0.347826086957,0.608695652174,0.0434782608696,23,0.0177865612648,1.4347826087,0.782608695652,1.125,1.28571428571,0.795242772488,1.01614354262,0.531400966184,0.583027399542,1.48995890994,0.685990338164,0.656376446504,1.6774064744,0.743961352657,0.662370876372,0.461652428986,2,2,0.894427191,2,0,0,0,0,0.0535714285714,23,6,6,0.260869565217,0,0.217391304348,0.0869565217391,0.260869565217,23,71,0.140316205534,1,6.17391304348,3.38095238095,3.55,4.51917303289,0.731978730679,0.364360073484,2.2342996356,0.7237872059,0.36252296387,4.3788026952,1.41848538013,0.607470912431,0,0,0,NaN,NaN,NaN,0.424427504862,0.304979253112,49,0.0276679841897,0.346082528583,23,23,0,1,7,0.0869565217391,0.782608695652,0.130434782609,-28,-0.0553359683794,-1.18974518502,-2.4347826087,-3.21904761905,-0.95,-0.0806207414887,0.197659251837,0.0727483036117,-2.05559104544,-0.272854063434,-0.178539838062,1.46434371517,0.741388849422,0.251739687135,-1.07629584498,-0.491516479791,-2.88826011686,NaN,NaN,NaN,0.0728148662931,-0.153933515535,-72,-0.0406549971767,0.0543171907458,-0.260869565217,0.173913043478,0.0869565217391,37,34,62,373,0.373737373737,0.916461916462,0.0835380835381,0.626262626263,0.521126760563,0.373737373737,0.435294117647,0.3314647464,0.290199290199,0.278195488722,62,90,0,23,23,23,1,0,8,0,0.0386050732335,0,0,1,3.88826011686,0,16,NaN,1,ok,2.18974518502,0,23,6,6,0.260869565217,0,2,0,0.114285714286,0,0,1,3,0,16,NaN,1,ok,2,0,23,23,0,1,7,2,18,NaN,NaN,NaN,NaN,NaN,0,0,NaN,0,basal_unreachable_in_lcc,NaN,2,0,0,0
32,WLNM_dir_neg,0.655339506173,0.507523533808,00:00:06,10,10,32,505464078,fixed,validated_v2,/gpfs/scratch/acw792/wlnm_roleonly_v2_20260910/result_wlnm_dir_neg_roleonly_trophicv2_100x290_train10-90_Apocrita_20260910_011848/ecological_snapshots/Broadstone_Stream_tax_mass_K10_ratio0.1_exp32_seed505464078_threshold0.5_validated_v2.mat,role_only,2,uniform_without_replacement,uniform_remaining_nonlinks,176,0,176,407,198,198,176,22,0,22,0.111111111111,18,180,0.5,0.458333333333,0.244444444444,0.31884057971,22,26,68,154,0.244444444444,0.855555555556,0.144444444444,0.755555555556,0.458333333333,0.244444444444,0.31884057971,0.651851851852,0.607407407407,0.11320754717,0.123299240479,0.1,99,9,90,0,99,0,9,0,90,23,99,0.195652173913,2.18974518502,8.60869565217,6.6,4.5,4.59979377438,0.534319478842,0.291611769873,4.28989068105,0.996641269334,0.541062801932,2.91445898002,0.677096530713,0.355731225296,1.07629584498,0.491516479791,2.88826011686,2.18974518502,1.07629584498,2.88826011686,0.351612638569,0.458912768647,121,0.0683229813665,0.291765337837,23,23,23,1,0,0.347826086957,0.608695652174,0.0434782608696,23,0.0177865612648,1.34782608696,0.782608695652,1.28571428571,1.28571428571,0.850482309106,1.08672739497,0.550724637681,0.656376446504,1.6774064744,0.743961352657,0.656376446504,1.6774064744,0.743961352657,0.572768051751,0.424956941622,2,1.66666666667,0.816496580928,2,0,0,0,0,0.0634920634921,23,6,6,0.260869565217,0,0.260869565217,0.0434782608696,0.260869565217,23,57,0.112648221344,5.31399404464,4.95652173913,3,3.8,3.59896779229,0.726107537042,0.376811594203,1.97414113011,0.796583263026,0.41647597254,3.21741801079,1.29825639032,0.630053394355,2.411630273,0.453826303292,7.36781609195,5.51008468304,2.27297428553,7.36781609195,0.430612244898,0.278846153846,29,0.0163749294184,0.260503320591,23,22,22,0.95652173913,0,0.130434782609,0.521739130435,0.304347826087,-42,-0.0830039525692,3.12424885962,-3.65217391304,-3.6,-0.7,-1.00082598208,0.1917880582,0.0851998243303,-2.31574955094,-0.200058006308,-0.124586829392,0.302959030761,0.621159859604,0.274322169059,1.33533442801,-0.037690176499,4.4795559751,3.32033949801,1.19667844055,4.4795559751,0.0789996063288,-0.180066614801,-92,-0.0519480519481,-0.0312620172457,-0.217391304348,-0.0869565217391,0.260869565217,31,26,68,381,0.313131313131,0.936117936118,0.0638820638821,0.686868686869,0.543859649123,0.313131313131,0.397435897436,0.312743334571,0.249249249249,0.248,48,90,0,23,23,23,1,0,8,0,0.0386050732335,0,0,1,3.88826011686,0,16,NaN,1,ok,2.18974518502,0,23,6,6,0.260869565217,0,3,0,0.2,0,0,1,3,0,16,NaN,1,ok,1.66666666667,0,23,22,22,0.95652173913,0,3,0,0.00606407796174,0,0,1,8.36781609195,0,16,NaN,1,ok,5.51008468304,0,0,0,0
33,WLNM_dir_neg,0.611913580247,0.521924747646,00:00:06,10,10,33,505464079,fixed,validated_v2,/gpfs/scratch/acw792/wlnm_roleonly_v2_20260910/result_wlnm_dir_neg_roleonly_trophicv2_100x290_train10-90_Apocrita_20260910_011848/ecological_snapshots/Broadstone_Stream_tax_mass_K10_ratio0.1_exp33_seed505464079_threshold0.5_validated_v2.mat,role_only,2,uniform_without_replacement,uniform_remaining_nonlinks,176,0,176,407,198,198,176,22,0,22,0.111111111111,18,180,0.5,0.6,0.266666666667,0.369230769231,24,16,66,164,0.266666666667,0.911111111111,0.0888888888889,0.733333333333,0.6,0.266666666667,0.369230769231,0.696296296296,0.617283950617,0.206451612903,0.235907129848,0.177777777778,99,9,90,0,99,0,9,0,90,23,99,0.195652173913,2.18974518502,8.60869565217,6.6,4.5,4.59979377438,0.534319478842,0.291611769873,4.28989068105,0.996641269334,0.541062801932,2.91445898002,0.677096530713,0.355731225296,1.07629584498,0.491516479791,2.88826011686,2.18974518502,1.07629584498,2.88826011686,0.351612638569,0.458912768647,121,0.0683229813665,0.291765337837,23,23,23,1,0,0.347826086957,0.608695652174,0.0434782608696,23,0.0177865612648,1.30434782609,0.782608695652,1.28571428571,1.5,0.795242772488,1.01614354262,0.531400966184,0.656376446504,1.6774064744,0.743961352657,0.722315118515,1.84591641398,0.782608695652,0.470471968897,0.360695176154,1,1.4,0.547722557505,1,0,0,0,0,0.111111111111,23,5,5,0.217391304348,0,0.260869565217,0,0.304347826087,23,49,0.096837944664,1.82712785907,4.26086956522,3.5,2.33333333333,3.48003907115,0.816743863638,0.429458740018,3.18097108995,1.49310887896,0.685004436557,2.13848603681,1.00377916014,0.385093167702,0.75379770304,0.41255881426,2.10258564675,1.86472457994,0.749139306325,2.10258564675,0.620032255326,0.36641221374,32,0.0180688876341,0.345736435151,23,22,22,0.95652173913,0,0.347826086957,0.565217391304,0.0434782608696,-50,-0.098814229249,-0.362617325952,-4.34782608696,-3.1,-2.16666666667,-1.11975470322,0.282424384796,0.137846970145,-1.1089195911,0.496467609622,0.143941634625,-0.775972943211,0.326682629424,0.0293619424054,-0.322498141943,-0.0789576655312,-0.78567447011,-0.325020605086,-0.327156538658,-0.78567447011,0.268419616757,-0.0925005549068,-89,-0.0502540937324,0.0539710973147,0,-0.0434782608696,0,33,16,66,391,0.333333333333,0.960687960688,0.039312039312,0.666666666667,0.673469387755,0.333333333333,0.445945945946,0.394400490601,0.294021294021,0.286956521739,40,90,0,23,23,23,1,0,8,0,0.0386050732335,0,0,1,3.88826011686,0,16,NaN,1,ok,2.18974518502,0,23,5,5,0.217391304348,0,3,0,0.25,0,0,1,2,0,16,NaN,1,ok,1.4,0,23,22,22,0.95652173913,0,8,0,0.00875754886876,0,0,1,3.10258564675,0,16,NaN,1,ok,1.86472457994,0,0,0,0
34,WLNM_dir_neg,0.695740740741,0.581873882229,00:00:06,10,10,34,505464080,fixed,validated_v2,/gpfs/scratch/acw792/wlnm_roleonly_v2_20260910/result_wlnm_dir_neg_roleonly_trophicv2_100x290_train10-90_Apocrita_20260910_011848/ecological_snapshots/Broadstone_Stream_tax_mass_K10_ratio0.1_exp34_seed505464080_threshold0.5_validated_v2.mat,role_only,2,uniform_without_replacement,uniform_remaining_nonlinks,176,0,176,407,198,198,176,22,0,22,0.111111111111,18,180,0.5,0.95,0.211111111111,0.345454545455,19,1,71,179,0.211111111111,0.994444444444,0.00555555555556,0.788888888889,0.95,0.211111111111,0.345454545455,0.733333333333,0.641975308642,0.255172413793,0.37,0.205555555556,99,9,90,0,99,0,9,0,90,23,99,0.195652173913,2.18974518502,8.60869565217,6.6,4.5,4.59979377438,0.534319478842,0.291611769873,4.28989068105,0.996641269334,0.541062801932,2.91445898002,0.677096530713,0.355731225296,1.07629584498,0.491516479791,2.88826011686,2.18974518502,1.07629584498,2.88826011686,0.351612638569,0.458912768647,121,0.0683229813665,0.291765337837,23,23,23,1,0,0.347826086957,0.608695652174,0.0434782608696,23,0.0177865612648,1.47826086957,0.782608695652,1.125,1.125,0.735868178606,0.940276005996,0.487922705314,0.583027399542,1.48995890994,0.685990338164,0.583027399542,1.48995890994,0.685990338164,0.790256875233,0.534585533246,3,2.4,1.1401754251,3,0,0,0,0,0.0357142857143,23,5,5,0.217391304348,0,0.260869565217,0.0869565217391,0.260869565217,23,29,0.0573122529644,1.45088566828,2.52173913043,3.22222222222,2.41666666667,2.52027352804,0.999418812842,0.514242878561,2.2806974871,1.80882904149,0.764617691154,1.62976270733,1.29257042306,0.64167916042,0.5925559936,0.408409846865,1.59259259259,1.64814814815,0.615305471327,1.59259259259,0.33231292517,0.263157894737,10,0.00564652738566,0.195552749719,23,16,16,0.695652173913,0,0.304347826087,0.217391304348,0.173913043478,-70,-0.138339920949,-0.738859516748,-6.08695652174,-3.37777777778,-2.08333333333,-2.07952024634,0.465099334001,0.222631108688,-2.00919319395,0.81218777216,0.223554889222,-1.28469627269,0.615473892344,0.285947935123,-0.483739851384,-0.0831066329262,-1.29566752427,-0.541597036877,-0.460990373656,-1.29566752427,-0.0192997133991,-0.19575487391,-111,-0.0626764539808,-0.0962125881174,-0.0434782608696,-0.391304347826,0.130434782609,28,1,71,406,0.282828282828,0.997542997543,0.002457002457,0.717171717172,0.965517241379,0.282828282828,0.4375,0.47850903062,0.280371280371,0.28,20,90,0,23,23,23,1,0,8,0,0.0386050732335,0,0,1,3.88826011686,0,16,NaN,1,ok,2.18974518502,0,23,5,5,0.217391304348,0,1,0,0.0666666666667,0,0,1,4,0,16,NaN,1,ok,2.4,0,23,16,16,0.695652173913,0,7,0,0.0852631578947,0,0,1,2.59259259259,0,16,NaN,1,ok,1.64814814815,0,0,0,0
35,WLNM_dir_neg,0.631419753086,0.632792755589,00:00:05,10,10,35,505464081,fixed,validated_v2,/gpfs/scratch/acw792/wlnm_roleonly_v2_20260910/result_wlnm_dir_neg_roleonly_trophicv2_100x290_train10-90_Apocrita_20260910_011848/ecological_snapshots/Broadstone_Stream_tax_mass_K10_ratio0.1_exp35_seed505464081_threshold0.5_validated_v2.mat,role_only,2,uniform_without_replacement,uniform_remaining_nonlinks,176,0,176,407,198,198,176,22,0,22,0.111111111111,18,180,0.5,0.95652173913,0.244444444444,0.389380530973,22,1,68,179,0.244444444444,0.994444444444,0.00555555555556,0.755555555556,0.95652173913,0.244444444444,0.389380530973,0.744444444444,0.638271604938,0.293515358362,0.403404801536,0.238888888889,99,9,90,0,99,0,9,0,90,23,99,0.195652173913,2.18974518502,8.60869565217,6.6,4.5,4.59979377438,0.534319478842,0.291611769873,4.28989068105,0.996641269334,0.541062801932,2.91445898002,0.677096530713,0.355731225296,1.07629584498,0.491516479791,2.88826011686,2.18974518502,1.07629584498,2.88826011686,0.351612638569,0.458912768647,121,0.0683229813665,0.291765337837,23,23,23,1,0,0.347826086957,0.608695652174,0.0434782608696,23,0.0177865612648,1.32608695652,0.782608695652,1.5,1,0.998021758696,1.275250025,0.608695652174,0.78271848154,2.00028056393,0.80193236715,0.499010879348,1.275250025,0.608695652174,0.604023255434,0.455492946721,2.16666666667,1.6875,0.818620112683,2.16666666667,0,0,0,0,0,23,8,8,0.347826086957,0,0.260869565217,0.130434782609,0.130434782609,23,32,0.0632411067194,1.30144927536,2.78260869565,5.33333333333,1.6,2.33465048463,0.839015017913,0.408967391304,2.48155249124,1.78361585308,0.771739130435,0.78271848154,0.562578908607,0.290760869565,0.52936533098,0.406750644072,1.5619047619,1.31515151515,0.537631763885,1.5619047619,0.249305555556,0.128205128205,5,0.00282326369283,0.10942039442,23,22,22,0.95652173913,0,0.695652173913,0.173913043478,0.0869565217391,-67,-0.132411067194,-0.888295909663,-5.82608695652,-1.26666666667,-2.9,-2.26514328975,0.304695539072,0.117355621432,-1.8083381898,0.786974583747,0.230676328502,-2.13174049848,-0.114517622106,-0.0649703557312,-0.546930514003,-0.0847658357196,-1.32635535495,-0.874593669873,-0.538664081099,-1.32635535495,-0.102307083014,-0.330707640442,-116,-0.0654997176736,-0.182344943416,0.347826086957,-0.434782608696,0.0434782608696,31,1,68,406,0.313131313131,0.997542997543,0.002457002457,0.686868686869,0.96875,0.313131313131,0.473282442748,0.506356028969,0.310674310674,0.31,23,90,0,23,23,23,1,0,8,0,0.0386050732335,0,0,1,3.88826011686,0,16,NaN,1,ok,2.18974518502,0,23,8,8,0.347826086957,0,4,0,0.2,0,0,1,3.16666666667,0,16,NaN,1,ok,1.6875,0,23,22,22,0.95652173913,0,16,0,0.339366515837,0,0,1,2.5619047619,0,16,NaN,1,ok,1.31515151515,0,0,0,0
36,WLNM_dir_neg,0.594413580247,0.528416480543,00:00:06,10,10,36,505464082,fixed,validated_v2,/gpfs/scratch/acw792/wlnm_roleonly_v2_20260910/result_wlnm_dir_neg_roleonly_trophicv2_100x290_train10-90_Apocrita_20260910_011848/ecological_snapshots/Broadstone_Stream_tax_mass_K10_ratio0.1_exp36_seed505464082_threshold0.5_validated_v2.mat,role_only,2,uniform_without_replacement,uniform_remaining_nonlinks,176,0,176,407,198,198,176,22,0,22,0.111111111111,18,180,0.5,0.8,0.222222222222,0.347826086957,20,5,70,175,0.222222222222,0.972222222222,0.0277777777778,0.777777777778,0.8,0.222222222222,0.347826086957,0.722222222222,0.635802469136,0.237288135593,0.316227766017,0.194444444444,99,9,90,0,99,0,9,0,90,23,99,0.195652173913,2.18974518502,8.60869565217,6.6,4.5,4.59979377438,0.534319478842,0.291611769873,4.28989068105,0.996641269334,0.541062801932,2.91445898002,0.677096530713,0.355731225296,1.07629584498,0.491516479791,2.88826011686,2.18974518502,1.07629584498,2.88826011686,0.351612638569,0.458912768647,121,0.0683229813665,0.291765337837,23,23,23,1,0,0.347826086957,0.608695652174,0.0434782608696,23,0.0177865612648,1.27173913043,0.782608695652,1.5,1.125,0.951387586592,1.2156619162,0.565217391304,0.891328448532,2.27783936847,0.811594202899,0.583027399542,1.48995890994,0.685990338164,0.470209355441,0.369737270945,1.25,1.375,0.586301969978,1.25,0,0,0,0,0.0666666666667,23,6,6,0.260869565217,0,0.304347826087,0.0434782608696,0.217391304348,23,34,0.0671936758893,1.28884395012,2.95652173913,5.66666666667,1.61904761905,3.49646913939,1.18262926773,0.489769820972,3.60390653215,2.43793677175,0.859335038363,0.790256875233,0.534585533246,0.27621483376,0.503990973981,0.391041113965,1.40310077519,1.31635289775,0.519874917627,1.40310077519,0.39078525641,0.134831460674,8,0.00451722190853,0.0737917637918,23,21,21,0.913043478261,0,0.652173913043,0.260869565217,0,-65,-0.128458498024,-0.900901234907,-5.65217391304,-0.933333333333,-2.88095238095,-1.10332463499,0.648309788892,0.198158051099,-0.685984148895,1.44129550242,0.318272236431,-2.12420210479,-0.142510997467,-0.0795163915369,-0.572304871002,-0.100475365827,-1.48515934166,-0.873392287277,-0.556420927356,-1.48515934166,0.0391726178411,-0.324081307973,-113,-0.0638057594579,-0.217973574045,0.304347826087,-0.347826086957,-0.0434782608696,29,5,70,402,0.292929292929,0.987714987715,0.012285012285,0.707070707071,0.852941176471,0.292929292929,0.436090225564,0.444693252791,0.280644280644,0.278846153846,25,90,0,23,23,23,1,0,8,0,0.0386050732335,0,0,1,3.88826011686,0,16,NaN,1,ok,2.18974518502,0,23,6,6,0.260869565217,0,4,0,0.222222222222,0,0,1,2.25,0,16,NaN,1,ok,1.375,0,23,21,21,0.913043478261,0,15,0,0.211262282691,0,0,1,2.40310077519,0,16,NaN,1,ok,1.31635289775,0,0,0,0
37,WLNM_dir_neg,0.698456790123,0.623307186234,00:00:05,10,10,37,505464083,fixed,validated_v2,/gpfs/scratch/acw792/wlnm_roleonly_v2_20260910/result_wlnm_dir_neg_roleonly_trophicv2_100x290_train10-90_Apocrita_20260910_011848/ecological_snapshots/Broadstone_Stream_tax_mass_K10_ratio0.1_exp37_seed505464083_threshold0.5_validated_v2.mat,role_only,2,uniform_without_replacement,uniform_remaining_nonlinks,176,0,176,407,198,198,176,22,0,22,0.111111111111,18,180,0.5,0.774193548387,0.266666666667,0.396694214876,24,7,66,173,0.266666666667,0.961111111111,0.0388888888889,0.733333333333,0.774193548387,0.266666666667,0.396694214876,0.72962962963,0.628395061728,0.272425249169,0.336813167396,0.227777777778,99,9,90,0,99,0,9,0,90,23,99,0.195652173913,2.18974518502,8.60869565217,6.6,4.5,4.59979377438,0.534319478842,0.291611769873,4.28989068105,0.996641269334,0.541062801932,2.91445898002,0.677096530713,0.355731225296,1.07629584498,0.491516479791,2.88826011686,2.18974518502,1.07629584498,2.88826011686,0.351612638569,0.458912768647,121,0.0683229813665,0.291765337837,23,23,23,1,0,0.347826086957,0.608695652174,0.0434782608696,23,0.0177865612648,1.60869565217,0.782608695652,1.28571428571,1.5,1.04257207029,1.33217542314,0.661835748792,0.656376446504,1.6774064744,0.743961352657,0.722315118515,1.84591641398,0.782608695652,1.11759199071,0.694719345579,4,2.6,1.81659021246,4,0,0,0,0,0.111111111111,23,5,5,0.217391304348,0,0.130434782609,0.130434782609,0.173913043478,23,40,0.0790513833992,1.48017310789,3.47826086957,5.71428571429,2.22222222222,3.62904401658,1.04335015477,0.508695652174,3.69541966253,2.12486630595,0.819565217391,1.32175473259,0.760008971239,0.402173913043,0.766768633885,0.518026323947,2,1.58126218324,0.810285448946,2,0.403322168028,0.218181818182,16,0.00903444381705,0.165174706246,23,19,19,0.826086956522,0,0.521739130435,0.260869565217,0.0434782608696,-59,-0.116600790514,-0.709572077134,-5.13043478261,-0.885714285714,-2.27777777778,-0.970749757793,0.509030675926,0.217083882301,-0.594471018517,1.12822503662,0.278502415459,-1.59270424744,0.0829124405262,0.046442687747,-0.309527211098,0.0265098441554,-0.888260116858,-0.608483001789,-0.266010396037,-0.888260116858,0.0517095294589,-0.240730950465,-105,-0.0592885375494,-0.126590631591,0.173913043478,-0.347826086957,0,33,7,66,400,0.333333333333,0.982800982801,0.017199017199,0.666666666667,0.825,0.333333333333,0.474820143885,0.464797184467,0.316134316134,0.311320754717,31,90,0,23,23,23,1,0,8,0,0.0386050732335,0,0,1,3.88826011686,0,16,NaN,1,ok,2.18974518502,0,23,5,5,0.217391304348,0,2,0,0.125,0,0,1,5,0,16,NaN,1,ok,2.6,0,23,19,19,0.826086956522,0,12,0,0.104689815821,0,0,1,3,0,16,NaN,1,ok,1.58126218324,0,0,0,0
38,WLNM_dir_neg,0.687530864198,0.489175846964,00:00:05,10,10,38,505464084,fixed,validated_v2,/gpfs/scratch/acw792/wlnm_roleonly_v2_20260910/result_wlnm_dir_neg_roleonly_trophicv2_100x290_train10-90_Apocrita_20260910_011848/ecological_snapshots/Broadstone_Stream_tax_mass_K10_ratio0.1_exp38_seed505464084_threshold0.5_validated_v2.mat,role_only,2,uniform_without_replacement,uniform_remaining_nonlinks,176,0,176,407,198,198,176,22,0,22,0.111111111111,18,180,0.5,0.555555555556,0.444444444444,0.493827160494,40,32,50,148,0.444444444444,0.822222222222,0.177777777778,0.555555555556,0.555555555556,0.444444444444,0.493827160494,0.696296296296,0.577777777778,0.280701754386,0.284267621807,0.266666666667,99,9,90,0,99,0,9,0,90,23,99,0.195652173913,2.18974518502,8.60869565217,6.6,4.5,4.59979377438,0.534319478842,0.291611769873,4.28989068105,0.996641269334,0.541062801932,2.91445898002,0.677096530713,0.355731225296,1.07629584498,0.491516479791,2.88826011686,2.18974518502,1.07629584498,2.88826011686,0.351612638569,0.458912768647,121,0.0683229813665,0.291765337837,23,23,23,1,0,0.347826086957,0.608695652174,0.0434782608696,23,0.0177865612648,1.36956521739,0.782608695652,1.28571428571,1.5,0.951387586592,1.2156619162,0.6038647343,0.656376446504,1.6774064744,0.743961352657,0.78271848154,2.00028056393,0.80193236715,0.607105489268,0.443283373116,2,1.8125,0.752970308654,2,0,0,0,0,0.119047619048,23,8,8,0.347826086957,0,0.217391304348,0.0434782608696,0.260869565217,23,81,0.160079051383,1,7.04347826087,3.68181818182,3.85714285714,5.53893869773,0.786392531159,0.359098228663,3.08765231818,0.876740781705,0.421900161031,4.40938632318,1.25204796831,0.546430488459,0,0,0,236.752891002,52.2252970961,250.15625,0.52290377284,0.332727272727,61,0.0344438170525,0.322193048654,23,23,23,1,0,0.0434782608696,0.869565217391,0.0869565217391,-18,-0.0355731225296,-1.18974518502,-1.5652173913,-2.91818181818,-0.642857142857,0.939144923355,0.252073052318,0.0674864587908,-1.20223836287,-0.11990048763,-0.119162640902,1.49492734315,0.574951437597,0.190699263163,-1.07629584498,-0.491516479791,-2.88826011686,234.563145817,51.1490012511,247.267989883,0.171291134271,-0.12618549592,-60,-0.0338791643139,0.0304277108173,-0.304347826087,0.260869565217,0.0434782608696,49,32,50,375,0.494949494949,0.921375921376,0.0786240786241,0.505050505051,0.604938271605,0.494949494949,0.544444444444,0.450412829561,0.416325416325,0.374045801527,72,90,0,23,23,23,1,0,8,0,0.0386050732335,0,0,1,3.88826011686,0,16,NaN,1,ok,2.18974518502,0,23,8,8,0.347826086957,0,3,0,0.0571428571429,0,0,1,3,0,16,NaN,1,ok,1.8125,0,23,23,23,1,0,1,0,8.31861977461e-05,0,0,1,251.15625,1,16,NaN,1,ok,NaN,3,0,0,0
39,WLNM_dir_neg,0.732160493827,0.637851482691,00:00:06,10,10,39,505464085,fixed,validated_v2,/gpfs/scratch/acw792/wlnm_roleonly_v2_20260910/result_wlnm_dir_neg_roleonly_trophicv2_100x290_train10-90_Apocrita_20260910_011848/ecological_snapshots/Broadstone_Stream_tax_mass_K10_ratio0.1_exp39_seed505464085_threshold0.5_validated_v2.mat,role_only,2,uniform_without_replacement,uniform_remaining_nonlinks,176,0,176,407,198,198,176,22,0,22,0.111111111111,18,180,0.5,0.772727272727,0.377777777778,0.507462686567,34,10,56,170,0.377777777778,0.944444444444,0.0555555555556,0.622222222222,0.772727272727,0.377777777778,0.507462686567,0.755555555556,0.612345679012,0.369426751592,0.411275120153,0.322222222222,99,9,90,0,99,0,9,0,90,23,99,0.195652173913,2.18974518502,8.60869565217,6.6,4.5,4.59979377438,0.534319478842,0.291611769873,4.28989068105,0.996641269334,0.541062801932,2.91445898002,0.677096530713,0.355731225296,1.07629584498,0.491516479791,2.88826011686,2.18974518502,1.07629584498,2.88826011686,0.351612638569,0.458912768647,121,0.0683229813665,0.291765337837,23,23,23,1,0,0.347826086957,0.608695652174,0.0434782608696,23,0.0177865612648,1.47826086957,0.782608695652,1.125,1.125,0.795242772488,1.01614354262,0.502415458937,0.583027399542,1.48995890994,0.685990338164,0.583027399542,1.48995890994,0.685990338164,0.730477130337,0.494146294051,2,2.25,0.957427107756,2,0,0,0,0,0.0357142857143,23,4,4,0.173913043478,0,0.260869565217,0.0869565217391,0.260869565217,23,53,0.104743083004,1.51968510087,4.60869565217,6.625,2.78947368421,4.05349602683,0.879532156765,0.470877768663,3.56032152032,1.54504518806,0.723543888433,1.69047552774,0.733602587509,0.405250205086,0.757323719028,0.498342530697,1.90479611999,1.597637866,0.784256679748,1.90479611999,0.537165775401,0.466216216216,46,0.025974025974,0.221095174667,23,20,20,0.869565217391,0,0.521739130435,0.304347826087,0.0434782608696,-46,-0.0909090909091,-0.670060084159,-4,0.025,-1.71052631579,-0.546297747547,0.345212677923,0.17926599879,-0.729569160726,0.54840391873,0.182481086501,-1.22398345229,0.0565060567962,0.0495189797897,-0.318972125955,0.00682605090589,-0.983463996865,-0.592107319029,-0.292039165236,-0.983463996865,0.185553136832,0.00730344756893,-75,-0.0423489553924,-0.0706701631702,0.173913043478,-0.304347826087,0,43,10,56,397,0.434343434343,0.97542997543,0.02457002457,0.565656565657,0.811320754717,0.434343434343,0.565789473684,0.530849655292,0.409773409773,0.394495412844,44,90,0,23,23,23,1,0,8,0,0.0386050732335,0,0,1,3.88826011686,0,16,NaN,1,ok,2.18974518502,0,23,4,4,0.173913043478,0,1,0,0.0833333333333,0,0,1,3,0,16,NaN,1,ok,2.25,0,23,20,20,0.869565217391,0,12,0,0.221386854783,0,0,1,2.90479611999,0,16,NaN,1,ok,1.597637866,0,0,0,0
40,WLNM_dir_neg,0.713827160494,0.699004124463,00:00:06,10,10,40,505464086,fixed,validated_v2,/gpfs/scratch/acw792/wlnm_roleonly_v2_20260910/result_wlnm_dir_neg_roleonly_trophicv2_100x290_train10-90_Apocrita_20260910_011848/ecological_snapshots/Broadstone_Stream_tax_mass_K10_ratio0.1_exp40_seed505464086_threshold0.5_validated_v2.mat,role_only,2,uniform_without_replacement,uniform_remaining_nonlinks,176,0,176,407,198,198,176,22,0,22,0.111111111111,18,180,0.5,0.9,0.2,0.327272727273,18,2,72,178,0.2,0.988888888889,0.0111111111111,0.8,0.9,0.2,0.327272727273,0.725925925926,0.641975308642,0.234482758621,0.34,0.188888888889,99,9,90,0,99,0,9,0,90,23,99,0.195652173913,2.18974518502,8.60869565217,6.6,4.5,4.59979377438,0.534319478842,0.291611769873,4.28989068105,0.996641269334,0.541062801932,2.91445898002,0.677096530713,0.355731225296,1.07629584498,0.491516479791,2.88826011686,2.18974518502,1.07629584498,2.88826011686,0.351612638569,0.458912768647,121,0.0683229813665,0.291765337837,23,23,23,1,0,0.347826086957,0.608695652174,0.0434782608696,23,0.0177865612648,1.27536231884,0.782608695652,1.5,1.5,0.998021758696,1.275250025,0.63768115942,0.78271848154,2.00028056393,0.80193236715,0.78271848154,2.00028056393,0.80193236715,0.478340712783,0.375062604341,1.33333333333,1.61904761905,0.590936840285,1.33333333333,0.333333333333,0.333333333333,1,0.000564652738566,0.105555555556,23,7,7,0.304347826087,0,0.217391304348,0.0434782608696,0.217391304348,23,29,0.0573122529644,1.52710453284,2.52173913043,4.14285714286,1.93333333333,3.16040223587,1.2532629556,0.6011994003,2.73391812247,2.16827989024,0.809595202399,1.25108648434,0.992241004823,0.527736131934,0.857996238048,0.561845125594,2.17872340426,1.75771276596,0.945152867509,2.17872340426,0.445730027548,0.333333333333,13,0.00734048560136,0.16146869004,23,16,16,0.695652173913,0,0.391304347826,0.260869565217,0.0434782608696,-70,-0.138339920949,-0.662640652185,-6.08695652174,-2.45714285714,-2.56666666667,-1.43939153851,0.718943476762,0.309587630427,-1.55597255857,1.1716386209,0.268532400466,-1.66337249568,0.315144474111,0.172004906638,-0.218299606935,0.0703286458023,-0.709536712603,-0.432032419067,-0.131142977474,-0.709536712603,0.094117388979,-0.125579435314,-108,-0.0609824957651,-0.130296647797,0.0434782608696,-0.347826086957,0,27,2,72,405,0.272727272727,0.995085995086,0.004914004914,0.727272727273,0.931034482759,0.272727272727,0.421875,0.457076298966,0.267813267813,0.267326732673,20,90,0,23,23,23,1,0,8,0,0.0386050732335,0,0,1,3.88826011686,0,16,NaN,1,ok,2.18974518502,0,23,7,7,0.304347826087,0,3,0,0.111455108359,0,0,1,2.33333333333,0,16,NaN,1,ok,1.61904761905,0,23,16,16,0.695652173913,0,9,0,0.148781259892,0,0,1,3.17872340426,0,16,NaN,1,ok,1.75771276596,0,0,0,0
41,WLNM_dir_neg,0.712808641975,0.688178952552,00:00:05,10,10,41,505464087,fixed,validated_v2,/gpfs/scratch/acw792/wlnm_roleonly_v2_20260910/result_wlnm_dir_neg_roleonly_trophicv2_100x290_train10-90_Apocrita_20260910_011848/ecological_snapshots/Broadstone_Stream_tax_mass_K10_ratio0.1_exp41_seed505464087_threshold0.5_validated_v2.mat,role_only,2,uniform_without_replacement,uniform_remaining_nonlinks,176,0,176,407,198,198,176,22,0,22,0.111111111111,18,180,0.5,0.947368421053,0.4,0.5625,36,2,54,178,0.4,0.988888888889,0.0111111111111,0.6,0.947368421053,0.4,0.5625,0.792592592593,0.61975308642,0.454545454545,0.527165828988,0.388888888889,99,9,90,0,99,0,9,0,90,23,99,0.195652173913,2.18974518502,8.60869565217,6.6,4.5,4.59979377438,0.534319478842,0.291611769873,4.28989068105,0.996641269334,0.541062801932,2.91445898002,0.677096530713,0.355731225296,1.07629584498,0.491516479791,2.88826011686,2.18974518502,1.07629584498,2.88826011686,0.351612638569,0.458912768647,121,0.0683229813665,0.291765337837,23,23,23,1,0,0.347826086957,0.608695652174,0.0434782608696,23,0.0177865612648,1,0.782608695652,1.28571428571,1.28571428571,0.998021758696,1.275250025,0.608695652174,0.656376446504,1.6774064744,0.743961352657,0.722315118515,1.84591641398,0.753623188406,0,0,0,NaN,NaN,NaN,0,0,0,0,0.0952380952381,23,5,0,0.217391304348,7,0.217391304348,0.0869565217391,0.217391304348,23,47,0.0928853754941,1.50768652279,4.08695652174,6.71428571429,2.47368421053,4.47125204631,1.09402975601,0.530989824237,4.06177593122,1.98767758336,0.806660499537,1.49174275352,0.730001773001,0.401480111008,0.826631504719,0.54827810173,2.62168141593,1.58383950121,0.86279258477,2.62168141593,0.749592074592,0.378737541528,38,0.0214568040655,0.191025046382,23,20,20,0.869565217391,0,0.565217391304,0.260869565217,0.0434782608696,-52,-0.102766798419,-0.682058662236,-4.52173913043,0.114285714286,-2.02631578947,-0.128541728064,0.559710277171,0.239378054364,-0.22811474983,0.991036314027,0.265597697605,-1.4227162265,0.0529052422878,0.0457488857119,-0.249664340265,0.056761621939,-0.266578700929,-0.605905683818,-0.213503260213,-0.266578700929,0.397979436023,-0.080175227119,-83,-0.046866177301,-0.100740291455,0.217391304348,-0.347826086957,0,45,2,54,405,0.454545454545,0.995085995086,0.004914004914,0.545454545455,0.957446808511,0.454545454545,0.616438356164,0.614491968094,0.449631449631,0.445544554455,38,90,0,23,23,23,1,0,8,0,0.0386050732335,0,0,1,3.88826011686,0,16,NaN,1,ok,2.18974518502,0,23,5,0,0.217391304348,7,1,3,NaN,NaN,NaN,NaN,NaN,0,0,NaN,0,basal_unreachable_in_lcc,NaN,2,23,20,20,0.869565217391,0,13,0,0.105645896045,0,0,1,3.62168141593,0,16,NaN,1,ok,1.58383950121,0,0,0,0
42,WLNM_dir_neg,0.621697530864,0.490524304601,00:00:06,10,10,42,505464088,fixed,validated_v2,/gpfs/scratch/acw792/wlnm_roleonly_v2_20260910/result_wlnm_dir_neg_roleonly_trophicv2_100x290_train10-90_Apocrita_20260910_011848/ecological_snapshots/Broadstone_Stream_tax_mass_K10_ratio0.1_exp42_seed505464088_threshold0.5_validated_v2.mat,role_only,2,uniform_without_replacement,uniform_remaining_nonlinks,176,0,176,407,198,198,176,22,0,22,0.111111111111,18,180,0.5,0.833333333333,0.111111111111,0.196078431373,10,2,80,178,0.111111111111,0.988888888889,0.0111111111111,0.888888888889,0.833333333333,0.111111111111,0.196078431373,0.696296296296,0.651851851852,0.127659574468,0.228747855499,0.1,99,9,90,0,99,0,9,0,90,23,99,0.195652173913,2.18974518502,8.60869565217,6.6,4.5,4.59979377438,0.534319478842,0.291611769873,4.28989068105,0.996641269334,0.541062801932,2.91445898002,0.677096530713,0.355731225296,1.07629584498,0.491516479791,2.88826011686,2.18974518502,1.07629584498,2.88826011686,0.351612638569,0.458912768647,121,0.0683229813665,0.291765337837,23,23,23,1,0,0.347826086957,0.608695652174,0.0434782608696,23,0.0177865612648,1.28260869565,0.782608695652,1.5,1.125,0.795242772488,1.01614354262,0.531400966184,0.722315118515,1.84591641398,0.782608695652,0.583027399542,1.48995890994,0.685990338164,0.496031683293,0.386736566635,1.5,1.5,0.57735026919,1,0,0,0,0,0.0333333333333,23,4,4,0.173913043478,0,0.304347826087,0.0434782608696,0.217391304348,23,21,0.0415019762846,1.49275362319,1.82608695652,3,1.61538461538,1.77487960957,0.97195788143,0.507246376812,1.67638798607,1.83604398474,0.782608695652,1.0406747583,1.13978664005,0.579710144928,0.847572679267,0.567791406499,3,1.66666666667,0.929829733518,3,0.136666666667,0.130434782609,2,0.00112930547713,0.119444444444,23,17,17,0.739130434783,0,0.434782608696,0.130434782609,0.173913043478,-78,-0.154150197628,-0.696991561836,-6.78260869565,-3.6,-2.88461538462,-2.82491416481,0.437638402588,0.215634606939,-2.61350269498,0.83940271541,0.24154589372,-1.87378422172,0.462690109333,0.223978919631,-0.228723165716,0.0762749267082,0.111739883142,-0.523078518358,-0.146466111466,0.111739883142,-0.214945971902,-0.328477986039,-119,-0.0671936758893,-0.172320893392,0.0869565217391,-0.478260869565,0.130434782609,19,2,80,405,0.191919191919,0.995085995086,0.004914004914,0.808080808081,0.904761904762,0.191919191919,0.316666666667,0.371952890541,0.187005187005,0.188118811881,12,90,0,23,23,23,1,0,8,0,0.0386050732335,0,0,1,3.88826011686,0,16,NaN,1,ok,2.18974518502,0,23,4,4,0.173913043478,0,2,0,0.16,0,0,1,2,0,16,NaN,1,ok,1.5,0,23,17,17,0.739130434783,0,10,0,0.0967741935484,0,0,1,4,0,16,NaN,1,ok,1.66666666667,0,0,0,0
43,WLNM_dir_neg,0.639969135802,0.552965824313,00:00:06,10,10,43,505464089,fixed,validated_v2,/gpfs/scratch/acw792/wlnm_roleonly_v2_20260910/result_wlnm_dir_neg_roleonly_trophicv2_100x290_train10-90_Apocrita_20260910_011848/ecological_snapshots/Broadstone_Stream_tax_mass_K10_ratio0.1_exp43_seed505464089_threshold0.5_validated_v2.mat,role_only,2,uniform_without_replacement,uniform_remaining_nonlinks,176,0,176,407,198,198,176,22,0,22,0.111111111111,18,180,0.5,0.645833333333,0.344444444444,0.449275362319,31,17,59,163,0.344444444444,0.905555555556,0.0944444444444,0.655555555556,0.645833333333,0.344444444444,0.449275362319,0.718518518519,0.607407407407,0.283018867925,0.308248101198,0.25,99,9,90,0,99,0,9,0,90,23,99,0.195652173913,2.18974518502,8.60869565217,6.6,4.5,4.59979377438,0.534319478842,0.291611769873,4.28989068105,0.996641269334,0.541062801932,2.91445898002,0.677096530713,0.355731225296,1.07629584498,0.491516479791,2.88826011686,2.18974518502,1.07629584498,2.88826011686,0.351612638569,0.458912768647,121,0.0683229813665,0.291765337837,23,23,23,1,0,0.347826086957,0.608695652174,0.0434782608696,23,0.0177865612648,1.45652173913,0.782608695652,1.28571428571,1.28571428571,0.951387586592,1.2156619162,0.618357487923,0.656376446504,1.6774064744,0.743961352657,0.656376446504,1.6774064744,0.743961352657,0.782087002226,0.53695525526,2.5,2.1875,0.923405962418,2.5,0,0,0,0,0.0952380952381,23,8,8,0.347826086957,0,0.173913043478,0.130434782609,0.173913043478,23,57,0.112648221344,2.25148378192,4.95652173913,3,3,4.27974362942,0.863457048042,0.425629290618,3.50155245073,1.41290712924,0.591914569031,3.46238967947,1.3971046075,0.541571319603,0.777058864097,0.345131894947,2.28571428571,2.25148378192,0.777058864097,2.28571428571,0.469506302521,0.294258373206,41,0.0231507622812,0.446914132479,23,23,23,1,0,0.173913043478,0.652173913043,0.173913043478,-42,-0.0830039525692,0.0617385968937,-3.65217391304,-3.6,-1.5,-0.320050144953,0.3291375692,0.134017520745,-0.788338230317,0.416265859908,0.0508517670989,0.547930699444,0.720008076792,0.185840094307,-0.299236980886,-0.146384584844,-0.602545831144,0.0617385968937,-0.299236980886,-0.602545831144,0.117893663952,-0.164654395442,-80,-0.0451722190853,0.155148794642,-0.173913043478,0.0434782608696,0.130434782609,40,17,59,390,0.40404040404,0.958230958231,0.041769041769,0.59595959596,0.701754385965,0.40404040404,0.512820512821,0.454556851015,0.362271362271,0.344827586207,48,90,0,23,23,23,1,0,8,0,0.0386050732335,0,0,1,3.88826011686,0,16,NaN,1,ok,2.18974518502,0,23,8,8,0.347826086957,0,2,0,0.0740740740741,0,0,1,3.5,0,16,NaN,1,ok,2.1875,0,23,23,23,1,0,4,0,0.00385927659829,0,0,1,3.28571428571,0,16,NaN,1,ok,2.25148378192,0,0,0,0
44,WLNM_dir_neg,0.723209876543,0.576183618986,00:00:06,10,10,44,505464090,fixed,validated_v2,/gpfs/scratch/acw792/wlnm_roleonly_v2_20260910/result_wlnm_dir_neg_roleonly_trophicv2_100x290_train10-90_Apocrita_20260910_011848/ecological_snapshots/Broadstone_Stream_tax_mass_K10_ratio0.1_exp44_seed505464090_threshold0.5_validated_v2.mat,role_only,2,uniform_without_replacement,uniform_remaining_nonlinks,176,0,176,407,198,198,176,22,0,22,0.111111111111,18,180,0.5,0.8,0.266666666667,0.4,24,6,66,174,0.266666666667,0.966666666667,0.0333333333333,0.733333333333,0.8,0.266666666667,0.4,0.733333333333,0.62962962963,0.28,0.35,0.233333333333,99,9,90,0,99,0,9,0,90,23,99,0.195652173913,2.18974518502,8.60869565217,6.6,4.5,4.59979377438,0.534319478842,0.291611769873,4.28989068105,0.996641269334,0.541062801932,2.91445898002,0.677096530713,0.355731225296,1.07629584498,0.491516479791,2.88826011686,2.18974518502,1.07629584498,2.88826011686,0.351612638569,0.458912768647,121,0.0683229813665,0.291765337837,23,23,23,1,0,0.347826086957,0.608695652174,0.0434782608696,23,0.0177865612648,1.34782608696,0.782608695652,1.28571428571,1.28571428571,0.850482309106,1.08672739497,0.550724637681,0.722315118515,1.84591641398,0.753623188406,0.656376446504,1.6774064744,0.743961352657,0.572768051751,0.424956941622,2,1.4,0.547722557505,1,0,0,0,0,0.0634920634921,23,5,5,0.217391304348,0,0.260869565217,0.0434782608696,0.260869565217,23,39,0.0770750988142,1.85525362319,3.39130434783,4.33333333333,3.25,3.35395465946,0.988986630353,0.521739130435,2.88309780695,1.70028845025,0.738015607581,2.22454862855,1.31191329376,0.653288740245,1.1856426313,0.639073071458,3.5,2.31138888889,1.25225240189,3.5,0.42042957043,0.367647058824,25,0.0141163184641,0.285251322751,23,15,15,0.652173913043,0,0.260869565217,0.260869565217,0.130434782609,-60,-0.118577075099,-0.334491561836,-5.21739130435,-2.26666666667,-1.25,-1.24583911492,0.454667151512,0.230127360562,-1.4067928741,0.703647180917,0.196952805648,-0.689910351473,0.634816763048,0.297557514949,0.109346786321,0.147556591666,0.611739883142,0.121643703864,0.175956556908,0.611739883142,0.0688169318604,-0.0912657098238,-96,-0.0542066629023,-0.00651401508544,-0.0869565217391,-0.347826086957,0.0869565217391,33,6,66,401,0.333333333333,0.985257985258,0.014742014742,0.666666666667,0.846153846154,0.333333333333,0.478260869565,0.473868669329,0.318591318591,0.314285714286,30,90,0,23,23,23,1,0,8,0,0.0386050732335,0,0,1,3.88826011686,0,16,NaN,1,ok,2.18974518502,0,23,5,5,0.217391304348,0,3,0,0.183673469388,0,0,1,2,0,16,NaN,1,ok,1.4,0,23,15,15,0.652173913043,0,6,0,0.0544612871018,0,0,1,4.5,0,16,NaN,1,ok,2.31138888889,0,0,0,0
45,WLNM_dir_neg,0.626080246914,0.575357492606,00:00:06,10,10,45,505464091,fixed,validated_v2,/gpfs/scratch/acw792/wlnm_roleonly_v2_20260910/result_wlnm_dir_neg_roleonly_trophicv2_100x290_train10-90_Apocrita_20260910_011848/ecological_snapshots/Broadstone_Stream_tax_mass_K10_ratio0.1_exp45_seed505464091_threshold0.5_validated_v2.mat,role_only,2,uniform_without_replacement,uniform_remaining_nonlinks,176,0,176,407,198,198,176,22,0,22,0.111111111111,18,180,0.5,0.837209302326,0.4,0.541353383459,36,7,54,173,0.4,0.961111111111,0.0388888888889,0.6,0.837209302326,0.4,0.541353383459,0.774074074074,0.613580246914,0.415335463259,0.465212314642,0.361111111111,99,9,90,0,99,0,9,0,90,23,99,0.195652173913,2.18974518502,8.60869565217,6.6,4.5,4.59979377438,0.534319478842,0.291611769873,4.28989068105,0.996641269334,0.541062801932,2.91445898002,0.677096530713,0.355731225296,1.07629584498,0.491516479791,2.88826011686,2.18974518502,1.07629584498,2.88826011686,0.351612638569,0.458912768647,121,0.0683229813665,0.291765337837,23,23,23,1,0,0.347826086957,0.608695652174,0.0434782608696,23,0.0177865612648,1.34782608696,0.782608695652,1.28571428571,1,0.735868178606,0.940276005996,0.444444444444,0.656376446504,1.6774064744,0.743961352657,0.499010879348,1.275250025,0.608695652174,0.572768051751,0.424956941622,2,1.75,0.957427107756,2,0,0,0,0,0,23,4,4,0.173913043478,0,0.347826086957,0.0434782608696,0.260869565217,23,52,0.102766798419,1.38930937837,4.52173913043,7.42857142857,2.36363636364,3.67880372376,0.813581592754,0.414715719064,3.69541966253,1.63451254304,0.744147157191,1.17617992224,0.520233427146,0.277591973244,0.614823830115,0.442539177873,1.66284297521,1.38930937837,0.614823830115,1.66284297521,0.36952020202,0.237113402062,23,0.012987012987,0.196993871364,23,23,23,1,0,0.695652173913,0.260869565217,0.0434782608696,-47,-0.0928853754941,-0.800435806656,-4.08695652174,0.828571428571,-2.13636363636,-0.920990050618,0.279262113913,0.123103949191,-0.594471018517,0.637871273708,0.203084355258,-1.73827905778,-0.156863103567,-0.0781392520523,-0.461472014869,-0.0489773019181,-1.22541714165,-0.800435806656,-0.461472014869,-1.22541714165,0.017907563451,-0.221799366585,-98,-0.0553359683794,-0.0947714664731,0.347826086957,-0.347826086957,0,45,7,54,400,0.454545454545,0.982800982801,0.017199017199,0.545454545455,0.865384615385,0.454545454545,0.596026490066,0.571361268114,0.437346437346,0.424528301887,43,90,0,23,23,23,1,0,8,0,0.0386050732335,0,0,1,3.88826011686,0,16,NaN,1,ok,2.18974518502,0,23,4,4,0.173913043478,0,2,0,0.25,0,0,1,3,0,16,NaN,1,ok,1.75,0,23,23,23,1,0,16,0,0.265331887971,0,0,1,2.66284297521,0,16,NaN,1,ok,1.38930937837,0,0,0,0
46,WLNM_dir_neg,0.663024691358,0.566681506741,00:00:06,10,10,46,505464092,fixed,validated_v2,/gpfs/scratch/acw792/wlnm_roleonly_v2_20260910/result_wlnm_dir_neg_roleonly_trophicv2_100x290_train10-90_Apocrita_20260910_011848/ecological_snapshots/Broadstone_Stream_tax_mass_K10_ratio0.1_exp46_seed505464092_threshold0.5_validated_v2.mat,role_only,2,uniform_without_replacement,uniform_remaining_nonlinks,176,0,176,407,198,198,176,22,0,22,0.111111111111,18,180,0.5,1,0.122222222222,0.217821782178,11,0,79,180,0.122222222222,1,0,0.877777777778,1,0.122222222222,0.217821782178,0.707407407407,0.653086419753,0.156583629893,0.291448254313,0.122222222222,99,9,90,0,99,0,9,0,90,23,99,0.195652173913,2.18974518502,8.60869565217,6.6,4.5,4.59979377438,0.534319478842,0.291611769873,4.28989068105,0.996641269334,0.541062801932,2.91445898002,0.677096530713,0.355731225296,1.07629584498,0.491516479791,2.88826011686,2.18974518502,1.07629584498,2.88826011686,0.351612638569,0.458912768647,121,0.0683229813665,0.291765337837,23,23,23,1,0,0.347826086957,0.608695652174,0.0434782608696,23,0.0177865612648,1.32608695652,0.782608695652,1.5,1.28571428571,0.998021758696,1.275250025,0.608695652174,0.722315118515,1.84591641398,0.782608695652,0.656376446504,1.6774064744,0.743961352657,0.595603125415,0.449143340477,2,1.75,0.880340843083,2,0,0,0,0,0.0666666666667,23,6,6,0.260869565217,0,0.260869565217,0.0434782608696,0.217391304348,23,20,0.0395256916996,1.51086956522,1.73913043478,2.5,2.5,1.982133637,1.13972684128,0.595652173913,1.4239620726,1.63755638348,0.74347826087,1.48643404361,1.70939915015,0.760869565217,0.770471597279,0.509952424098,2,1.90384615385,0.838764353693,2,0.174074074074,0.155172413793,3,0.0016939582157,0.225,23,13,13,0.565217391304,0,0.217391304348,0.130434782609,0.217391304348,-79,-0.156126482213,-0.678875619807,-6.86956521739,-4.1,-2,-2.61766013737,0.605407362435,0.30404040404,-2.86592860845,0.64091511415,0.202415458937,-1.42802493641,1.03230261944,0.405138339921,-0.305824247704,0.018435944307,-0.888260116858,-0.285899031179,-0.237531491291,-0.888260116858,-0.177538564495,-0.303740354854,-118,-0.0666290231508,-0.0667653378368,-0.130434782609,-0.478260869565,0.173913043478,20,0,79,407,0.20202020202,1,0,0.79797979798,1,0.20202020202,0.336134453782,0.411316820962,0.20202020202,0.20202020202,11,90,0,23,23,23,1,0,8,0,0.0386050732335,0,0,1,3.88826011686,0,16,NaN,1,ok,2.18974518502,0,23,6,6,0.260869565217,0,3,0,0.16,0,0,1,3,0,16,NaN,1,ok,1.75,0,23,13,13,0.565217391304,0,5,0,0.0488909008601,0,0,1,3,0,16,NaN,1,ok,1.90384615385,0,0,0,0
47,WLNM_dir_neg,0.698055555556,0.663374801716,00:00:06,10,10,47,505464093,fixed,validated_v2,/gpfs/scratch/acw792/wlnm_roleonly_v2_20260910/result_wlnm_dir_neg_roleonly_trophicv2_100x290_train10-90_Apocrita_20260910_011848/ecological_snapshots/Broadstone_Stream_tax_mass_K10_ratio0.1_exp47_seed505464093_threshold0.5_validated_v2.mat,role_only,2,uniform_without_replacement,uniform_remaining_nonlinks,176,0,176,407,198,198,176,22,0,22,0.111111111111,18,180,0.5,0.944444444444,0.377777777778,0.539682539683,34,2,56,178,0.377777777778,0.988888888889,0.0111111111111,0.622222222222,0.944444444444,0.377777777778,0.539682539683,0.785185185185,0.622222222222,0.43137254902,0.508475179873,0.366666666667,99,9,90,0,99,0,9,0,90,23,99,0.195652173913,2.18974518502,8.60869565217,6.6,4.5,4.59979377438,0.534319478842,0.291611769873,4.28989068105,0.996641269334,0.541062801932,2.91445898002,0.677096530713,0.355731225296,1.07629584498,0.491516479791,2.88826011686,2.18974518502,1.07629584498,2.88826011686,0.351612638569,0.458912768647,121,0.0683229813665,0.291765337837,23,23,23,1,0,0.347826086957,0.608695652174,0.0434782608696,23,0.0177865612648,1.30434782609,0.782608695652,1.5,1,0.795242772488,1.01614354262,0.502415458937,0.78271848154,2.00028056393,0.80193236715,0.499010879348,1.275250025,0.608695652174,0.558795995357,0.428410263107,2,1.25,0.5,1,0,0,0,0,0,23,4,4,0.173913043478,0,0.347826086957,0.0434782608696,0.217391304348,23,45,0.0889328063241,1.31971100364,3.91304347826,7.5,1.95652173913,3.51507200855,0.898296179963,0.421256038647,3.67396566606,1.87780467377,0.794202898551,0.705707953345,0.360695176154,0.185507246377,0.556709017309,0.421841612121,1.38647993536,1.31971100364,0.556709017309,1.38647993536,0.304621212121,0.155172413793,12,0.00677583286279,0.168798238798,23,23,23,1,0,0.739130434783,0.260869565217,0,-54,-0.106719367589,-0.870034181383,-4.69565217391,0.9,-2.54347826087,-1.08472176583,0.363976701121,0.129644268775,-0.615925014984,0.881163404432,0.253140096618,-2.20875102668,-0.316401354558,-0.17022397892,-0.519586827674,-0.0696748676707,-1.5017801815,-0.870034181383,-0.519586827674,-1.5017801815,-0.0469914264479,-0.303740354854,-109,-0.0615471485037,-0.122967099039,0.391304347826,-0.347826086957,-0.0434782608696,43,2,56,405,0.434343434343,0.995085995086,0.004914004914,0.565656565657,0.955555555556,0.434343434343,0.597222222222,0.598480337006,0.429429429429,0.425742574257,36,90,0,23,23,23,1,0,8,0,0.0386050732335,0,0,1,3.88826011686,0,16,NaN,1,ok,2.18974518502,0,23,4,4,0.173913043478,0,3,0,0.5625,0,0,1,2,0,16,NaN,1,ok,1.25,0,23,23,23,1,0,17,0,0.438934286939,0,0,1,2.38647993536,0,16,NaN,1,ok,1.31971100364,0,0,0,0
48,WLNM_dir_neg,0.688580246914,0.577240190035,00:00:06,10,10,48,505464094,fixed,validated_v2,/gpfs/scratch/acw792/wlnm_roleonly_v2_20260910/result_wlnm_dir_neg_roleonly_trophicv2_100x290_train10-90_Apocrita_20260910_011848/ecological_snapshots/Broadstone_Stream_tax_mass_K10_ratio0.1_exp48_seed505464094_threshold0.5_validated_v2.mat,role_only,2,uniform_without_replacement,uniform_remaining_nonlinks,176,0,176,407,198,198,176,22,0,22,0.111111111111,18,180,0.5,0.666666666667,0.133333333333,0.222222222222,12,6,78,174,0.133333333333,0.966666666667,0.0333333333333,0.866666666667,0.666666666667,0.133333333333,0.222222222222,0.688888888889,0.644444444444,0.125,0.188982236505,0.1,99,9,90,0,99,0,9,0,90,23,99,0.195652173913,2.18974518502,8.60869565217,6.6,4.5,4.59979377438,0.534319478842,0.291611769873,4.28989068105,0.996641269334,0.541062801932,2.91445898002,0.677096530713,0.355731225296,1.07629584498,0.491516479791,2.88826011686,2.18974518502,1.07629584498,2.88826011686,0.351612638569,0.458912768647,121,0.0683229813665,0.291765337837,23,23,23,1,0,0.347826086957,0.608695652174,0.0434782608696,23,0.0177865612648,1.4347826087,0.782608695652,1.125,1.28571428571,0.850482309106,1.08672739497,0.550724637681,0.583027399542,1.48995890994,0.685990338164,0.722315118515,1.84591641398,0.753623188406,0.662370876372,0.461652428986,2,1.83333333333,0.752772652709,2,0,0,0,0,0.0714285714286,23,6,6,0.260869565217,0,0.217391304348,0.0869565217391,0.260869565217,23,27,0.0533596837945,1.60339026915,2.34782608696,3,1.92857142857,2.30825978631,0.983147686763,0.497584541063,1.85011483459,1.57602374799,0.721417069243,1.77487960957,1.51193448222,0.624798711755,0.801416170032,0.499826015819,2.3125,1.7304197995,0.828887491002,2.3125,0.410251322751,0.252631578947,8,0.00451722190853,0.21669973545,23,19,19,0.826086956522,0,0.434782608696,0.173913043478,0.217391304348,-72,-0.142292490119,-0.586354915874,-6.26086956522,-3.6,-2.57142857143,-2.29153398806,0.448828207921,0.20597277119,-2.43977584645,0.579382478654,0.180354267311,-1.13957937046,0.834837951511,0.269067486459,-0.274879674951,0.00830953602739,-0.575760116858,-0.459325385526,-0.247408353981,-0.575760116858,0.0586386841822,-0.2062811897,-113,-0.0638057594579,-0.075065602387,0.0869565217391,-0.434782608696,0.173913043478,21,6,78,401,0.212121212121,0.985257985258,0.014742014742,0.787878787879,0.777777777778,0.212121212121,0.333333333333,0.34839069069,0.197379197379,0.2,18,90,0,23,23,23,1,0,8,0,0.0386050732335,0,0,1,3.88826011686,0,16,NaN,1,ok,2.18974518502,0,23,6,6,0.260869565217,0,2,0,0.0634920634921,0,0,1,3,0,16,NaN,1,ok,1.83333333333,0,23,19,19,0.826086956522,0,10,0,0.0399541342846,0,0,1,3.3125,0,16,NaN,1,ok,1.7304197995,0,0,0,0
49,WLNM_dir_neg,0.686944444444,0.620735451343,00:00:05,10,10,49,505464095,fixed,validated_v2,/gpfs/scratch/acw792/wlnm_roleonly_v2_20260910/result_wlnm_dir_neg_roleonly_trophicv2_100x290_train10-90_Apocrita_20260910_011848/ecological_snapshots/Broadstone_Stream_tax_mass_K10_ratio0.1_exp49_seed505464095_threshold0.5_validated_v2.mat,role_only,2,uniform_without_replacement,uniform_remaining_nonlinks,176,0,176,407,198,198,176,22,0,22,0.111111111111,18,180,0.5,0.878787878788,0.322222222222,0.471544715447,29,4,61,176,0.322222222222,0.977777777778,0.0222222222222,0.677777777778,0.878787878788,0.322222222222,0.471544715447,0.759259259259,0.625925925926,0.356435643564,0.431765183593,0.3,99,9,90,0,99,0,9,0,90,23,99,0.195652173913,2.18974518502,8.60869565217,6.6,4.5,4.59979377438,0.534319478842,0.291611769873,4.28989068105,0.996641269334,0.541062801932,2.91445898002,0.677096530713,0.355731225296,1.07629584498,0.491516479791,2.88826011686,2.18974518502,1.07629584498,2.88826011686,0.351612638569,0.458912768647,121,0.0683229813665,0.291765337837,23,23,23,1,0,0.347826086957,0.608695652174,0.0434782608696,23,0.0177865612648,1.32608695652,0.782608695652,1.28571428571,1,0.671262158456,0.857723869139,0.434782608696,0.656376446504,1.6774064744,0.743961352657,0.499010879348,1.275250025,0.608695652174,0.513647731519,0.387340912293,1.5,1.625,0.75,1.5,0,0,0,0,0,23,4,4,0.173913043478,0,0.347826086957,0.0434782608696,0.260869565217,23,42,0.0830039525692,1.43153721372,3.65217391304,6,1.90909090909,3.17101497448,0.868254100155,0.445134575569,3.00986520255,1.64825951568,0.743271221532,1.1140496934,0.610074832101,0.314699792961,0.678581333698,0.474022838662,1.66345115366,1.43153721372,0.678581333698,1.66345115366,0.497989417989,0.276699029126,19,0.0107284020327,0.143284889713,23,23,23,1,0,0.695652173913,0.260869565217,0.0434782608696,-57,-0.112648221344,-0.758207971305,-4.95652173913,-0.6,-2.59090909091,-1.4287787999,0.333934621314,0.153522805697,-1.28002547849,0.65161824635,0.2022084196,-1.80040928662,-0.067021698612,-0.0410314323358,-0.397714511285,-0.0174936411293,-1.2248089632,-0.758207971305,-0.397714511285,-1.2248089632,0.14637677942,-0.182213739521,-102,-0.0575945793337,-0.148480448123,0.347826086957,-0.347826086957,0,38,4,61,403,0.383838383838,0.990171990172,0.00982800982801,0.616161616162,0.904761904762,0.383838383838,0.539007092199,0.53779259117,0.37401037401,0.368932038835,33,90,0,23,23,23,1,0,8,0,0.0386050732335,0,0,1,3.88826011686,0,16,NaN,1,ok,2.18974518502,0,23,4,4,0.173913043478,0,2,0,0.2,0,0,1,2.5,0,16,NaN,1,ok,1.625,0,23,23,23,1,0,16,0,0.29747985494,0,0,1,2.66345115366,0,16,NaN,1,ok,1.43153721372,0,0,0,0
50,WLNM_dir_neg,0.61787037037,0.498970185262,00:00:11,10,10,50,505464096,fixed,validated_v2,/gpfs/scratch/acw792/wlnm_roleonly_v2_20260910/result_wlnm_dir_neg_roleonly_trophicv2_100x290_train10-90_Apocrita_20260910_011848/ecological_snapshots/Broadstone_Stream_tax_mass_K10_ratio0.1_exp50_seed505464096_threshold0.5_validated_v2.mat,role_only,2,uniform_without_replacement,uniform_remaining_nonlinks,176,0,176,407,198,198,176,22,0,22,0.111111111111,18,180,0.5,0.705882352941,0.266666666667,0.387096774194,24,10,66,170,0.266666666667,0.944444444444,0.0555555555556,0.733333333333,0.705882352941,0.266666666667,0.387096774194,0.718518518519,0.624691358025,0.25,0.299966764527,0.211111111111,99,9,90,0,99,0,9,0,90,23,99,0.195652173913,2.18974518502,8.60869565217,6.6,4.5,4.59979377438,0.534319478842,0.291611769873,4.28989068105,0.996641269334,0.541062801932,2.91445898002,0.677096530713,0.355731225296,1.07629584498,0.491516479791,2.88826011686,2.18974518502,1.07629584498,2.88826011686,0.351612638569,0.458912768647,121,0.0683229813665,0.291765337837,23,23,23,1,0,0.347826086957,0.608695652174,0.0434782608696,23,0.0177865612648,1.27536231884,0.782608695652,1.5,1.125,0.850482309106,1.08672739497,0.550724637681,0.78271848154,2.00028056393,0.80193236715,0.583027399542,1.48995890994,0.685990338164,0.478340712783,0.375062604341,1.33333333333,1.55555555556,0.620632890834,1.33333333333,0,0,0,0,0.0222222222222,23,6,6,0.260869565217,0,0.304347826087,0.0434782608696,0.217391304348,23,43,0.0849802371542,1.50621118012,3.73913043478,6.14285714286,2.04761904762,3.69541966253,0.988309909746,0.481294236603,3.63448568108,1.94402722477,0.798786653185,1.28997349607,0.689985823477,0.361981799798,0.82342587316,0.546686868366,2.5,1.52922077922,0.835200752422,2.5,0.559007659008,0.240506329114,19,0.0107284020327,0.184473991617,23,22,22,0.95652173913,0,0.652173913043,0.260869565217,0.0434782608696,-56,-0.110671936759,-0.683534004901,-4.86956521739,-0.457142857143,-2.45238095238,-0.904374111847,0.453990430905,0.18968246673,-0.655404999963,0.947385955432,0.257723851253,-1.62448548396,0.0128892927645,0.00625057450133,-0.252869971823,0.0551703885747,-0.388260116858,-0.660524405804,-0.241095092561,-0.388260116858,0.207395020438,-0.218406439533,-102,-0.0575945793337,-0.10729134622,0.304347826087,-0.347826086957,0,33,10,66,397,0.333333333333,0.97542997543,0.02457002457,0.666666666667,0.767441860465,0.333333333333,0.464788732394,0.439254040306,0.308763308763,0.302752293578,34,90,0,23,23,23,1,0,8,0,0.0386050732335,0,0,1,3.88826011686,0,16,NaN,1,ok,2.18974518502,0,23,6,6,0.260869565217,0,3,0,0.183673469388,0,0,1,2.33333333333,0,16,NaN,1,ok,1.55555555556,0,23,22,22,0.95652173913,0,15,0,0.106367968046,0,0,1,3.5,0,16,NaN,1,ok,1.52922077922,0,0,0,0
51,WLNM_dir_neg,0.633734567901,0.458391445543,00:00:01,10,10,51,505464097,fixed,validated_v2,/gpfs/scratch/acw792/wlnm_roleonly_v2_20260910/result_wlnm_dir_neg_roleonly_trophicv2_100x290_train10-90_Apocrita_20260910_011848/ecological_snapshots/Broadstone_Stream_tax_mass_K10_ratio0.1_exp51_seed505464097_threshold0.5_validated_v2.mat,role_only,2,uniform_without_replacement,uniform_remaining_nonlinks,176,0,176,407,198,198,176,22,0,22,0.111111111111,18,180,0.5,0.575757575758,0.211111111111,0.308943089431,19,14,71,166,0.211111111111,0.922222222222,0.0777777777778,0.788888888889,0.575757575758,0.211111111111,0.308943089431,0.685185185185,0.625925925926,0.158415841584,0.191895637152,0.133333333333,99,9,90,0,99,0,9,0,90,23,99,0.195652173913,2.18974518502,8.60869565217,6.6,4.5,4.59979377438,0.534319478842,0.291611769873,4.28989068105,0.996641269334,0.541062801932,2.91445898002,0.677096530713,0.355731225296,1.07629584498,0.491516479791,2.88826011686,2.18974518502,1.07629584498,2.88826011686,0.351612638569,0.458912768647,121,0.0683229813665,0.291765337837,23,23,23,1,0,0.347826086957,0.608695652174,0.0434782608696,23,0.0177865612648,1.26086956522,0.782608695652,1.5,1.28571428571,0.850482309106,1.08672739497,0.550724637681,0.78271848154,2.00028056393,0.80193236715,0.656376446504,1.6774064744,0.743961352657,0.448977758545,0.356085808501,1,1.4,0.547722557505,1,0,0,0,0,0.0555555555556,23,5,5,0.217391304348,0,0.304347826087,0,0.260869565217,23,42,0.0830039525692,1,3.65217391304,2.47058823529,2.625,2.8700442767,0.785845456714,0.395445134576,2.26940468592,1.24276923276,0.573498964803,2.36743386032,1.29645187589,0.569358178054,0,0,0,NaN,NaN,NaN,0.582752335384,0.304812834225,19,0.0107284020327,0.286665499533,23,21,0,0.913043478261,7,0.173913043478,0.521739130435,0.217391304348,-57,-0.112648221344,-1.18974518502,-4.95652173913,-4.12941176471,-1.875,-1.72974949768,0.251525977873,0.103833364703,-2.02048599513,0.246127963429,0.0324361628709,-0.547025119701,0.619355345178,0.213626952757,-1.07629584498,-0.491516479791,-2.88826011686,NaN,NaN,NaN,0.231139696815,-0.154099934423,-102,-0.0575945793337,-0.00509983830362,-0.173913043478,-0.0869565217391,0.173913043478,28,14,71,393,0.282828282828,0.965601965602,0.034398034398,0.717171717172,0.666666666667,0.282828282828,0.397163120567,0.357219896325,0.24843024843,0.247787610619,33,90,0,23,23,23,1,0,8,0,0.0386050732335,0,0,1,3.88826011686,0,16,NaN,1,ok,2.18974518502,0,23,5,5,0.217391304348,0,3,0,0.183673469388,0,0,1,2,0,16,NaN,1,ok,1.4,0,23,21,0,0.913043478261,7,4,3,NaN,NaN,NaN,NaN,NaN,0,0,NaN,0,basal_unreachable_in_lcc,NaN,2,0,0,0
52,WLNM_dir_neg,0.616913580247,0.466302659606,00:00:02,10,10,52,505464098,fixed,validated_v2,/gpfs/scratch/acw792/wlnm_roleonly_v2_20260910/result_wlnm_dir_neg_roleonly_trophicv2_100x290_train10-90_Apocrita_20260910_011848/ecological_snapshots/Broadstone_Stream_tax_mass_K10_ratio0.1_exp52_seed505464098_threshold0.5_validated_v2.mat,role_only,2,uniform_without_replacement,uniform_remaining_nonlinks,176,0,176,407,198,198,176,22,0,22,0.111111111111,18,180,0.5,0.6,0.133333333333,0.218181818182,12,8,78,172,0.133333333333,0.955555555556,0.0444444444444,0.866666666667,0.6,0.133333333333,0.218181818182,0.681481481481,0.641975308642,0.110344827586,0.16,0.0888888888889,99,9,90,0,99,0,9,0,90,23,99,0.195652173913,2.18974518502,8.60869565217,6.6,4.5,4.59979377438,0.534319478842,0.291611769873,4.28989068105,0.996641269334,0.541062801932,2.91445898002,0.677096530713,0.355731225296,1.07629584498,0.491516479791,2.88826011686,2.18974518502,1.07629584498,2.88826011686,0.351612638569,0.458912768647,121,0.0683229813665,0.291765337837,23,23,23,1,0,0.347826086957,0.608695652174,0.0434782608696,23,0.0177865612648,1.26086956522,0.782608695652,1.8,1.125,0.998021758696,1.275250025,0.63768115942,0.838783233173,2.14355715144,0.830917874396,0.583027399542,1.48995890994,0.685990338164,0.519386990451,0.411927613116,1.5,1.55555555556,0.682112730989,1.5,0,0,0,0,0.05,23,9,9,0.391304347826,0,0.260869565217,0.0869565217391,0.130434782609,23,29,0.0573122529644,1.51052631579,2.52173913043,4.14285714286,1.93333333333,3.24555031357,1.28702857262,0.631184407796,2.7669706327,2.19449395007,0.830584707646,1.42118360737,1.12714561964,0.548725637181,0.84853045601,0.561744901192,2.7,1.78280701754,0.950298370587,2.7,0.699761904762,0.422535211268,20,0.0112930547713,0.189368171511,23,15,15,0.652173913043,0,0.347826086957,0.304347826087,0,-70,-0.138339920949,-0.679218869235,-6.08695652174,-2.45714285714,-2.56666666667,-1.3542434608,0.752709093783,0.339572637923,-1.52292004835,1.19785268074,0.289521905714,-1.49327537266,0.450049088923,0.192994411885,-0.227765388973,0.0702284214003,-0.188260116858,-0.406938167481,-0.125997474396,-0.188260116858,0.348149266193,-0.0363775573797,-101,-0.0570299265951,-0.102397166326,0,-0.304347826087,-0.0434782608696,21,8,78,399,0.212121212121,0.980343980344,0.019656019656,0.787878787879,0.724137931034,0.212121212121,0.328125,0.328479909043,0.192465192465,0.196261682243,20,90,0,23,23,23,1,0,8,0,0.0386050732335,0,0,1,3.88826011686,0,16,NaN,1,ok,2.18974518502,0,23,9,9,0.391304347826,0,5,0,0.126315789474,0,0,1,2.5,0,16,NaN,1,ok,1.55555555556,0,23,15,15,0.652173913043,0,8,0,0.0498045265949,0,0,1,3.7,0,16,NaN,1,ok,1.78280701754,0,0,0,0
53,WLNM_dir_neg,0.709043209877,0.613761832518,00:00:01,10,10,53,505464099,fixed,validated_v2,/gpfs/scratch/acw792/wlnm_roleonly_v2_20260910/result_wlnm_dir_neg_roleonly_trophicv2_100x290_train10-90_Apocrita_20260910_011848/ecological_snapshots/Broadstone_Stream_tax_mass_K10_ratio0.1_exp53_seed505464099_threshold0.5_validated_v2.mat,role_only,2,uniform_without_replacement,uniform_remaining_nonlinks,176,0,176,407,198,198,176,22,0,22,0.111111111111,18,180,0.5,0.825,0.366666666667,0.507692307692,33,7,57,173,0.366666666667,0.961111111111,0.0388888888889,0.633333333333,0.825,0.366666666667,0.507692307692,0.762962962963,0.617283950617,0.38064516129,0.434953770657,0.327777777778,99,9,90,0,99,0,9,0,90,23,99,0.195652173913,2.18974518502,8.60869565217,6.6,4.5,4.59979377438,0.534319478842,0.291611769873,4.28989068105,0.996641269334,0.541062801932,2.91445898002,0.677096530713,0.355731225296,1.07629584498,0.491516479791,2.88826011686,2.18974518502,1.07629584498,2.88826011686,0.351612638569,0.458912768647,121,0.0683229813665,0.291765337837,23,23,23,1,0,0.347826086957,0.608695652174,0.0434782608696,23,0.0177865612648,1.45652173913,0.782608695652,1.125,1.28571428571,0.850482309106,1.08672739497,0.550724637681,0.583027399542,1.48995890994,0.685990338164,0.656376446504,1.6774064744,0.743961352657,0.68941746619,0.473331394698,2,2.2,0.836660026534,2,0,0,0,0,0.0714285714286,23,5,5,0.217391304348,0,0.217391304348,0.0869565217391,0.260869565217,23,49,0.096837944664,1.56148700798,4.26086956522,5.44444444444,2.22727272727,3.70769949876,0.870174372159,0.419698314108,4.00345700416,1.87917369583,0.786157941437,1.32474175274,0.62181755741,0.328305235138,0.759612974813,0.486467688129,2.1875,1.56148700798,0.759612974813,2.1875,0.518721629248,0.24115755627,25,0.0141163184641,0.140592978644,23,23,23,1,0,0.608695652174,0.347826086957,0.0434782608696,-50,-0.098814229249,-0.62825817705,-4.34782608696,-1.15555555556,-2.27272727273,-0.892094275615,0.335854893317,0.128086544236,-0.286433676883,0.882532426498,0.245095139505,-1.58971722728,-0.0552789733024,-0.0274259901589,-0.31668287017,-0.0050487916622,-0.700760116858,-0.62825817705,-0.31668287017,-0.700760116858,0.167108990679,-0.217755212377,-96,-0.0542066629023,-0.151172359192,0.260869565217,-0.260869565217,0,42,7,57,400,0.424242424242,0.982800982801,0.017199017199,0.575757575758,0.857142857143,0.424242424242,0.567567567568,0.546008478632,0.407043407043,0.396226415094,40,90,0,23,23,23,1,0,8,0,0.0386050732335,0,0,1,3.88826011686,0,16,NaN,1,ok,2.18974518502,0,23,5,5,0.217391304348,0,1,0,0.0666666666667,0,0,1,3,0,16,NaN,1,ok,2.2,0,23,23,23,1,0,14,0,0.0778427216214,0,0,1,3.1875,0,16,NaN,1,ok,1.56148700798,0,0,0,0
54,WLNM_dir_neg,0.694938271605,0.527619929198,00:00:02,10,10,54,505464100,fixed,validated_v2,/gpfs/scratch/acw792/wlnm_roleonly_v2_20260910/result_wlnm_dir_neg_roleonly_trophicv2_100x290_train10-90_Apocrita_20260910_011848/ecological_snapshots/Broadstone_Stream_tax_mass_K10_ratio0.1_exp54_seed505464100_threshold0.5_validated_v2.mat,role_only,2,uniform_without_replacement,uniform_remaining_nonlinks,176,0,176,407,198,198,176,22,0,22,0.111111111111,18,180,0.5,0.512195121951,0.233333333333,0.320610687023,21,20,69,160,0.233333333333,0.888888888889,0.111111111111,0.766666666667,0.512195121951,0.233333333333,0.320610687023,0.67037037037,0.616049382716,0.141479099678,0.160545454315,0.122222222222,99,9,90,0,99,0,9,0,90,23,99,0.195652173913,2.18974518502,8.60869565217,6.6,4.5,4.59979377438,0.534319478842,0.291611769873,4.28989068105,0.996641269334,0.541062801932,2.91445898002,0.677096530713,0.355731225296,1.07629584498,0.491516479791,2.88826011686,2.18974518502,1.07629584498,2.88826011686,0.351612638569,0.458912768647,121,0.0683229813665,0.291765337837,23,23,23,1,0,0.347826086957,0.608695652174,0.0434782608696,23,0.0177865612648,1.23188405797,0.782608695652,1.8,1.28571428571,0.998021758696,1.275250025,0.63768115942,0.838783233173,2.14355715144,0.830917874396,0.656376446504,1.6774064744,0.743961352657,0.454325814303,0.368805661023,1.33333333333,1.47619047619,0.604217978117,1.33333333333,0.333333333333,0.333333333333,1,0.000564652738566,0.0583333333333,23,7,7,0.304347826087,0,0.260869565217,0.0434782608696,0.173913043478,23,50,0.098814229249,4.54554865424,4.34782608696,2.5,5.55555555556,5.17519165787,1.19029408131,0.510434782609,1.5270939101,0.702463198648,0.333913043478,4.62849056402,2.12910565945,0.812173913043,1.71642690419,0.37760610099,5.91071428571,4.88321995465,1.36525415976,5.91071428571,0.766862745098,0.265193370166,32,0.0180688876341,0.497700501253,23,21,21,0.913043478261,0,0.0434782608696,0.347826086957,0.521739130435,-49,-0.096837944664,2.35580346922,-4.26086956522,-4.1,1.05555555556,0.57539788349,0.655974602468,0.218823012736,-2.76279677094,-0.294178070686,-0.207149758454,1.71403158399,1.45200912873,0.456442687747,0.640131059208,-0.113910378801,3.02245416886,2.69347476962,0.288958314777,3.02245416886,0.415250106529,-0.193719398482,-89,-0.0502540937324,0.205935163416,-0.304347826087,-0.260869565217,0.478260869565,30,20,69,387,0.30303030303,0.95085995086,0.04914004914,0.69696969697,0.6,0.30303030303,0.402684563758,0.33751525614,0.25389025389,0.252100840336,41,90,0,23,23,23,1,0,8,0,0.0386050732335,0,0,1,3.88826011686,0,16,NaN,1,ok,2.18974518502,0,23,7,7,0.304347826087,0,4,0,0.230769230769,0,0,1,2.33333333333,0,16,NaN,1,ok,1.47619047619,0,23,21,21,0.913043478261,0,1,0,0.00544217687075,0,0,1,6.91071428571,0,16,NaN,1,ok,4.88321995465,0,0,0,0
55,WLNM_dir_neg,0.639537037037,0.429243295468,00:00:01,10,10,55,505464101,fixed,validated_v2,/gpfs/scratch/acw792/wlnm_roleonly_v2_20260910/result_wlnm_dir_neg_roleonly_trophicv2_100x290_train10-90_Apocrita_20260910_011848/ecological_snapshots/Broadstone_Stream_tax_mass_K10_ratio0.1_exp55_seed505464101_threshold0.5_validated_v2.mat,role_only,2,uniform_without_replacement,uniform_remaining_nonlinks,176,0,176,407,198,198,176,22,0,22,0.111111111111,18,180,0.5,0.5,0.277777777778,0.357142857143,25,25,65,155,0.277777777778,0.861111111111,0.138888888889,0.722222222222,0.5,0.277777777778,0.357142857143,0.666666666667,0.604938271605,0.15625,0.168549965616,0.138888888889,99,9,90,0,99,0,9,0,90,23,99,0.195652173913,2.18974518502,8.60869565217,6.6,4.5,4.59979377438,0.534319478842,0.291611769873,4.28989068105,0.996641269334,0.541062801932,2.91445898002,0.677096530713,0.355731225296,1.07629584498,0.491516479791,2.88826011686,2.18974518502,1.07629584498,2.88826011686,0.351612638569,0.458912768647,121,0.0683229813665,0.291765337837,23,23,23,1,0,0.347826086957,0.608695652174,0.0434782608696,23,0.0177865612648,1.47826086957,0.782608695652,1.125,1.28571428571,0.850482309106,1.08672739497,0.565217391304,0.583027399542,1.48995890994,0.685990338164,0.656376446504,1.6774064744,0.743961352657,0.730477130337,0.494146294051,2,1.8,0.836660026534,2,0,0,0,0,0.0535714285714,23,5,5,0.217391304348,0,0.173913043478,0.130434782609,0.217391304348,23,59,0.116600790514,NaN,5.13043478261,2.5652173913,3.10526315789,3.78158634133,0.73708886314,0.353721444363,1.87873475211,0.732388123703,0.294767870302,3.56531379413,1.38986808924,0.593957258659,NaN,NaN,NaN,NaN,NaN,NaN,0.362760724124,0.218181818182,24,0.0135516657256,0.285254337231,23,23,0,1,6,0,0.826086956522,0.173913043478,-40,-0.0790513833992,NaN,-3.47826086957,-4.0347826087,-1.39473684211,-0.818207433049,0.202769384298,0.0621096744899,-2.41115592894,-0.264253145631,-0.24629493163,0.650854814103,0.712771558523,0.238226033362,NaN,NaN,NaN,NaN,NaN,NaN,0.0111480855552,-0.240730950465,-97,-0.0547713156409,-0.00651100060614,-0.347826086957,0.217391304348,0.130434782609,34,25,65,382,0.343434343434,0.938574938575,0.0614250614251,0.656565656566,0.576271186441,0.343434343434,0.430379746835,0.348576766851,0.282009282009,0.274193548387,50,90,0,23,23,23,1,0,8,0,0.0386050732335,0,0,1,3.88826011686,0,16,NaN,1,ok,2.18974518502,0,23,5,5,0.217391304348,0,2,0,0.114285714286,0,0,1,3,0,16,NaN,1,ok,1.8,0,23,23,0,1,6,0,23,NaN,NaN,NaN,NaN,NaN,0,0,NaN,0,no_basal_in_lcc,NaN,2,0,0,0
56,WLNM_dir_neg,0.658024691358,0.577081899111,00:00:01,10,10,56,505464102,fixed,validated_v2,/gpfs/scratch/acw792/wlnm_roleonly_v2_20260910/result_wlnm_dir_neg_roleonly_trophicv2_100x290_train10-90_Apocrita_20260910_011848/ecological_snapshots/Broadstone_Stream_tax_mass_K10_ratio0.1_exp56_seed505464102_threshold0.5_validated_v2.mat,role_only,2,uniform_without_replacement,uniform_remaining_nonlinks,176,0,176,407,198,198,176,22,0,22,0.111111111111,18,180,0.5,0.571428571429,0.311111111111,0.402877697842,28,21,62,159,0.311111111111,0.883333333333,0.116666666667,0.688888888889,0.571428571429,0.311111111111,0.402877697842,0.692592592593,0.606172839506,0.219435736677,0.237825747077,0.194444444444,99,9,90,0,99,0,9,0,90,23,99,0.195652173913,2.18974518502,8.60869565217,6.6,4.5,4.59979377438,0.534319478842,0.291611769873,4.28989068105,0.996641269334,0.541062801932,2.91445898002,0.677096530713,0.355731225296,1.07629584498,0.491516479791,2.88826011686,2.18974518502,1.07629584498,2.88826011686,0.351612638569,0.458912768647,121,0.0683229813665,0.291765337837,23,23,23,1,0,0.347826086957,0.608695652174,0.0434782608696,23,0.0177865612648,1.34782608696,0.782608695652,1.5,1.28571428571,1.12639899838,1.43928760904,0.623188405797,0.78271848154,2.00028056393,0.80193236715,0.656376446504,1.6774064744,0.743961352657,0.647280721183,0.480240535072,2,1.75,0.886405260428,2,0,0,0,0,0.0833333333333,23,8,8,0.347826086957,0,0.260869565217,0.0434782608696,0.217391304348,23,58,0.114624505929,2.32028985507,5.04347826087,3.05263157895,2.7619047619,3.78367619302,0.75021165896,0.386806596702,3.02819425967,1.2008356547,0.538230884558,3.17475217669,1.25895344938,0.48275862069,0.800101018972,0.344828046902,2.58333333333,2.3803030303,0.764110313791,2.58333333333,0.384899227756,0.233243967828,29,0.0163749294184,0.402428278003,23,22,22,0.95652173913,0,0.130434782609,0.782608695652,0.0434782608696,-41,-0.0810276679842,0.130544670048,-3.5652173913,-3.54736842105,-1.7380952381,-0.816117581361,0.215892180118,0.095194826829,-1.26169642138,0.204194385363,-0.00283191737465,0.260293196666,0.581856918664,0.127027395393,-0.276194826011,-0.146688432889,-0.304926783524,0.190557845278,-0.312185531192,-0.304926783524,0.0332865891872,-0.225668800819,-92,-0.0519480519481,0.110662940166,-0.217391304348,0.173913043478,0,37,21,62,386,0.373737373737,0.948402948403,0.0515970515971,0.626262626263,0.637931034483,0.373737373737,0.471337579618,0.401150083347,0.32214032214,0.308333333333,49,90,0,23,23,23,1,0,8,0,0.0386050732335,0,0,1,3.88826011686,0,16,NaN,1,ok,2.18974518502,0,23,8,8,0.347826086957,0,4,0,0.111111111111,0,0,1,3,0,16,NaN,1,ok,1.75,0,23,22,22,0.95652173913,0,3,0,0.004698004698,0,0,1,3.58333333333,0,16,NaN,1,ok,2.3803030303,0,0,0,0
57,WLNM_dir_neg,0.631049382716,0.525968509743,00:00:01,10,10,57,505464103,fixed,validated_v2,/gpfs/scratch/acw792/wlnm_roleonly_v2_20260910/result_wlnm_dir_neg_roleonly_trophicv2_100x290_train10-90_Apocrita_20260910_011848/ecological_snapshots/Broadstone_Stream_tax_mass_K10_ratio0.1_exp57_seed505464103_threshold0.5_validated_v2.mat,role_only,2,uniform_without_replacement,uniform_remaining_nonlinks,176,0,176,407,198,198,176,22,0,22,0.111111111111,18,180,0.5,0.666666666667,0.177777777778,0.280701754386,16,8,74,172,0.177777777778,0.955555555556,0.0444444444444,0.822222222222,0.666666666667,0.177777777778,0.280701754386,0.696296296296,0.637037037037,0.163265306122,0.22086305215,0.133333333333,99,9,90,0,99,0,9,0,90,23,99,0.195652173913,2.18974518502,8.60869565217,6.6,4.5,4.59979377438,0.534319478842,0.291611769873,4.28989068105,0.996641269334,0.541062801932,2.91445898002,0.677096530713,0.355731225296,1.07629584498,0.491516479791,2.88826011686,2.18974518502,1.07629584498,2.88826011686,0.351612638569,0.458912768647,121,0.0683229813665,0.291765337837,23,23,23,1,0,0.347826086957,0.608695652174,0.0434782608696,23,0.0177865612648,1.42028985507,0.782608695652,1.28571428571,1.5,1.12639899838,1.43928760904,0.661835748792,0.722315118515,1.84591641398,0.753623188406,0.78271848154,2.00028056393,0.80193236715,0.712212311612,0.501455607155,2.33333333333,1.96296296296,0.857069367808,2.33333333333,0,0,0,0,0.0952380952381,23,9,9,0.391304347826,0,0.173913043478,0.0869565217391,0.217391304348,23,33,0.0652173913043,2.36431784108,2.86956521739,1.94117647059,2.75,3.59677062005,1.25342006456,0.541501976285,2.10683060018,1.46839708498,0.561264822134,2.87348516545,2.00273208501,0.740447957839,0.900151087317,0.380723383158,2.34482758621,2.49425287356,0.829117357525,2.34482758621,0.536219336219,0.204188481675,13,0.00734048560136,0.424353832442,23,21,21,0.913043478261,0,0.173913043478,0.347826086957,0.391304347826,-66,-0.130434782609,0.174572656055,-5.73913043478,-4.65882352941,-1.75,-1.00302315432,0.719100585722,0.249890206412,-2.18306008086,0.471755815642,0.020202020202,-0.0409738145768,1.3256355543,0.384716732543,-0.176144757667,-0.110793096633,-0.543432530651,0.304507688538,-0.247178487459,-0.543432530651,0.18460669765,-0.254724286972,-108,-0.0609824957651,0.132588494605,-0.173913043478,-0.260869565217,0.347826086957,25,8,74,399,0.252525252525,0.980343980344,0.019656019656,0.747474747475,0.757575757576,0.252525252525,0.378787878788,0.37414450751,0.232869232869,0.233644859813,24,90,0,23,23,23,1,0,8,0,0.0386050732335,0,0,1,3.88826011686,0,16,NaN,1,ok,2.18974518502,0,23,9,9,0.391304347826,0,3,0,0.0818181818182,0,0,1,3.33333333333,0,16,NaN,1,ok,1.96296296296,0,23,21,21,0.913043478261,0,4,0,0.0066546067854,0,0,1,3.34482758621,0,16,NaN,1,ok,2.49425287356,0,0,0,0
58,WLNM_dir_neg,0.569012345679,0.477595901485,00:00:01,10,10,58,505464104,fixed,validated_v2,/gpfs/scratch/acw792/wlnm_roleonly_v2_20260910/result_wlnm_dir_neg_roleonly_trophicv2_100x290_train10-90_Apocrita_20260910_011848/ecological_snapshots/Broadstone_Stream_tax_mass_K10_ratio0.1_exp58_seed505464104_threshold0.5_validated_v2.mat,role_only,2,uniform_without_replacement,uniform_remaining_nonlinks,176,0,176,407,198,198,176,22,0,22,0.111111111111,18,180,0.5,0.75,0.0333333333333,0.063829787234,3,1,87,179,0.0333333333333,0.994444444444,0.00555555555556,0.966666666667,0.75,0.0333333333333,0.063829787234,0.674074074074,0.661728395062,0.036496350365,0.108388746191,0.0277777777778,99,9,90,0,99,0,9,0,90,23,99,0.195652173913,2.18974518502,8.60869565217,6.6,4.5,4.59979377438,0.534319478842,0.291611769873,4.28989068105,0.996641269334,0.541062801932,2.91445898002,0.677096530713,0.355731225296,1.07629584498,0.491516479791,2.88826011686,2.18974518502,1.07629584498,2.88826011686,0.351612638569,0.458912768647,121,0.0683229813665,0.291765337837,23,23,23,1,0,0.347826086957,0.608695652174,0.0434782608696,23,0.0177865612648,1.17391304348,0.782608695652,3,1,1.38026748854,1.76367512425,0.719806763285,1.15754954478,2.95818216999,0.898550724638,0.499010879348,1.275250025,0.608695652174,0.470004999086,0.400374628851,1.66666666667,1.42857142857,0.738223235189,1.66666666667,0,0,0,0,0,23,7,7,0.304347826087,0,0.304347826087,0.0869565217391,0.0434782608696,23,13,0.0256916996047,2.55797101449,1.13043478261,2.16666666667,1.44444444444,1.84154944213,1.62906296804,0.729096989967,1.2367878835,2.1881631785,0.829431438127,0.945135245566,1.67216235754,0.709030100334,2.78789713648,1.08988613267,7.25,4.58333333333,3.30683915321,7.25,0.583333333333,0.290322580645,3,0.0016939582157,0.227777777778,23,10,10,0.434782608696,0,0.173913043478,0.217391304348,0.0434782608696,-86,-0.169960474308,0.368225829468,-7.47826086957,-4.43333333333,-3.05555555556,-2.75824433224,1.0947434892,0.437485220094,-3.05310279755,1.19152190917,0.288368636195,-1.96932373446,0.995065826827,0.353298875038,1.71160129149,0.598369652882,4.36173988314,2.39358814831,2.23054330822,4.36173988314,0.231720694764,-0.168590188002,-118,-0.0666290231508,-0.063987560059,-0.173913043478,-0.391304347826,0,12,1,87,406,0.121212121212,0.997542997543,0.002457002457,0.878787878788,0.923076923077,0.121212121212,0.214285714286,0.297763872821,0.118755118755,0.12,4,90,0,23,23,23,1,0,8,0,0.0386050732335,0,0,1,3.88826011686,0,16,NaN,1,ok,2.18974518502,0,23,7,7,0.304347826087,0,5,0,0.4,0,0,1,2.66666666667,0,16,NaN,1,ok,1.42857142857,0,23,10,10,0.434782608696,0,4,0,0.0195652173913,0,0,1,8.25,0,16,NaN,1,ok,4.58333333333,0,0,0,0
59,WLNM_dir_neg,0.721790123457,0.544032155188,00:00:01,10,10,59,505464105,fixed,validated_v2,/gpfs/scratch/acw792/wlnm_roleonly_v2_20260910/result_wlnm_dir_neg_roleonly_trophicv2_100x290_train10-90_Apocrita_20260910_011848/ecological_snapshots/Broadstone_Stream_tax_mass_K10_ratio0.1_exp59_seed505464105_threshold0.5_validated_v2.mat,role_only,2,uniform_without_replacement,uniform_remaining_nonlinks,176,0,176,407,198,198,176,22,0,22,0.111111111111,18,180,0.5,0.469135802469,0.422222222222,0.444444444444,38,43,52,137,0.422222222222,0.761111111111,0.238888888889,0.577777777778,0.469135802469,0.422222222222,0.444444444444,0.648148148148,0.566666666667,0.188034188034,0.188592983287,0.183333333333,99,9,90,0,99,0,9,0,90,23,99,0.195652173913,2.18974518502,8.60869565217,6.6,4.5,4.59979377438,0.534319478842,0.291611769873,4.28989068105,0.996641269334,0.541062801932,2.91445898002,0.677096530713,0.355731225296,1.07629584498,0.491516479791,2.88826011686,2.18974518502,1.07629584498,2.88826011686,0.351612638569,0.458912768647,121,0.0683229813665,0.291765337837,23,23,23,1,0,0.347826086957,0.608695652174,0.0434782608696,23,0.0177865612648,1.32608695652,0.782608695652,1.28571428571,1.28571428571,0.795242772488,1.01614354262,0.531400966184,0.656376446504,1.6774064744,0.743961352657,0.656376446504,1.6774064744,0.743961352657,0.513647731519,0.387340912293,1.5,1.7,0.67082039325,1.5,0,0,0,0,0.0714285714286,23,5,5,0.217391304348,0,0.260869565217,0.0434782608696,0.260869565217,23,90,0.177865612648,1,7.82608695652,4.09090909091,4.5,4.71604778595,0.602606105983,0.323188405797,2.84306242502,0.726560397505,0.364251207729,5.16907802117,1.32098660541,0.613526570048,0,0,0,NaN,NaN,NaN,0.499152326043,0.410804020101,109,0.0615471485037,0.327433853203,23,23,0,1,7,0.0434782608696,0.826086956522,0.130434782609,-9,-0.0177865612648,-1.18974518502,-0.782608695652,-2.50909090909,0,0.116254011573,0.0682866271408,0.0315766359245,-1.44682825603,-0.270080871829,-0.176811594203,2.25461904114,0.643890074697,0.257795344752,-1.07629584498,-0.491516479791,-2.88826011686,NaN,NaN,NaN,0.147539687474,-0.0481087485468,-12,-0.00677583286279,0.0356685153661,-0.304347826087,0.217391304348,0.0869565217391,47,43,52,364,0.474747474747,0.894348894349,0.105651105651,0.525252525253,0.522222222222,0.474747474747,0.497354497354,0.382901135995,0.369096369096,0.330985915493,81,90,0,23,23,23,1,0,8,0,0.0386050732335,0,0,1,3.88826011686,0,16,NaN,1,ok,2.18974518502,0,23,5,5,0.217391304348,0,2,0,0.0952380952381,0,0,1,2.5,0,16,NaN,1,ok,1.7,0,23,23,0,1,7,1,20,NaN,NaN,NaN,NaN,NaN,0,0,NaN,0,basal_unreachable_in_lcc,NaN,2,0,0,0
60,WLNM_dir_neg,0.679938271605,0.612730294911,00:00:02,10,10,60,505464106,fixed,validated_v2,/gpfs/scratch/acw792/wlnm_roleonly_v2_20260910/result_wlnm_dir_neg_roleonly_trophicv2_100x290_train10-90_Apocrita_20260910_011848/ecological_snapshots/Broadstone_Stream_tax_mass_K10_ratio0.1_exp60_seed505464106_threshold0.5_validated_v2.mat,role_only,2,uniform_without_replacement,uniform_remaining_nonlinks,176,0,176,407,198,198,176,22,0,22,0.111111111111,18,180,0.5,0.591549295775,0.466666666667,0.521739130435,42,29,48,151,0.466666666667,0.838888888889,0.161111111111,0.533333333333,0.591549295775,0.466666666667,0.521739130435,0.714814814815,0.579012345679,0.322580645161,0.327183940869,0.305555555556,99,9,90,0,99,0,9,0,90,23,99,0.195652173913,2.18974518502,8.60869565217,6.6,4.5,4.59979377438,0.534319478842,0.291611769873,4.28989068105,0.996641269334,0.541062801932,2.91445898002,0.677096530713,0.355731225296,1.07629584498,0.491516479791,2.88826011686,2.18974518502,1.07629584498,2.88826011686,0.351612638569,0.458912768647,121,0.0683229813665,0.291765337837,23,23,23,1,0,0.347826086957,0.608695652174,0.0434782608696,23,0.0177865612648,1.34782608696,0.782608695652,1.5,1.8,1.12639899838,1.43928760904,0.685990338164,0.722315118515,1.84591641398,0.782608695652,0.838783233173,2.14355715144,0.830917874396,0.647280721183,0.480240535072,2,1.8,0.788810637747,2,0,0,0,0,0.166666666667,23,10,10,0.434782608696,0,0.173913043478,0.0434782608696,0.217391304348,23,80,0.158102766798,1,6.95652173913,3.63636363636,5,6.10125367795,0.877055216205,0.417391304348,2.79397997678,0.803269243326,0.371739130435,4.76606913712,1.37024487692,0.645652173913,0,0,0,68.2180550763,14.6945097127,71.672563933,0.645068596694,0.36,75,0.0423489553924,0.354794856418,23,23,23,1,0,0.0434782608696,0.652173913043,0.304347826087,-19,-0.0375494071146,-1.18974518502,-1.65217391304,-2.96363636364,0.5,1.50145990357,0.342735737363,0.125779534475,-1.49591070426,-0.193372026009,-0.169323671498,1.85161015709,0.693148346208,0.289920948617,-1.07629584498,-0.491516479791,-2.88826011686,66.0283098913,13.6182138677,68.7843038161,0.293455958125,-0.0989127686473,-46,-0.025974025974,0.0630295185815,-0.304347826087,0.0434782608696,0.260869565217,51,29,48,378,0.515151515152,0.928746928747,0.0712530712531,0.484848484848,0.6375,0.515151515152,0.569832402235,0.482668138489,0.443898443898,0.3984375,71,90,0,23,23,23,1,0,8,0,0.0386050732335,0,0,1,3.88826011686,0,16,NaN,1,ok,2.18974518502,0,23,10,10,0.434782608696,0,4,0,0.0952380952381,0,0,1,3,0,16,NaN,1,ok,1.8,0,23,23,23,1,0,1,0,0.000319636432719,0,0,1,72.672563933,1,16,NaN,1,ok,NaN,3,0,0,0
61,WLNM_dir_neg,0.661604938272,0.527861434802,00:00:02,10,10,61,505464107,fixed,validated_v2,/gpfs/scratch/acw792/wlnm_roleonly_v2_20260910/result_wlnm_dir_neg_roleonly_trophicv2_100x290_train10-90_Apocrita_20260910_011848/ecological_snapshots/Broadstone_Stream_tax_mass_K10_ratio0.1_exp61_seed505464107_threshold0.5_validated_v2.mat,role_only,2,uniform_without_replacement,uniform_remaining_nonlinks,176,0,176,407,198,198,176,22,0,22,0.111111111111,18,180,0.5,0.681818181818,0.333333333333,0.44776119403,30,14,60,166,0.333333333333,0.922222222222,0.0777777777778,0.666666666667,0.681818181818,0.333333333333,0.44776119403,0.725925925926,0.612345679012,0.292993630573,0.326183715984,0.255555555556,99,9,90,0,99,0,9,0,90,23,99,0.195652173913,2.18974518502,8.60869565217,6.6,4.5,4.59979377438,0.534319478842,0.291611769873,4.28989068105,0.996641269334,0.541062801932,2.91445898002,0.677096530713,0.355731225296,1.07629584498,0.491516479791,2.88826011686,2.18974518502,1.07629584498,2.88826011686,0.351612638569,0.458912768647,121,0.0683229813665,0.291765337837,23,23,23,1,0,0.347826086957,0.608695652174,0.0434782608696,23,0.0177865612648,1.36956521739,0.782608695652,1.28571428571,1.8,0.998021758696,1.275250025,0.63768115942,0.656376446504,1.6774064744,0.743961352657,0.838783233173,2.14355715144,0.830917874396,0.607105489268,0.443283373116,2,2.1,0.74161984871,2,0.333333333333,0.333333333333,1,0.000564652738566,0.142857142857,23,5,5,0.217391304348,0,0.173913043478,0.0434782608696,0.260869565217,23,53,0.104743083004,2.61197914356,4.60869565217,3.53333333333,2.40909090909,4.14223403091,0.898786629348,0.43560295324,3.7103636505,1.6101578106,0.687448728466,1.86924346896,0.811181128039,0.375717801477,1.39288122065,0.533266593681,4.20291777188,2.61197914356,1.39288122065,4.20291777188,0.583525641026,0.247524752475,25,0.0141163184641,0.255221236902,23,23,23,1,0,0.347826086957,0.608695652174,0.0434782608696,-46,-0.0909090909091,0.422233958539,-4,-3.06666666667,-2.09090909091,-0.457559743471,0.364467150506,0.143991183368,-0.579527030544,0.613516541261,0.146385926534,-1.04521551107,0.134084597326,0.0199865761802,0.316585375671,0.0417501138899,1.31465765503,0.422233958539,0.316585375671,1.31465765503,0.231913002456,-0.211388016172,-96,-0.0542066629023,-0.0365441009349,0,0,0,39,14,60,393,0.393939393939,0.965601965602,0.034398034398,0.606060606061,0.735849056604,0.393939393939,0.513157894737,0.465775480359,0.359541359541,0.345132743363,44,90,0,23,23,23,1,0,8,0,0.0386050732335,0,0,1,3.88826011686,0,16,NaN,1,ok,2.18974518502,0,23,5,5,0.217391304348,0,1,0,0.0571428571429,0,0,1,3,0,16,NaN,1,ok,2.1,0,23,23,23,1,0,8,0,0.00914802218759,0,0,1,5.20291777188,0,16,NaN,1,ok,2.61197914356,0,0,0,0
62,WLNM_dir_neg,0.726388888889,0.596870638267,00:00:01,10,10,62,505464108,fixed,validated_v2,/gpfs/scratch/acw792/wlnm_roleonly_v2_20260910/result_wlnm_dir_neg_roleonly_trophicv2_100x290_train10-90_Apocrita_20260910_011848/ecological_snapshots/Broadstone_Stream_tax_mass_K10_ratio0.1_exp62_seed505464108_threshold0.5_validated_v2.mat,role_only,2,uniform_without_replacement,uniform_remaining_nonlinks,176,0,176,407,198,198,176,22,0,22,0.111111111111,18,180,0.5,0.444444444444,0.0444444444444,0.0808080808081,4,5,86,175,0.0444444444444,0.972222222222,0.0277777777778,0.955555555556,0.444444444444,0.0444444444444,0.0808080808081,0.662962962963,0.655555555556,0.0215053763441,0.0437688109532,0.0166666666667,99,9,90,0,99,0,9,0,90,23,99,0.195652173913,2.18974518502,8.60869565217,6.6,4.5,4.59979377438,0.534319478842,0.291611769873,4.28989068105,0.996641269334,0.541062801932,2.91445898002,0.677096530713,0.355731225296,1.07629584498,0.491516479791,2.88826011686,2.18974518502,1.07629584498,2.88826011686,0.351612638569,0.458912768647,121,0.0683229813665,0.291765337837,23,23,23,1,0,0.347826086957,0.608695652174,0.0434782608696,23,0.0177865612648,1.4347826087,0.782608695652,1.125,1.28571428571,0.850482309106,1.08672739497,0.550724637681,0.583027399542,1.48995890994,0.685990338164,0.722315118515,1.84591641398,0.753623188406,0.662370876372,0.461652428986,2,2,0.816496580928,2,0,0,0,0,0.0714285714286,23,7,7,0.304347826087,0,0.217391304348,0.0869565217391,0.260869565217,23,18,0.0355731225296,1.60507246377,1.5652173913,2,1.8,1.67402853665,1.06951823175,0.562801932367,1.16605479908,1.48995890994,0.705314009662,1.20440561497,1.53896273024,0.700483091787,0.81571039843,0.508207832882,2.375,1.92777777778,0.851362508978,2.375,0.140740740741,0.146341463415,2,0.00112930547713,0.113425925926,23,15,15,0.652173913043,0,0.260869565217,0.173913043478,0.217391304348,-81,-0.160079051383,-0.584672721257,-7.04347826087,-4.6,-2.7,-2.92576523773,0.535198752904,0.271190162495,-3.12383588196,0.493317640606,0.164251207729,-1.71005336505,0.861866199529,0.344751866491,-0.260585446554,0.0166913530904,-0.513260116858,-0.261967407247,-0.224933336005,-0.513260116858,-0.210871897828,-0.312571305233,-119,-0.0671936758893,-0.178339411911,-0.0869565217391,-0.434782608696,0.173913043478,13,5,86,402,0.131313131313,0.987714987715,0.012285012285,0.868686868687,0.722222222222,0.131313131313,0.222222222222,0.254928393384,0.119028119028,0.125,9,90,0,23,23,23,1,0,8,0,0.0386050732335,0,0,1,3.88826011686,0,16,NaN,1,ok,2.18974518502,0,23,7,7,0.304347826087,0,2,0,0.0519480519481,0,0,1,3,0,16,NaN,1,ok,2,0,23,15,15,0.652173913043,0,6,0,0.0533135875602,0,0,1,3.375,0,16,NaN,1,ok,1.92777777778,0,0,0,0
63,WLNM_dir_neg,0.610154320988,0.457559188294,00:00:01,10,10,63,505464109,fixed,validated_v2,/gpfs/scratch/acw792/wlnm_roleonly_v2_20260910/result_wlnm_dir_neg_roleonly_trophicv2_100x290_train10-90_Apocrita_20260910_011848/ecological_snapshots/Broadstone_Stream_tax_mass_K10_ratio0.1_exp63_seed505464109_threshold0.5_validated_v2.mat,role_only,2,uniform_without_replacement,uniform_remaining_nonlinks,176,0,176,407,198,198,176,22,0,22,0.111111111111,18,180,0.5,0.489795918367,0.266666666667,0.345323741007,24,25,66,155,0.266666666667,0.861111111111,0.138888888889,0.733333333333,0.489795918367,0.266666666667,0.345323741007,0.662962962963,0.606172839506,0.144200626959,0.156285490936,0.127777777778,99,9,90,0,99,0,9,0,90,23,99,0.195652173913,2.18974518502,8.60869565217,6.6,4.5,4.59979377438,0.534319478842,0.291611769873,4.28989068105,0.996641269334,0.541062801932,2.91445898002,0.677096530713,0.355731225296,1.07629584498,0.491516479791,2.88826011686,2.18974518502,1.07629584498,2.88826011686,0.351612638569,0.458912768647,121,0.0683229813665,0.291765337837,23,23,23,1,0,0.347826086957,0.608695652174,0.0434782608696,23,0.0177865612648,1.26086956522,0.782608695652,1.5,1.125,0.795242772488,1.01614354262,0.502415458937,0.78271848154,2.00028056393,0.80193236715,0.583027399542,1.48995890994,0.685990338164,0.448977758545,0.356085808501,1,1.25,0.5,1,0,0,0,0,0.0666666666667,23,4,4,0.173913043478,0,0.347826086957,0,0.260869565217,23,58,0.114624505929,2.35935990338,5.04347826087,3.22222222222,4.14285714286,3.84327347298,0.762028361023,0.407796101949,2.62625840343,1.04144729791,0.493253373313,3.69113883901,1.46372747064,0.655172413793,0.851773276694,0.361018798138,2.69583333333,2.56326388889,0.71031034658,2.69583333333,0.309832451499,0.170542635659,22,0.0124223602484,0.46607602637,23,20,20,0.869565217391,0,0.0869565217391,0.521739130435,0.260869565217,-41,-0.0810276679842,0.169614718357,-3.5652173913,-3.37777777778,-0.357142857143,-0.756520301393,0.227708882181,0.116184332076,-1.66363227762,0.0448060285773,-0.047809428619,0.776679858986,0.786630939929,0.299441188497,-0.224522568289,-0.130497681653,-0.192426783524,0.373518703864,-0.365985498403,-0.192426783524,-0.04178018707,-0.288370132988,-99,-0.055900621118,0.174310688533,-0.260869565217,-0.0869565217391,0.217391304348,33,25,66,382,0.333333333333,0.938574938575,0.0614250614251,0.666666666667,0.568965517241,0.333333333333,0.420382165605,0.338597866961,0.271908271908,0.266129032258,49,90,0,23,23,23,1,0,8,0,0.0386050732335,0,0,1,3.88826011686,0,16,NaN,1,ok,2.18974518502,0,23,4,4,0.173913043478,0,3,0,0.5625,0,0,1,2,0,16,NaN,1,ok,1.25,0,23,20,20,0.869565217391,0,2,0,0.00628288698657,0,0,1,3.69583333333,0,16,NaN,1,ok,2.56326388889,0,0,0,0
64,WLNM_dir_neg,0.67299382716,0.497078539098,00:00:01,10,10,64,505464110,fixed,validated_v2,/gpfs/scratch/acw792/wlnm_roleonly_v2_20260910/result_wlnm_dir_neg_roleonly_trophicv2_100x290_train10-90_Apocrita_20260910_011848/ecological_snapshots/Broadstone_Stream_tax_mass_K10_ratio0.1_exp64_seed505464110_threshold0.5_validated_v2.mat,role_only,2,uniform_without_replacement,uniform_remaining_nonlinks,176,0,176,407,198,198,176,22,0,22,0.111111111111,18,180,0.5,0.772727272727,0.188888888889,0.303571428571,17,5,73,175,0.188888888889,0.972222222222,0.0277777777778,0.811111111111,0.772727272727,0.188888888889,0.303571428571,0.711111111111,0.63950617284,0.198630136986,0.277616848137,0.161111111111,99,9,90,0,99,0,9,0,90,23,99,0.195652173913,2.18974518502,8.60869565217,6.6,4.5,4.59979377438,0.534319478842,0.291611769873,4.28989068105,0.996641269334,0.541062801932,2.91445898002,0.677096530713,0.355731225296,1.07629584498,0.491516479791,2.88826011686,2.18974518502,1.07629584498,2.88826011686,0.351612638569,0.458912768647,121,0.0683229813665,0.291765337837,23,23,23,1,0,0.347826086957,0.608695652174,0.0434782608696,23,0.0177865612648,1.3152173913,0.782608695652,1.5,1.125,0.902346523799,1.15299833597,0.589371980676,0.722315118515,1.84591641398,0.782608695652,0.583027399542,1.48995890994,0.685990338164,0.565169882467,0.429715943694,1.75,1.70833333333,0.812660240609,1.75,0,0,0,0,0.0333333333333,23,6,6,0.260869565217,0,0.260869565217,0.0869565217391,0.173913043478,23,31,0.0612648221344,2.10434782609,2.69565217391,3.875,2.06666666667,2.720875237,1.00935694276,0.531556802244,2.404705532,1.78413636245,0.771388499299,1.36876505893,1.01553536631,0.538569424965,1.72454954879,0.819517347567,5,2.41111111111,1.84131950414,5,0.430092592593,0.317307692308,11,0.00621118012422,0.154561311704,23,18,18,0.782608695652,0,0.434782608696,0.217391304348,0.130434782609,-68,-0.134387351779,-0.0853973589379,-5.91304347826,-2.725,-2.43333333333,-1.87891853737,0.475037463917,0.239945032371,-1.88518514904,0.787495093121,0.230325697366,-1.54569392109,0.338438835594,0.182838199668,0.648253703811,0.328000867776,2.11173988314,0.221365926086,0.76502365916,2.11173988314,0.0784799540234,-0.14160507634,-110,-0.0621118012422,-0.137204026133,0.0869565217391,-0.391304347826,0.0869565217391,26,5,73,402,0.262626262626,0.987714987715,0.012285012285,0.737373737374,0.838709677419,0.262626262626,0.4,0.414113670262,0.250341250341,0.25,22,90,0,23,23,23,1,0,8,0,0.0386050732335,0,0,1,3.88826011686,0,16,NaN,1,ok,2.18974518502,0,23,6,6,0.260869565217,0,3,0,0.181818181818,0,0,1,2.75,0,16,NaN,1,ok,1.70833333333,0,23,18,18,0.782608695652,0,10,0,0.0509725233826,0,0,1,6,0,16,NaN,1,ok,2.41111111111,0,0,0,0
65,WLNM_dir_neg,0.624290123457,0.538919150933,00:00:01,10,10,65,505464111,fixed,validated_v2,/gpfs/scratch/acw792/wlnm_roleonly_v2_20260910/result_wlnm_dir_neg_roleonly_trophicv2_100x290_train10-90_Apocrita_20260910_011848/ecological_snapshots/Broadstone_Stream_tax_mass_K10_ratio0.1_exp65_seed505464111_threshold0.5_validated_v2.mat,role_only,2,uniform_without_replacement,uniform_remaining_nonlinks,176,0,176,407,198,198,176,22,0,22,0.111111111111,18,180,0.5,0.928571428571,0.144444444444,0.25,13,1,77,179,0.144444444444,0.994444444444,0.00555555555556,0.855555555556,0.928571428571,0.144444444444,0.25,0.711111111111,0.649382716049,0.176056338028,0.295284744538,0.138888888889,99,9,90,0,99,0,9,0,90,23,99,0.195652173913,2.18974518502,8.60869565217,6.6,4.5,4.59979377438,0.534319478842,0.291611769873,4.28989068105,0.996641269334,0.541062801932,2.91445898002,0.677096530713,0.355731225296,1.07629584498,0.491516479791,2.88826011686,2.18974518502,1.07629584498,2.88826011686,0.351612638569,0.458912768647,121,0.0683229813665,0.291765337837,23,23,23,1,0,0.347826086957,0.608695652174,0.0434782608696,23,0.0177865612648,1.21739130435,0.782608695652,1.8,1,0.795242772488,1.01614354262,0.502415458937,0.838783233173,2.14355715144,0.830917874396,0.499010879348,1.275250025,0.608695652174,0.421741167837,0.346430245009,1,1.25,0.5,1,0,0,0,0,0,23,4,4,0.173913043478,0,0.391304347826,0,0.217391304348,23,23,0.0454545454545,1.23188405797,2,4.6,1.53333333333,2,1,0.506616257089,2.11057941204,2.11057941204,0.824196597353,0.953462589246,0.953462589246,0.499054820416,0.454325814303,0.368805661023,1.33333333333,1.2962962963,0.496903995,1.33333333333,0.0406926406926,0.044776119403,1,0.000564652738566,0.141396103896,23,18,18,0.782608695652,0,0.565217391304,0.0869565217391,0.130434782609,-76,-0.150197628458,-0.957861127054,-6.60869565217,-2,-2.96666666667,-2.59979377438,0.465680521158,0.215004487216,-2.179311269,1.11393814271,0.283133795421,-1.96099639078,0.276366058533,0.143323595119,-0.62197003068,-0.122710818769,-1.55492678352,-0.893448888729,-0.579391849983,-1.55492678352,-0.310919997877,-0.414136649244,-120,-0.0677583286279,-0.150369233941,0.217391304348,-0.521739130435,0.0869565217391,22,1,77,406,0.222222222222,0.997542997543,0.002457002457,0.777777777778,0.95652173913,0.222222222222,0.360655737705,0.418539335278,0.219765219765,0.22,14,90,0,23,23,23,1,0,8,0,0.0386050732335,0,0,1,3.88826011686,0,16,NaN,1,ok,2.18974518502,0,23,4,4,0.173913043478,0,3,0,0.5625,0,0,1,2,0,16,NaN,1,ok,1.25,0,23,18,18,0.782608695652,0,13,0,0.236842105263,0,0,1,2.33333333333,0,16,NaN,1,ok,1.2962962963,0,0,0,0
66,WLNM_dir_neg,0.662037037037,0.586254504637,00:00:02,10,10,66,505464112,fixed,validated_v2,/gpfs/scratch/acw792/wlnm_roleonly_v2_20260910/result_wlnm_dir_neg_roleonly_trophicv2_100x290_train10-90_Apocrita_20260910_011848/ecological_snapshots/Broadstone_Stream_tax_mass_K10_ratio0.1_exp66_seed505464112_threshold0.5_validated_v2.mat,role_only,2,uniform_without_replacement,uniform_remaining_nonlinks,176,0,176,407,198,198,176,22,0,22,0.111111111111,18,180,0.5,0.904761904762,0.211111111111,0.342342342342,19,2,71,178,0.211111111111,0.988888888889,0.0111111111111,0.788888888889,0.904761904762,0.211111111111,0.342342342342,0.72962962963,0.640740740741,0.247422680412,0.352028789309,0.2,99,9,90,0,99,0,9,0,90,23,99,0.195652173913,2.18974518502,8.60869565217,6.6,4.5,4.59979377438,0.534319478842,0.291611769873,4.28989068105,0.996641269334,0.541062801932,2.91445898002,0.677096530713,0.355731225296,1.07629584498,0.491516479791,2.88826011686,2.18974518502,1.07629584498,2.88826011686,0.351612638569,0.458912768647,121,0.0683229813665,0.291765337837,23,23,23,1,0,0.347826086957,0.608695652174,0.0434782608696,23,0.0177865612648,1.34782608696,0.782608695652,1.28571428571,1.125,0.795242772488,1.01614354262,0.531400966184,0.656376446504,1.6774064744,0.743961352657,0.583027399542,1.48995890994,0.685990338164,0.572768051751,0.424956941622,2,1.8,0.836660026534,2,0,0,0,0,0.047619047619,23,5,5,0.217391304348,0,0.260869565217,0.0869565217391,0.217391304348,23,30,0.0592885375494,1.4107946027,2.60869565217,4.28571428571,2,2.88789212898,1.10702531611,0.575362318841,2.38241250166,1.82651625127,0.785507246377,1.25895998235,0.965202653134,0.51884057971,0.660203291931,0.467965563993,1.83212341198,1.59051724138,0.725306162388,1.83212341198,0.310119047619,0.185840707965,7,0.00395256916996,0.165246525961,23,16,16,0.695652173913,0,0.391304347826,0.260869565217,0.0434782608696,-69,-0.136363636364,-0.778950582326,-6,-2.31428571429,-2.5,-1.7119016454,0.572705837267,0.283750548968,-1.90747817939,0.829874981938,0.244444444444,-1.65549899768,0.288106122421,0.163109354414,-0.416092553053,-0.0235509157979,-1.05613670488,-0.599227943646,-0.350989682596,-1.05613670488,-0.0414935909501,-0.273072060683,-114,-0.0643704121965,-0.126518811876,0.0434782608696,-0.347826086957,0,28,2,71,405,0.282828282828,0.995085995086,0.004914004914,0.717171717172,0.933333333333,0.282828282828,0.434108527132,0.466833009876,0.277914277914,0.277227722772,21,90,0,23,23,23,1,0,8,0,0.0386050732335,0,0,1,3.88826011686,0,16,NaN,1,ok,2.18974518502,0,23,5,5,0.217391304348,0,2,0,0.2,0,0,1,3,0,16,NaN,1,ok,1.8,0,23,16,16,0.695652173913,0,9,0,0.0961578947368,0,0,1,2.83212341198,0,16,NaN,1,ok,1.59051724138,0,0,0,0
67,WLNM_dir_neg,0.65049382716,0.5574398801,00:00:02,10,10,67,505464113,fixed,validated_v2,/gpfs/scratch/acw792/wlnm_roleonly_v2_20260910/result_wlnm_dir_neg_roleonly_trophicv2_100x290_train10-90_Apocrita_20260910_011848/ecological_snapshots/Broadstone_Stream_tax_mass_K10_ratio0.1_exp67_seed505464113_threshold0.5_validated_v2.mat,role_only,2,uniform_without_replacement,uniform_remaining_nonlinks,176,0,176,407,198,198,176,22,0,22,0.111111111111,18,180,0.5,0.722222222222,0.288888888889,0.412698412698,26,10,64,170,0.288888888889,0.944444444444,0.0555555555556,0.711111111111,0.722222222222,0.288888888889,0.412698412698,0.725925925926,0.622222222222,0.274509803922,0.323575114465,0.233333333333,99,9,90,0,99,0,9,0,90,23,99,0.195652173913,2.18974518502,8.60869565217,6.6,4.5,4.59979377438,0.534319478842,0.291611769873,4.28989068105,0.996641269334,0.541062801932,2.91445898002,0.677096530713,0.355731225296,1.07629584498,0.491516479791,2.88826011686,2.18974518502,1.07629584498,2.88826011686,0.351612638569,0.458912768647,121,0.0683229813665,0.291765337837,23,23,23,1,0,0.347826086957,0.608695652174,0.0434782608696,23,0.0177865612648,1.28260869565,0.782608695652,1.5,1.28571428571,0.951387586592,1.2156619162,0.6038647343,0.78271848154,2.00028056393,0.80193236715,0.722315118515,1.84591641398,0.753623188406,0.496031683293,0.386736566635,1.5,1.5625,0.623211727379,1.5,0,0,0,0,0.0722222222222,23,8,8,0.347826086957,0,0.260869565217,0.0434782608696,0.217391304348,23,45,0.0889328063241,1.96086956522,3.91304347826,2.5,2.8125,3.95328452025,1.01028382184,0.461835748792,3.06710199121,1.56762990662,0.608695652174,3.26800273825,1.67031251066,0.604830917874,0.617622514873,0.314973788073,2,1.96086956522,0.617622514873,2,0.499172008547,0.217821782178,22,0.0124223602484,0.515121697475,23,23,23,1,0,0.217391304348,0.478260869565,0.304347826087,-54,-0.106719367589,-0.228875619807,-4.69565217391,-4.1,-1.6875,-0.64650925413,0.475964342999,0.17022397892,-1.22278868983,0.570988637286,0.0676328502415,0.353543758229,0.99321597995,0.249099692578,-0.45867333011,-0.176542691719,-0.888260116858,-0.228875619807,-0.45867333011,-0.888260116858,0.147559369978,-0.241090986469,-99,-0.055900621118,0.223356359638,-0.130434782609,-0.130434782609,0.260869565217,35,10,64,397,0.353535353535,0.97542997543,0.02457002457,0.646464646465,0.777777777778,0.353535353535,0.486111111111,0.45846713674,0.328965328965,0.321100917431,36,90,0,23,23,23,1,0,8,0,0.0386050732335,0,0,1,3.88826011686,0,16,NaN,1,ok,2.18974518502,0,23,8,8,0.347826086957,0,4,0,0.124567474048,0,0,1,2.5,0,16,NaN,1,ok,1.5625,0,23,23,23,1,0,5,0,0.00418772160027,0,0,1,3,0,16,NaN,1,ok,1.96086956522,0,0,0,0
68,WLNM_dir_neg,0.74725308642,0.623003803972,00:00:02,10,10,68,505464114,fixed,validated_v2,/gpfs/scratch/acw792/wlnm_roleonly_v2_20260910/result_wlnm_dir_neg_roleonly_trophicv2_100x290_train10-90_Apocrita_20260910_011848/ecological_snapshots/Broadstone_Stream_tax_mass_K10_ratio0.1_exp68_seed505464114_threshold0.5_validated_v2.mat,role_only,2,uniform_without_replacement,uniform_remaining_nonlinks,176,0,176,407,198,198,176,22,0,22,0.111111111111,18,180,0.5,0.846153846154,0.122222222222,0.21359223301,11,2,79,178,0.122222222222,0.988888888889,0.0111111111111,0.877777777778,0.846153846154,0.122222222222,0.21359223301,0.7,0.650617283951,0.141342756184,0.244667767946,0.111111111111,99,9,90,0,99,0,9,0,90,23,99,0.195652173913,2.18974518502,8.60869565217,6.6,4.5,4.59979377438,0.534319478842,0.291611769873,4.28989068105,0.996641269334,0.541062801932,2.91445898002,0.677096530713,0.355731225296,1.07629584498,0.491516479791,2.88826011686,2.18974518502,1.07629584498,2.88826011686,0.351612638569,0.458912768647,121,0.0683229813665,0.291765337837,23,23,23,1,0,0.347826086957,0.608695652174,0.0434782608696,23,0.0177865612648,1.36956521739,0.782608695652,1.28571428571,1.28571428571,0.850482309106,1.08672739497,0.550724637681,0.656376446504,1.6774064744,0.743961352657,0.656376446504,1.6774064744,0.743961352657,0.607105489268,0.443283373116,2,1.9,0.894427191,2,0,0,0,0,0.047619047619,23,5,5,0.217391304348,0,0.260869565217,0.0434782608696,0.260869565217,23,22,0.0434782608696,1.37826086957,1.91304347826,3.14285714286,1.46666666667,2.04301567382,1.06794001132,0.537549407115,1.79591103418,1.87754335391,0.786561264822,0.975996500998,1.02035997832,0.501976284585,0.599542066043,0.434998975362,1.5875,1.51333333333,0.667945573892,1.5875,0.369523809524,0.214285714286,4,0.00225861095426,0.121428571429,23,15,15,0.652173913043,0,0.434782608696,0.217391304348,0.0869565217391,-77,-0.152173913043,-0.81148431546,-6.69565217391,-3.45714285714,-3.03333333333,-2.55677810056,0.533620532474,0.245937637242,-2.49397964687,0.880902084581,0.24549846289,-1.93846247903,0.343263447603,0.146245059289,-0.476753778941,-0.056517504429,-1.30076011686,-0.676411851692,-0.408350271091,-1.30076011686,0.0179111709546,-0.244627054362,-117,-0.0660643704122,-0.170336766408,0.0869565217391,-0.391304347826,0.0434782608696,20,2,79,405,0.20202020202,0.995085995086,0.004914004914,0.79797979798,0.909090909091,0.20202020202,0.330578512397,0.383425559153,0.197106197106,0.19801980198,13,90,0,23,23,23,1,0,8,0,0.0386050732335,0,0,1,3.88826011686,0,16,NaN,1,ok,2.18974518502,0,23,5,5,0.217391304348,0,2,0,0.114285714286,0,0,1,3,0,16,NaN,1,ok,1.9,0,23,15,15,0.652173913043,0,9,0,0.126916975145,0,0,1,2.5875,0,16,NaN,1,ok,1.51333333333,0,0,0,0
69,WLNM_dir_neg,0.624166666667,0.564494098782,00:00:01,10,10,69,505464115,fixed,validated_v2,/gpfs/scratch/acw792/wlnm_roleonly_v2_20260910/result_wlnm_dir_neg_roleonly_trophicv2_100x290_train10-90_Apocrita_20260910_011848/ecological_snapshots/Broadstone_Stream_tax_mass_K10_ratio0.1_exp69_seed505464115_threshold0.5_validated_v2.mat,role_only,2,uniform_without_replacement,uniform_remaining_nonlinks,176,0,176,407,198,198,176,22,0,22,0.111111111111,18,180,0.5,0.95652173913,0.244444444444,0.389380530973,22,1,68,179,0.244444444444,0.994444444444,0.00555555555556,0.755555555556,0.95652173913,0.244444444444,0.389380530973,0.744444444444,0.638271604938,0.293515358362,0.403404801536,0.238888888889,99,9,90,0,99,0,9,0,90,23,99,0.195652173913,2.18974518502,8.60869565217,6.6,4.5,4.59979377438,0.534319478842,0.291611769873,4.28989068105,0.996641269334,0.541062801932,2.91445898002,0.677096530713,0.355731225296,1.07629584498,0.491516479791,2.88826011686,2.18974518502,1.07629584498,2.88826011686,0.351612638569,0.458912768647,121,0.0683229813665,0.291765337837,23,23,23,1,0,0.347826086957,0.608695652174,0.0434782608696,23,0.0177865612648,1.23913043478,0.782608695652,1.8,1.5,0.998021758696,1.275250025,0.63768115942,0.78271848154,2.00028056393,0.80193236715,0.78271848154,2.00028056393,0.80193236715,0.473611972394,0.382213170704,1.5,1.64285714286,0.626783170528,1.5,0.333333333333,0.333333333333,1,0.000564652738566,0.166666666667,23,7,7,0.304347826087,0,0.217391304348,0.0434782608696,0.173913043478,23,32,0.0632411067194,1.28068800764,2.78260869565,6.4,2.13333333333,3.43718333072,1.23523775948,0.611413043478,3.2014077931,2.30101185129,0.845108695652,1.58799846676,1.14137389798,0.576086956522,0.553568993748,0.432243442933,1.60571428571,1.40348901099,0.629754883122,1.60571428571,0.543671143671,0.379310344828,22,0.0124223602484,0.40347985348,23,16,16,0.695652173913,0,0.478260869565,0.173913043478,0.0434782608696,-67,-0.132411067194,-0.90905717738,-5.82608695652,-0.2,-2.36666666667,-1.16261044365,0.700918280637,0.319801273606,-1.08848288795,1.30437058195,0.30404589372,-1.32646051326,0.464277367272,0.220355731225,-0.522726851236,-0.0592730368579,-1.28254583114,-0.786256174036,-0.446540961861,-1.28254583114,0.192058505102,-0.0796024238197,-99,-0.055900621118,0.111714515643,0.130434782609,-0.434782608696,0,31,1,68,406,0.313131313131,0.997542997543,0.002457002457,0.686868686869,0.96875,0.313131313131,0.473282442748,0.506356028969,0.310674310674,0.31,23,90,0,23,23,23,1,0,8,0,0.0386050732335,0,0,1,3.88826011686,0,16,NaN,1,ok,2.18974518502,0,23,7,7,0.304347826087,0,3,0,0.0952380952381,0,0,1,2.5,0,16,NaN,1,ok,1.64285714286,0,23,16,16,0.695652173913,0,11,0,0.183173569576,0,0,1,2.60571428571,0,16,NaN,1,ok,1.40348901099,0,0,0,0
70,WLNM_dir_neg,0.654382716049,0.588016007277,00:00:01,10,10,70,505464116,fixed,validated_v2,/gpfs/scratch/acw792/wlnm_roleonly_v2_20260910/result_wlnm_dir_neg_roleonly_trophicv2_100x290_train10-90_Apocrita_20260910_011848/ecological_snapshots/Broadstone_Stream_tax_mass_K10_ratio0.1_exp70_seed505464116_threshold0.5_validated_v2.mat,role_only,2,uniform_without_replacement,uniform_remaining_nonlinks,176,0,176,407,198,198,176,22,0,22,0.111111111111,18,180,0.5,0.884615384615,0.255555555556,0.396551724138,23,3,67,177,0.255555555556,0.983333333333,0.0166666666667,0.744444444444,0.884615384615,0.255555555556,0.396551724138,0.740740740741,0.634567901235,0.290540540541,0.381743693023,0.238888888889,99,9,90,0,99,0,9,0,90,23,99,0.195652173913,2.18974518502,8.60869565217,6.6,4.5,4.59979377438,0.534319478842,0.291611769873,4.28989068105,0.996641269334,0.541062801932,2.91445898002,0.677096530713,0.355731225296,1.07629584498,0.491516479791,2.88826011686,2.18974518502,1.07629584498,2.88826011686,0.351612638569,0.458912768647,121,0.0683229813665,0.291765337837,23,23,23,1,0,0.347826086957,0.608695652174,0.0434782608696,23,0.0177865612648,1.21739130435,0.782608695652,1.8,1.28571428571,0.902346523799,1.15299833597,0.589371980676,0.838783233173,2.14355715144,0.830917874396,0.656376446504,1.6774064744,0.743961352657,0.421741167837,0.346430245009,1,1.33333333333,0.516397779494,1,0,0,0,0,0.075,23,6,6,0.260869565217,0,0.304347826087,0,0.217391304348,23,35,0.0691699604743,1.2602484472,3.04347826087,7,1.84210526316,3.24006538752,1.06459291304,0.524223602484,3.17475217669,2.08626571611,0.824844720497,1.12288448436,0.737895518294,0.395031055901,0.508222401789,0.403271595308,1.33214285714,1.29928571429,0.535513245485,1.33214285714,0.687845487845,0.320855614973,20,0.0112930547713,0.208066794317,23,20,20,0.869565217391,0,0.652173913043,0.173913043478,0.0434782608696,-64,-0.126482213439,-0.92949673782,-5.5652173913,0.4,-2.65789473684,-1.35972838686,0.530273434201,0.232611832612,-1.11513850436,1.08962444678,0.283781918565,-1.79157449566,0.0607989875813,0.0392998306042,-0.568073443195,-0.0882448844834,-1.55611725971,-0.890459470739,-0.540782599498,-1.55611725971,0.336232849276,-0.138057153674,-101,-0.0570299265951,-0.08369854352,0.304347826087,-0.434782608696,0,32,3,67,404,0.323232323232,0.992628992629,0.00737100737101,0.676767676768,0.914285714286,0.323232323232,0.477611940299,0.493817829722,0.315861315861,0.313725490196,26,90,0,23,23,23,1,0,8,0,0.0386050732335,0,0,1,3.88826011686,0,16,NaN,1,ok,2.18974518502,0,23,6,6,0.260869565217,0,4,0,0.297520661157,0,0,1,2,0,16,NaN,1,ok,1.33333333333,0,23,20,20,0.869565217391,0,15,0,0.352255859312,0,0,1,2.33214285714,0,16,NaN,1,ok,1.29928571429,0,0,0,0
71,WLNM_dir_neg,0.719444444444,0.552378014027,00:00:02,10,10,71,505464117,fixed,validated_v2,/gpfs/scratch/acw792/wlnm_roleonly_v2_20260910/result_wlnm_dir_neg_roleonly_trophicv2_100x290_train10-90_Apocrita_20260910_011848/ecological_snapshots/Broadstone_Stream_tax_mass_K10_ratio0.1_exp71_seed505464117_threshold0.5_validated_v2.mat,role_only,2,uniform_without_replacement,uniform_remaining_nonlinks,176,0,176,407,198,198,176,22,0,22,0.111111111111,18,180,0.5,0.421052631579,0.177777777778,0.25,16,22,74,158,0.177777777778,0.877777777778,0.122222222222,0.822222222222,0.421052631579,0.177777777778,0.25,0.644444444444,0.61975308642,0.0649350649351,0.0753094041411,0.0555555555556,99,9,90,0,99,0,9,0,90,23,99,0.195652173913,2.18974518502,8.60869565217,6.6,4.5,4.59979377438,0.534319478842,0.291611769873,4.28989068105,0.996641269334,0.541062801932,2.91445898002,0.677096530713,0.355731225296,1.07629584498,0.491516479791,2.88826011686,2.18974518502,1.07629584498,2.88826011686,0.351612638569,0.458912768647,121,0.0683229813665,0.291765337837,23,23,23,1,0,0.347826086957,0.608695652174,0.0434782608696,23,0.0177865612648,1.41304347826,0.782608695652,1.28571428571,1.125,0.850482309106,1.08672739497,0.565217391304,0.656376446504,1.6774064744,0.743961352657,0.583027399542,1.48995890994,0.685990338164,0.717511069174,0.507777064339,2.5,2.3,0.974679434481,2.5,0,0,0,0,0.047619047619,23,5,5,0.217391304348,0,0.217391304348,0.130434782609,0.173913043478,23,47,0.0928853754941,1,4.08695652174,2.13636363636,5.875,4.05544576048,0.992289920118,0.4532839963,1.18621862425,0.580489965056,0.312673450509,4.05056966666,1.98219366667,0.797409805735,0,0,0,NaN,NaN,NaN,0.552730429293,0.29,29,0.0163749294184,0.320057720058,23,22,0,0.95652173913,6,0,0.347826086957,0.608695652174,-52,-0.102766798419,-1.18974518502,-4.52173913043,-4.46363636364,1.375,-0.544348013896,0.457970441276,0.161672226427,-3.1036720568,-0.416151304278,-0.228389351424,1.13611068664,1.30509713595,0.441678580439,-1.07629584498,-0.491516479791,-2.88826011686,NaN,NaN,NaN,0.201117790724,-0.168912768647,-92,-0.0519480519481,0.028292382221,-0.347826086957,-0.260869565217,0.565217391304,25,22,74,385,0.252525252525,0.945945945946,0.0540540540541,0.747474747475,0.531914893617,0.252525252525,0.342465753425,0.271242052704,0.198471198471,0.206611570248,38,90,0,23,23,23,1,0,8,0,0.0386050732335,0,0,1,3.88826011686,0,16,NaN,1,ok,2.18974518502,0,23,5,5,0.217391304348,0,1,0,0.0666666666667,0,0,1,3.5,0,16,NaN,1,ok,2.3,0,23,22,0,0.95652173913,6,0,22,NaN,NaN,NaN,NaN,NaN,0,0,NaN,0,no_basal_in_lcc,NaN,2,0,0,0
72,WLNM_dir_neg,0.680771604938,0.624984119894,00:00:01,10,10,72,505464118,fixed,validated_v2,/gpfs/scratch/acw792/wlnm_roleonly_v2_20260910/result_wlnm_dir_neg_roleonly_trophicv2_100x290_train10-90_Apocrita_20260910_011848/ecological_snapshots/Broadstone_Stream_tax_mass_K10_ratio0.1_exp72_seed505464118_threshold0.5_validated_v2.mat,role_only,2,uniform_without_replacement,uniform_remaining_nonlinks,176,0,176,407,198,198,176,22,0,22,0.111111111111,18,180,0.5,0.923076923077,0.266666666667,0.413793103448,24,2,66,178,0.266666666667,0.988888888889,0.0111111111111,0.733333333333,0.923076923077,0.266666666667,0.413793103448,0.748148148148,0.634567901235,0.310810810811,0.408376973931,0.255555555556,99,9,90,0,99,0,9,0,90,23,99,0.195652173913,2.18974518502,8.60869565217,6.6,4.5,4.59979377438,0.534319478842,0.291611769873,4.28989068105,0.996641269334,0.541062801932,2.91445898002,0.677096530713,0.355731225296,1.07629584498,0.491516479791,2.88826011686,2.18974518502,1.07629584498,2.88826011686,0.351612638569,0.458912768647,121,0.0683229813665,0.291765337837,23,23,23,1,0,0.347826086957,0.608695652174,0.0434782608696,23,0.0177865612648,1.4347826087,0.782608695652,1.125,1.28571428571,0.795242772488,1.01614354262,0.531400966184,0.583027399542,1.48995890994,0.685990338164,0.656376446504,1.6774064744,0.743961352657,0.662370876372,0.461652428986,2,2,0.894427191,2,0,0,0,0,0.0714285714286,23,6,6,0.260869565217,0,0.217391304348,0.0869565217391,0.260869565217,23,35,0.0691699604743,1.48342600188,3.04347826087,4.375,1.84210526316,2.78760667745,0.915927908304,0.460869565217,2.7776635901,1.82532178778,0.772670807453,1.30973853107,0.860685320416,0.434782608696,0.697520786493,0.470209356993,1.83333333333,1.50539991106,0.705740137951,1.83333333333,0.368803418803,0.253521126761,12,0.00677583286279,0.165769448805,23,22,22,0.95652173913,0,0.608695652174,0.217391304348,0.130434782609,-64,-0.126482213439,-0.706319183141,-5.5652173913,-2.225,-2.65789473684,-1.81218709693,0.381608429462,0.169257795345,-1.51222709095,0.828680518445,0.231608005521,-1.60472044896,0.183588789703,0.0790513833992,-0.378775058491,-0.0213071227982,-1.05492678352,-0.684345273965,-0.370555707033,-1.05492678352,0.0171907802343,-0.205391641887,-109,-0.0615471485037,-0.125995889032,0.260869565217,-0.391304347826,0.0869565217391,33,2,66,405,0.333333333333,0.995085995086,0.004914004914,0.666666666667,0.942857142857,0.333333333333,0.492537313433,0.513451036435,0.328419328419,0.326732673267,26,90,0,23,23,23,1,0,8,0,0.0386050732335,0,0,1,3.88826011686,0,16,NaN,1,ok,2.18974518502,0,23,6,6,0.260869565217,0,2,0,0.0740740740741,0,0,1,3,0,16,NaN,1,ok,2,0,23,22,22,0.95652173913,0,14,0,0.119948030902,0,0,1,2.83333333333,0,16,NaN,1,ok,1.50539991106,0,0,0,0
73,WLNM_dir_neg,0.640925925926,0.60934156018,00:00:02,10,10,73,505464119,fixed,validated_v2,/gpfs/scratch/acw792/wlnm_roleonly_v2_20260910/result_wlnm_dir_neg_roleonly_trophicv2_100x290_train10-90_Apocrita_20260910_011848/ecological_snapshots/Broadstone_Stream_tax_mass_K10_ratio0.1_exp73_seed505464119_threshold0.5_validated_v2.mat,role_only,2,uniform_without_replacement,uniform_remaining_nonlinks,176,0,176,407,198,198,176,22,0,22,0.111111111111,18,180,0.5,0.807692307692,0.233333333333,0.362068965517,21,5,69,175,0.233333333333,0.972222222222,0.0277777777778,0.766666666667,0.807692307692,0.233333333333,0.362068965517,0.725925925926,0.634567901235,0.25,0.328477131206,0.205555555556,99,9,90,0,99,0,9,0,90,23,99,0.195652173913,2.18974518502,8.60869565217,6.6,4.5,4.59979377438,0.534319478842,0.291611769873,4.28989068105,0.996641269334,0.541062801932,2.91445898002,0.677096530713,0.355731225296,1.07629584498,0.491516479791,2.88826011686,2.18974518502,1.07629584498,2.88826011686,0.351612638569,0.458912768647,121,0.0683229813665,0.291765337837,23,23,23,1,0,0.347826086957,0.608695652174,0.0434782608696,23,0.0177865612648,1,0.782608695652,1.125,1,0.735868178606,0.940276005996,0.487922705314,0.583027399542,1.48995890994,0.685990338164,0.499010879348,1.275250025,0.608695652174,0,0,0,1.625,0.75,1.5,0,0,0,0,0,23,4,4,0.173913043478,0,0.260869565217,0.130434782609,0.217391304348,23,35,0.0691699604743,1,3.04347826087,4.375,1.59090909091,2.80386520344,0.921269995415,0.433540372671,2.76125079065,1.81453623385,0.780124223602,0.730477130337,0.480027828507,0.24347826087,0,0,0,NaN,NaN,NaN,0.40612244898,0.24,10,0.00564652738566,0.0531539888683,23,23,0,1,7,0.652173913043,0.304347826087,0.0434782608696,-64,-0.126482213439,-1.18974518502,-5.5652173913,-2.225,-2.90909090909,-1.79592857094,0.386950516574,0.141928602798,-1.5286398904,0.81789496452,0.23906142167,-2.18398184969,-0.197068702206,-0.112252964427,-1.07629584498,-0.491516479791,-2.88826011686,NaN,NaN,NaN,0.0545098104104,-0.218912768647,-111,-0.0626764539808,-0.238611348968,0.304347826087,-0.304347826087,0,30,5,69,402,0.30303030303,0.987714987715,0.012285012285,0.69696969697,0.857142857143,0.30303030303,0.44776119403,0.454551416296,0.290745290745,0.288461538462,26,90,0,23,23,23,1,0,8,0,0.0386050732335,0,0,1,3.88826011686,0,16,NaN,1,ok,2.18974518502,0,23,4,4,0.173913043478,0,2,0,0.2,0,0,1,2.5,0,16,NaN,1,ok,1.625,0,23,23,0,1,7,15,2,NaN,NaN,NaN,NaN,NaN,0,0,NaN,0,basal_unreachable_in_lcc,NaN,2,0,0,0
74,WLNM_dir_neg,0.734351851852,0.700474358438,00:00:02,10,10,74,505464120,fixed,validated_v2,/gpfs/scratch/acw792/wlnm_roleonly_v2_20260910/result_wlnm_dir_neg_roleonly_trophicv2_100x290_train10-90_Apocrita_20260910_011848/ecological_snapshots/Broadstone_Stream_tax_mass_K10_ratio0.1_exp74_seed505464120_threshold0.5_validated_v2.mat,role_only,2,uniform_without_replacement,uniform_remaining_nonlinks,176,0,176,407,198,198,176,22,0,22,0.111111111111,18,180,0.5,0.891891891892,0.366666666667,0.51968503937,33,4,57,176,0.366666666667,0.977777777778,0.0222222222222,0.633333333333,0.891891891892,0.366666666667,0.51968503937,0.774074074074,0.620987654321,0.403908794788,0.47216943359,0.344444444444,99,9,90,0,99,0,9,0,90,23,99,0.195652173913,2.18974518502,8.60869565217,6.6,4.5,4.59979377438,0.534319478842,0.291611769873,4.28989068105,0.996641269334,0.541062801932,2.91445898002,0.677096530713,0.355731225296,1.07629584498,0.491516479791,2.88826011686,2.18974518502,1.07629584498,2.88826011686,0.351612638569,0.458912768647,121,0.0683229813665,0.291765337837,23,23,23,1,0,0.347826086957,0.608695652174,0.0434782608696,23,0.0177865612648,1.47826086957,0.782608695652,1.125,1,0.795242772488,1.01614354262,0.502415458937,0.583027399542,1.48995890994,0.685990338164,0.499010879348,1.275250025,0.608695652174,0.730477130337,0.494146294051,2,1.75,0.957427107756,2,0,0,0,0,0,23,4,4,0.173913043478,0,0.260869565217,0.130434782609,0.217391304348,23,46,0.0909090909091,1.47178784978,4,5.75,2,3.24737656354,0.811844140886,0.405482041588,3.23334895341,1.61667447671,0.741020793951,1,0.5,0.264650283554,0.681411303117,0.462982014166,1.61980452167,1.47178784978,0.681411303117,1.61980452167,0.314995822891,0.255,17,0.00959909655562,0.123292580435,23,23,23,1,0,0.652173913043,0.347826086957,0,-53,-0.104743083004,-0.717957335244,-4.60869565217,-0.85,-2.5,-1.35241721083,0.277524662044,0.113870271715,-1.05654172763,0.620033207373,0.199957992018,-1.91445898002,-0.177096530713,-0.0910809417426,-0.394884541867,-0.0285344656254,-1.26845559519,-0.717957335244,-0.394884541867,-1.26845559519,-0.0366168156786,-0.203912768647,-104,-0.0587238848108,-0.168472757401,0.304347826087,-0.260869565217,-0.0434782608696,42,4,57,403,0.424242424242,0.990171990172,0.00982800982801,0.575757575758,0.913043478261,0.424242424242,0.579310344828,0.571862769401,0.414414414414,0.407766990291,37,90,0,23,23,23,1,0,8,0,0.0386050732335,0,0,1,3.88826011686,0,16,NaN,1,ok,2.18974518502,0,23,4,4,0.173913043478,0,2,0,0.25,0,0,1,3,0,16,NaN,1,ok,1.75,0,23,23,23,1,0,15,0,0.323502418213,0,0,1,2.61980452167,0,16,NaN,1,ok,1.47178784978,0,0,0,0
75,WLNM_dir_neg,0.66725308642,0.603771597346,00:00:02,10,10,75,505464121,fixed,validated_v2,/gpfs/scratch/acw792/wlnm_roleonly_v2_20260910/result_wlnm_dir_neg_roleonly_trophicv2_100x290_train10-90_Apocrita_20260910_011848/ecological_snapshots/Broadstone_Stream_tax_mass_K10_ratio0.1_exp75_seed505464121_threshold0.5_validated_v2.mat,role_only,2,uniform_without_replacement,uniform_remaining_nonlinks,176,0,176,407,198,198,176,22,0,22,0.111111111111,18,180,0.5,0.869565217391,0.222222222222,0.353982300885,20,3,70,177,0.222222222222,0.983333333333,0.0166666666667,0.777777777778,0.869565217391,0.222222222222,0.353982300885,0.72962962963,0.638271604938,0.252559726962,0.347115759461,0.205555555556,99,9,90,0,99,0,9,0,90,23,99,0.195652173913,2.18974518502,8.60869565217,6.6,4.5,4.59979377438,0.534319478842,0.291611769873,4.28989068105,0.996641269334,0.541062801932,2.91445898002,0.677096530713,0.355731225296,1.07629584498,0.491516479791,2.88826011686,2.18974518502,1.07629584498,2.88826011686,0.351612638569,0.458912768647,121,0.0683229813665,0.291765337837,23,23,23,1,0,0.347826086957,0.608695652174,0.0434782608696,23,0.0177865612648,1.31884057971,0.782608695652,1.5,1.5,1.04257207029,1.33217542314,0.661835748792,0.78271848154,2.00028056393,0.80193236715,0.78271848154,2.00028056393,0.80193236715,0.581518917326,0.440931926324,2,1.61904761905,0.590936840285,1.33333333333,0,0,0,0,0.15,23,7,7,0.304347826087,0,0.173913043478,0.0869565217391,0.173913043478,23,32,0.0632411067194,1.51217793881,2.78260869565,4,2.46153846154,2.90699034835,1.04469965644,0.559782608696,2.48155249124,1.78361585308,0.774456521739,1.75134053681,1.25877601084,0.616847826087,0.75532975819,0.499497935266,2,1.78533950617,0.81650992484,2,0.530525030525,0.42,21,0.0118577075099,0.217010667904,23,15,15,0.652173913043,0,0.304347826087,0.260869565217,0.0869565217391,-67,-0.132411067194,-0.677567246217,-5.82608695652,-2.6,-2.03846153846,-1.69280342603,0.510380177595,0.268170838823,-1.8083381898,0.786974583747,0.233393719807,-1.16311844321,0.581679480123,0.261116600791,-0.320966086794,0.00798145547487,-0.888260116858,-0.404405678852,-0.259785920144,-0.888260116858,0.178912391956,-0.0389127686473,-100,-0.0564652738566,-0.0747546699332,-0.0434782608696,-0.347826086957,0.0434782608696,29,3,70,404,0.292929292929,0.992628992629,0.00737100737101,0.707070707071,0.90625,0.292929292929,0.442748091603,0.465420392181,0.285558285558,0.28431372549,23,90,0,23,23,23,1,0,8,0,0.0386050732335,0,0,1,3.88826011686,0,16,NaN,1,ok,2.18974518502,0,23,7,7,0.304347826087,0,3,0,0.0745341614907,0,0,1,2.33333333333,0,16,NaN,1,ok,1.61904761905,0,23,15,15,0.652173913043,0,7,0,0.0633276841173,0,0,1,3,0,16,NaN,1,ok,1.78533950617,0,0,0,0
76,WLNM_dir_neg,0.791882716049,0.680314518261,00:00:02,10,10,76,505464122,fixed,validated_v2,/gpfs/scratch/acw792/wlnm_roleonly_v2_20260910/result_wlnm_dir_neg_roleonly_trophicv2_100x290_train10-90_Apocrita_20260910_011848/ecological_snapshots/Broadstone_Stream_tax_mass_K10_ratio0.1_exp76_seed505464122_threshold0.5_validated_v2.mat,role_only,2,uniform_without_replacement,uniform_remaining_nonlinks,176,0,176,407,198,198,176,22,0,22,0.111111111111,18,180,0.5,0.659793814433,0.711111111111,0.68449197861,64,33,26,147,0.711111111111,0.816666666667,0.183333333333,0.288888888889,0.659793814433,0.711111111111,0.68449197861,0.781481481481,0.546913580247,0.517711171662,0.518560806055,0.527777777778,99,9,90,0,99,0,9,0,90,23,99,0.195652173913,2.18974518502,8.60869565217,6.6,4.5,4.59979377438,0.534319478842,0.291611769873,4.28989068105,0.996641269334,0.541062801932,2.91445898002,0.677096530713,0.355731225296,1.07629584498,0.491516479791,2.88826011686,2.18974518502,1.07629584498,2.88826011686,0.351612638569,0.458912768647,121,0.0683229813665,0.291765337837,23,23,23,1,0,0.347826086957,0.608695652174,0.0434782608696,23,0.0177865612648,1.39130434783,0.782608695652,1.125,1.28571428571,0.735868178606,0.940276005996,0.487922705314,0.583027399542,1.48995890994,0.685990338164,0.656376446504,1.6774064744,0.743961352657,0.583027399542,0.419050943421,2,2,0.816496580928,2,0,0,0,0,0.0714285714286,23,4,4,0.173913043478,0,0.260869565217,0.0434782608696,0.304347826087,23,106,0.209486166008,1,9.21739130435,5.04761904762,4.81818181818,4.73820566094,0.514050614159,0.26127973749,4.04226680819,0.877095628193,0.468416735029,2.80809107653,0.609302780756,0.284659557014,0,0,0,23.4237244237,7.15769834471,26.1705948373,0.472962495021,0.395642201835,115,0.0649350649351,0.254206553803,23,23,23,1,0,0.0869565217391,0.869565217391,0.0434782608696,7,0.0138339920949,-1.18974518502,0.608695652174,-1.55238095238,0.318181818182,0.138411886564,-0.0202688646831,-0.0303320323829,-0.247623872855,-0.119545641141,-0.0726460669037,-0.106367903497,-0.0677937499569,-0.0710716682825,-1.07629584498,-0.491516479791,-2.88826011686,21.2339792387,6.08140249972,23.2823347204,0.121349856452,-0.0632705668124,-6,-0.00338791643139,-0.0375587840338,-0.260869565217,0.260869565217,0,73,33,26,374,0.737373737374,0.918918918919,0.0810810810811,0.262626262626,0.688679245283,0.737373737374,0.712195121951,0.63977817137,0.656292656293,0.55303030303,97,90,0,23,23,23,1,0,8,0,0.0386050732335,0,0,1,3.88826011686,0,16,NaN,1,ok,2.18974518502,0,23,4,4,0.173913043478,0,1,0,0.0833333333333,0,0,1,3,0,16,NaN,1,ok,2,0,23,23,23,1,0,2,0,0.000680243928496,0,0,1,27.1705948373,1,16,NaN,1,ok,NaN,3,0,0,0
77,WLNM_dir_neg,0.621419753086,0.530402487654,00:00:01,10,10,77,505464123,fixed,validated_v2,/gpfs/scratch/acw792/wlnm_roleonly_v2_20260910/result_wlnm_dir_neg_roleonly_trophicv2_100x290_train10-90_Apocrita_20260910_011848/ecological_snapshots/Broadstone_Stream_tax_mass_K10_ratio0.1_exp77_seed505464123_threshold0.5_validated_v2.mat,role_only,2,uniform_without_replacement,uniform_remaining_nonlinks,176,0,176,407,198,198,176,22,0,22,0.111111111111,18,180,0.5,0.823529411765,0.155555555556,0.261682242991,14,3,76,177,0.155555555556,0.983333333333,0.0166666666667,0.844444444444,0.823529411765,0.155555555556,0.261682242991,0.707407407407,0.645679012346,0.174216027875,0.269550591739,0.138888888889,99,9,90,0,99,0,9,0,90,23,99,0.195652173913,2.18974518502,8.60869565217,6.6,4.5,4.59979377438,0.534319478842,0.291611769873,4.28989068105,0.996641269334,0.541062801932,2.91445898002,0.677096530713,0.355731225296,1.07629584498,0.491516479791,2.88826011686,2.18974518502,1.07629584498,2.88826011686,0.351612638569,0.458912768647,121,0.0683229813665,0.291765337837,23,23,23,1,0,0.347826086957,0.608695652174,0.0434782608696,23,0.0177865612648,1.27536231884,0.782608695652,1.5,1.125,0.902346523799,1.15299833597,0.56038647343,0.78271848154,2.00028056393,0.80193236715,0.583027399542,1.48995890994,0.685990338164,0.478340712783,0.375062604341,1.33333333333,1.38888888889,0.61161595309,1.33333333333,0,0,0,0,0.0666666666667,23,6,6,0.260869565217,0,0.304347826087,0.0434782608696,0.217391304348,23,26,0.0513833992095,1.2768115942,2.26086956522,4.33333333333,1.625,1.93572611005,0.856186548675,0.453177257525,2.07373943805,1.83446181058,0.782608695652,1.17953564924,1.04343538202,0.508361204013,0.478574776211,0.374820199302,1.2,1.31833333333,0.501281982252,1.2,0.187878787879,0.121621621622,3,0.0016939582157,0.186904761905,23,20,20,0.869565217391,0,0.608695652174,0.0869565217391,0.173913043478,-73,-0.144268774704,-0.912933590822,-6.34782608696,-2.26666666667,-2.875,-2.66406766433,0.321867069833,0.161565487652,-2.216151243,0.837820541247,0.24154589372,-1.73492333079,0.366338851307,0.152629978717,-0.597721068773,-0.116696280489,-1.68826011686,-0.871411851692,-0.575013862731,-1.68826011686,-0.16373385069,-0.337291147026,-118,-0.0666290231508,-0.104860575932,0.260869565217,-0.521739130435,0.130434782609,23,3,76,404,0.232323232323,0.992628992629,0.00737100737101,0.767676767677,0.884615384615,0.232323232323,0.368,0.40420138963,0.224952224952,0.225490196078,17,90,0,23,23,23,1,0,8,0,0.0386050732335,0,0,1,3.88826011686,0,16,NaN,1,ok,2.18974518502,0,23,6,6,0.260869565217,0,4,0,0.4,0,0,1,2.33333333333,0,16,NaN,1,ok,1.38888888889,0,23,20,20,0.869565217391,0,14,0,0.192263871482,0,0,1,2.2,0,16,NaN,1,ok,1.31833333333,0,0,0,0
78,WLNM_dir_neg,0.608148148148,0.44320905477,00:00:01,10,10,78,505464124,fixed,validated_v2,/gpfs/scratch/acw792/wlnm_roleonly_v2_20260910/result_wlnm_dir_neg_roleonly_trophicv2_100x290_train10-90_Apocrita_20260910_011848/ecological_snapshots/Broadstone_Stream_tax_mass_K10_ratio0.1_exp78_seed505464124_threshold0.5_validated_v2.mat,role_only,2,uniform_without_replacement,uniform_remaining_nonlinks,176,0,176,407,198,198,176,22,0,22,0.111111111111,18,180,0.5,0.535714285714,0.166666666667,0.254237288136,15,13,75,167,0.166666666667,0.927777777778,0.0722222222222,0.833333333333,0.535714285714,0.166666666667,0.254237288136,0.674074074074,0.632098765432,0.114093959732,0.146031728208,0.0944444444444,99,9,90,0,99,0,9,0,90,23,99,0.195652173913,2.18974518502,8.60869565217,6.6,4.5,4.59979377438,0.534319478842,0.291611769873,4.28989068105,0.996641269334,0.541062801932,2.91445898002,0.677096530713,0.355731225296,1.07629584498,0.491516479791,2.88826011686,2.18974518502,1.07629584498,2.88826011686,0.351612638569,0.458912768647,121,0.0683229813665,0.291765337837,23,23,23,1,0,0.347826086957,0.608695652174,0.0434782608696,23,0.0177865612648,1.4347826087,0.782608695652,1.125,1.28571428571,0.795242772488,1.01614354262,0.531400966184,0.583027399542,1.48995890994,0.685990338164,0.656376446504,1.6774064744,0.743961352657,0.662370876372,0.461652428986,2,1.5,0.57735026919,1,0,0,0,0,0.0535714285714,23,4,4,0.173913043478,0,0.217391304348,0.0869565217391,0.260869565217,23,37,0.0731225296443,2.01014492754,3.21739130435,2.3125,2.05555555556,3.20449289335,0.995991034421,0.477085781434,2.64126571647,1.6418678778,0.629847238543,2.03914265484,1.26757516382,0.505287896592,0.85381998331,0.4247554351,3.01666666667,2.10634920635,0.83075394456,3.01666666667,0.445894383394,0.246153846154,16,0.00903444381705,0.294841269841,23,21,21,0.913043478261,0,0.217391304348,0.565217391304,0.130434782609,-62,-0.122529644269,-0.179600257489,-5.39130434783,-4.2875,-2.44444444444,-1.39530088102,0.461671555579,0.185474011561,-1.64862496458,0.645226608469,0.0887844366105,-0.875316325182,0.590478633108,0.149556671296,-0.222475861673,-0.066761044691,0.128406549809,-0.0833959786757,-0.245541900423,0.128406549809,0.0942817448252,-0.212758922493,-105,-0.0592885375494,0.0030759320045,-0.130434782609,-0.0434782608696,0.0869565217391,24,13,75,394,0.242424242424,0.968058968059,0.031941031941,0.757575757576,0.648648648649,0.242424242424,0.352941176471,0.320733983272,0.210483210483,0.214285714286,28,90,0,23,23,23,1,0,8,0,0.0386050732335,0,0,1,3.88826011686,0,16,NaN,1,ok,2.18974518502,0,23,4,4,0.173913043478,0,2,0,0.16,0,0,1,2,0,16,NaN,1,ok,1.5,0,23,21,21,0.913043478261,0,5,0,0.00758779073885,0,0,1,4.01666666667,0,16,NaN,1,ok,2.10634920635,0,0,0,0
79,WLNM_dir_neg,0.67024691358,0.514255087417,00:00:01,10,10,79,505464125,fixed,validated_v2,/gpfs/scratch/acw792/wlnm_roleonly_v2_20260910/result_wlnm_dir_neg_roleonly_trophicv2_100x290_train10-90_Apocrita_20260910_011848/ecological_snapshots/Broadstone_Stream_tax_mass_K10_ratio0.1_exp79_seed505464125_threshold0.5_validated_v2.mat,role_only,2,uniform_without_replacement,uniform_remaining_nonlinks,176,0,176,407,198,198,176,22,0,22,0.111111111111,18,180,0.5,0.833333333333,0.222222222222,0.350877192982,20,4,70,176,0.222222222222,0.977777777778,0.0222222222222,0.777777777778,0.833333333333,0.222222222222,0.350877192982,0.725925925926,0.637037037037,0.244897959184,0.331294578225,0.2,99,9,90,0,99,0,9,0,90,23,99,0.195652173913,2.18974518502,8.60869565217,6.6,4.5,4.59979377438,0.534319478842,0.291611769873,4.28989068105,0.996641269334,0.541062801932,2.91445898002,0.677096530713,0.355731225296,1.07629584498,0.491516479791,2.88826011686,2.18974518502,1.07629584498,2.88826011686,0.351612638569,0.458912768647,121,0.0683229813665,0.291765337837,23,23,23,1,0,0.347826086957,0.608695652174,0.0434782608696,23,0.0177865612648,1.28260869565,0.782608695652,1.8,1.125,1.12639899838,1.43928760904,0.685990338164,0.838783233173,2.14355715144,0.830917874396,0.583027399542,1.48995890994,0.685990338164,0.589115889991,0.459310693891,2.16666666667,1.6875,0.818620112683,2.16666666667,0,0,0,0,0.025,23,8,8,0.347826086957,0,0.217391304348,0.130434782609,0.0869565217391,23,33,0.0652173913043,1.96793270032,2.86956521739,4.71428571429,1.83333333333,2.89677481828,1.00948213364,0.527009222661,2.67694002644,1.86574607903,0.787878787879,1.34252431691,0.935698766333,0.469038208169,1.63055511256,0.828562436255,4.66666666667,2.17170800565,1.73133027654,4.66666666667,0.373593073593,0.343511450382,15,0.00846979107849,0.17005428434,23,19,19,0.826086956522,0,0.521739130435,0.260869565217,0.0434782608696,-66,-0.130434782609,-0.221812484708,-5.73913043478,-1.88571428571,-2.66666666667,-1.7030189561,0.475162654802,0.235397452789,-1.61295065461,0.869104809697,0.246815985946,-1.57193466311,0.25860223562,0.113306982872,0.554259267576,0.337045956464,1.77840654981,-0.0180371793786,0.65503443156,1.77840654981,0.0219804350239,-0.115401318266,-106,-0.059853190288,-0.121711053497,0.173913043478,-0.347826086957,0,29,4,70,403,0.292929292929,0.990171990172,0.00982800982801,0.707070707071,0.878787878788,0.292929292929,0.439393939394,0.454850942893,0.283101283101,0.281553398058,24,90,0,23,23,23,1,0,8,0,0.0386050732335,0,0,1,3.88826011686,0,16,NaN,1,ok,2.18974518502,0,23,8,8,0.347826086957,0,4,0,0.2,0,0,1,3.16666666667,0,16,NaN,1,ok,1.6875,0,23,19,19,0.826086956522,0,12,0,0.0462410677376,0,0,1,5.66666666667,0,16,NaN,1,ok,2.17170800565,0,0,0,0
80,WLNM_dir_neg,0.636604938272,0.543234500931,00:00:02,10,10,80,505464126,fixed,validated_v2,/gpfs/scratch/acw792/wlnm_roleonly_v2_20260910/result_wlnm_dir_neg_roleonly_trophicv2_100x290_train10-90_Apocrita_20260910_011848/ecological_snapshots/Broadstone_Stream_tax_mass_K10_ratio0.1_exp80_seed505464126_threshold0.5_validated_v2.mat,role_only,2,uniform_without_replacement,uniform_remaining_nonlinks,176,0,176,407,198,198,176,22,0,22,0.111111111111,18,180,0.5,0.555555555556,0.166666666667,0.25641025641,15,12,75,168,0.166666666667,0.933333333333,0.0666666666667,0.833333333333,0.555555555556,0.166666666667,0.25641025641,0.677777777778,0.633333333333,0.121212121212,0.157134840264,0.1,99,9,90,0,99,0,9,0,90,23,99,0.195652173913,2.18974518502,8.60869565217,6.6,4.5,4.59979377438,0.534319478842,0.291611769873,4.28989068105,0.996641269334,0.541062801932,2.91445898002,0.677096530713,0.355731225296,1.07629584498,0.491516479791,2.88826011686,2.18974518502,1.07629584498,2.88826011686,0.351612638569,0.458912768647,121,0.0683229813665,0.291765337837,23,23,23,1,0,0.347826086957,0.608695652174,0.0434782608696,23,0.0177865612648,1.57608695652,0.782608695652,1.5,1.28571428571,1.27765843135,1.63256355117,0.729468599034,0.78271848154,2.00028056393,0.80193236715,0.656376446504,1.6774064744,0.743961352657,1.12924648703,0.71648742625,3.75,2.75,1.48604620834,3.75,0.433333333333,0.3,1,0.000564652738566,0.0555555555556,23,7,7,0.304347826087,0,0.130434782609,0.173913043478,0.0869565217391,23,36,0.0711462450593,3.54093519278,3.13043478261,2.4,2.4,4.43441446197,1.41654906424,0.582125603865,2.35151956589,1.50235972265,0.640096618357,2.40881122994,1.53896273024,0.635265700483,2.09116524492,0.590568629773,4.68679245283,4.07586891758,1.89945974,4.68679245283,0.598941798942,0.284210526316,18,0.0101637492942,0.360593692022,23,19,19,0.826086956522,0,0.173913043478,0.478260869565,0.173913043478,-63,-0.124505928854,1.35119000776,-5.47826086957,-4.2,-2.1,-0.165379312404,0.8822295854,0.290513833992,-1.93837111515,0.505718453319,0.0990338164251,-0.505647750081,0.861866199529,0.279534475187,1.01486939993,0.0990521499822,1.79853233597,1.88612373255,0.823163895017,1.79853233597,0.247329160373,-0.174702242331,-103,-0.0581592320723,0.0688283541855,-0.173913043478,-0.130434782609,0.130434782609,24,12,75,395,0.242424242424,0.970515970516,0.029484029484,0.757575757576,0.666666666667,0.242424242424,0.355555555556,0.328603592108,0.21294021294,0.216216216216,27,90,0,23,23,23,1,0,8,0,0.0386050732335,0,0,1,3.88826011686,0,16,NaN,1,ok,2.18974518502,0,23,7,7,0.304347826087,0,2,0,0.0888888888889,0,0,1,4.75,0,16,NaN,1,ok,2.75,0,23,19,19,0.826086956522,0,4,0,0.00519684267294,0,0,1,5.68679245283,0,16,NaN,1,ok,4.07586891758,0,0,0,0
81,WLNM_dir_neg,0.719197530864,0.617976525855,00:00:01,10,10,81,505464127,fixed,validated_v2,/gpfs/scratch/acw792/wlnm_roleonly_v2_20260910/result_wlnm_dir_neg_roleonly_trophicv2_100x290_train10-90_Apocrita_20260910_011848/ecological_snapshots/Broadstone_Stream_tax_mass_K10_ratio0.1_exp81_seed505464127_threshold0.5_validated_v2.mat,role_only,2,uniform_without_replacement,uniform_remaining_nonlinks,176,0,176,407,198,198,176,22,0,22,0.111111111111,18,180,0.5,0.95652173913,0.244444444444,0.389380530973,22,1,68,179,0.244444444444,0.994444444444,0.00555555555556,0.755555555556,0.95652173913,0.244444444444,0.389380530973,0.744444444444,0.638271604938,0.293515358362,0.403404801536,0.238888888889,99,9,90,0,99,0,9,0,90,23,99,0.195652173913,2.18974518502,8.60869565217,6.6,4.5,4.59979377438,0.534319478842,0.291611769873,4.28989068105,0.996641269334,0.541062801932,2.91445898002,0.677096530713,0.355731225296,1.07629584498,0.491516479791,2.88826011686,2.18974518502,1.07629584498,2.88826011686,0.351612638569,0.458912768647,121,0.0683229813665,0.291765337837,23,23,23,1,0,0.347826086957,0.608695652174,0.0434782608696,23,0.0177865612648,1.58695652174,0.782608695652,1.5,1.125,0.998021758696,1.275250025,0.63768115942,0.722315118515,1.84591641398,0.782608695652,0.583027399542,1.48995890994,0.685990338164,1.15455790352,0.727529637831,4,2.5625,1.54544260882,4,0,0,0,0,0.0333333333333,23,8,8,0.347826086957,0,0.217391304348,0.130434782609,0.130434782609,23,32,0.0632411067194,1.39654682274,2.78260869565,5.33333333333,2.28571428571,3.60500311107,1.29554799304,0.622282608696,2.74257891964,1.97122859849,0.807065217391,1.49967058306,1.07788823158,0.567934782609,0.704184202892,0.504232433474,2.11134615385,1.57003605769,0.788540284432,2.11134615385,0.616509248327,0.41958041958,20,0.0112930547713,0.240088985089,23,16,16,0.695652173913,0,0.434782608696,0.173913043478,0.0869565217391,-67,-0.132411067194,-0.793198362282,-5.82608695652,-1.26666666667,-2.21428571429,-0.994790663306,0.761228514199,0.330670838823,-1.54731176141,0.974587329155,0.266002415459,-1.41478839696,0.400791700865,0.212203557312,-0.372111642091,0.0127159536828,-0.776913963012,-0.619709127333,-0.287755560552,-0.776913963012,0.264896609758,-0.0393323490669,-101,-0.0570299265951,-0.0516763527478,0.0869565217391,-0.434782608696,0.0434782608696,31,1,68,406,0.313131313131,0.997542997543,0.002457002457,0.686868686869,0.96875,0.313131313131,0.473282442748,0.506356028969,0.310674310674,0.31,23,90,0,23,23,23,1,0,8,0,0.0386050732335,0,0,1,3.88826011686,0,16,NaN,1,ok,2.18974518502,0,23,8,8,0.347826086957,0,3,0,0.0888888888889,0,0,1,5,0,16,NaN,1,ok,2.5625,0,23,16,16,0.695652173913,0,10,0,0.206711478762,0,0,1,3.11134615385,0,16,NaN,1,ok,1.57003605769,0,0,0,0
82,WLNM_dir_neg,0.65524691358,0.537095677149,00:00:02,10,10,82,505464128,fixed,validated_v2,/gpfs/scratch/acw792/wlnm_roleonly_v2_20260910/result_wlnm_dir_neg_roleonly_trophicv2_100x290_train10-90_Apocrita_20260910_011848/ecological_snapshots/Broadstone_Stream_tax_mass_K10_ratio0.1_exp82_seed505464128_threshold0.5_validated_v2.mat,role_only,2,uniform_without_replacement,uniform_remaining_nonlinks,176,0,176,407,198,198,176,22,0,22,0.111111111111,18,180,0.5,0.76,0.211111111111,0.330434782609,19,6,71,174,0.211111111111,0.966666666667,0.0333333333333,0.788888888889,0.76,0.211111111111,0.330434782609,0.714814814815,0.635802469136,0.216949152542,0.28912252893,0.177777777778,99,9,90,0,99,0,9,0,90,23,99,0.195652173913,2.18974518502,8.60869565217,6.6,4.5,4.59979377438,0.534319478842,0.291611769873,4.28989068105,0.996641269334,0.541062801932,2.91445898002,0.677096530713,0.355731225296,1.07629584498,0.491516479791,2.88826011686,2.18974518502,1.07629584498,2.88826011686,0.351612638569,0.458912768647,121,0.0683229813665,0.291765337837,23,23,23,1,0,0.347826086957,0.608695652174,0.0434782608696,23,0.0177865612648,1,0.782608695652,1.28571428571,1.125,1.04257207029,1.33217542314,0.661835748792,0.656376446504,1.6774064744,0.743961352657,0.583027399542,1.48995890994,0.685990338164,0,0,0,NaN,NaN,NaN,0.388888888889,0.3,1,0.000564652738566,0.0238095238095,23,8,0,0.347826086957,7,0.130434782609,0.217391304348,0.0869565217391,23,34,0.0671936758893,2.39585853554,2.95652173913,4.25,2.61538461538,3.86685520416,1.30790690729,0.650895140665,2.44706810132,1.65536959795,0.749360613811,1.78043828152,1.20441413162,0.616368286445,1.98808537665,0.829800819686,4.82387706856,3.46959587058,2.09130285296,4.82387706856,0.541587301587,0.475,19,0.0107284020327,0.227636054422,23,13,13,0.565217391304,0,0.217391304348,0.347826086957,0,-65,-0.128458498024,0.206113350519,-5.65217391304,-2.35,-1.88461538462,-0.732938570214,0.773587428449,0.359283370792,-1.84282257973,0.658728328616,0.208297811878,-1.1340206985,0.527317600905,0.260637061149,0.911789531663,0.338284339895,1.9356169517,1.27985068555,1.01500700797,1.9356169517,0.189974663018,0.0160872313527,-102,-0.0575945793337,-0.064129283415,-0.130434782609,-0.260869565217,-0.0434782608696,28,6,71,401,0.282828282828,0.985257985258,0.014742014742,0.717171717172,0.823529411765,0.282828282828,0.421052631579,0.424794527472,0.268086268086,0.266666666667,25,90,0,23,23,23,1,0,8,0,0.0386050732335,0,0,1,3.88826011686,0,16,NaN,1,ok,2.18974518502,0,23,8,0,0.347826086957,7,2,3,NaN,NaN,NaN,NaN,NaN,0,0,NaN,0,basal_unreachable_in_lcc,NaN,2,23,13,13,0.565217391304,0,5,0,0.0563210762237,0,0,1,5.82387706856,0,16,NaN,1,ok,3.46959587058,0,0,0,0
83,WLNM_dir_neg,0.701882716049,0.657682982599,00:00:02,10,10,83,505464129,fixed,validated_v2,/gpfs/scratch/acw792/wlnm_roleonly_v2_20260910/result_wlnm_dir_neg_roleonly_trophicv2_100x290_train10-90_Apocrita_20260910_011848/ecological_snapshots/Broadstone_Stream_tax_mass_K10_ratio0.1_exp83_seed505464129_threshold0.5_validated_v2.mat,role_only,2,uniform_without_replacement,uniform_remaining_nonlinks,176,0,176,407,198,198,176,22,0,22,0.111111111111,18,180,0.5,0.891891891892,0.366666666667,0.51968503937,33,4,57,176,0.366666666667,0.977777777778,0.0222222222222,0.633333333333,0.891891891892,0.366666666667,0.51968503937,0.774074074074,0.620987654321,0.403908794788,0.47216943359,0.344444444444,99,9,90,0,99,0,9,0,90,23,99,0.195652173913,2.18974518502,8.60869565217,6.6,4.5,4.59979377438,0.534319478842,0.291611769873,4.28989068105,0.996641269334,0.541062801932,2.91445898002,0.677096530713,0.355731225296,1.07629584498,0.491516479791,2.88826011686,2.18974518502,1.07629584498,2.88826011686,0.351612638569,0.458912768647,121,0.0683229813665,0.291765337837,23,23,23,1,0,0.347826086957,0.608695652174,0.0434782608696,23,0.0177865612648,1.5,0.782608695652,1.28571428571,1.125,0.902346523799,1.15299833597,0.589371980676,0.656376446504,1.6774064744,0.743961352657,0.583027399542,1.48995890994,0.685990338164,0.929320377285,0.61954691819,3.5,2.41666666667,1.39343699774,3.5,0,0,0,0,0.0238095238095,23,6,6,0.260869565217,0,0.217391304348,0.130434782609,0.173913043478,23,46,0.0909090909091,1.46329835082,4,6.57142857143,2.70588235294,4.4210241512,1.1052560378,0.570888468809,3.56753034006,1.78376517003,0.776937618147,1.80906806747,0.904534033733,0.480151228733,0.731443124144,0.499859187111,1.78689655172,1.59199233716,0.782110778873,1.78689655172,0.545543345543,0.481012658228,38,0.0214568040655,0.27488860346,23,18,18,0.782608695652,0,0.478260869565,0.260869565217,0.0434782608696,-53,-0.104743083004,-0.7264468342,-4.60869565217,-0.0285714285714,-1.79411764706,-0.178769623182,0.570936558957,0.279276698936,-0.722360340984,0.787123900697,0.235874816215,-1.10539091256,0.227437503021,0.124420003437,-0.34485272084,0.00834270731939,-1.10136356513,-0.59775284786,-0.29418506611,-1.10136356513,0.193930706974,0.0220998895806,-83,-0.046866177301,-0.0168767343767,0.130434782609,-0.347826086957,0,42,4,57,403,0.424242424242,0.990171990172,0.00982800982801,0.575757575758,0.913043478261,0.424242424242,0.579310344828,0.571862769401,0.414414414414,0.407766990291,37,90,0,23,23,23,1,0,8,0,0.0386050732335,0,0,1,3.88826011686,0,16,NaN,1,ok,2.18974518502,0,23,6,6,0.260869565217,0,2,0,0.142857142857,0,0,1,4.5,0,16,NaN,1,ok,2.41666666667,0,23,18,18,0.782608695652,0,11,0,0.148767206422,0,0,1,2.78689655172,0,16,NaN,1,ok,1.59199233716,0,0,0,0
84,WLNM_dir_neg,0.663086419753,0.572004684348,00:00:01,10,10,84,505464130,fixed,validated_v2,/gpfs/scratch/acw792/wlnm_roleonly_v2_20260910/result_wlnm_dir_neg_roleonly_trophicv2_100x290_train10-90_Apocrita_20260910_011848/ecological_snapshots/Broadstone_Stream_tax_mass_K10_ratio0.1_exp84_seed505464130_threshold0.5_validated_v2.mat,role_only,2,uniform_without_replacement,uniform_remaining_nonlinks,176,0,176,407,198,198,176,22,0,22,0.111111111111,18,180,0.5,0.682926829268,0.311111111111,0.427480916031,28,13,62,167,0.311111111111,0.927777777778,0.0722222222222,0.688888888889,0.682926829268,0.311111111111,0.427480916031,0.722222222222,0.616049382716,0.27652733119,0.31379338798,0.238888888889,99,9,90,0,99,0,9,0,90,23,99,0.195652173913,2.18974518502,8.60869565217,6.6,4.5,4.59979377438,0.534319478842,0.291611769873,4.28989068105,0.996641269334,0.541062801932,2.91445898002,0.677096530713,0.355731225296,1.07629584498,0.491516479791,2.88826011686,2.18974518502,1.07629584498,2.88826011686,0.351612638569,0.458912768647,121,0.0683229813665,0.291765337837,23,23,23,1,0,0.347826086957,0.608695652174,0.0434782608696,23,0.0177865612648,1.28260869565,0.782608695652,1.5,1.5,0.951387586592,1.2156619162,0.618357487923,0.722315118515,1.84591641398,0.782608695652,0.78271848154,2.00028056393,0.80193236715,0.496031683293,0.386736566635,1.5,1.61111111111,0.600925212577,1.5,0,0,0,0,0.122222222222,23,9,9,0.391304347826,0,0.217391304348,0.0434782608696,0.217391304348,23,50,0.098814229249,1.95191622566,4.34782608696,3.125,3.33333333333,4.0407998269,0.929383960188,0.48,2.9795084084,1.37057386786,0.631304347826,3.22845549779,1.48508952898,0.646956521739,0.743552902314,0.380934843688,2.17088305489,1.95191622566,0.743552902314,2.17088305489,0.464974768821,0.296052631579,30,0.016939582157,0.387453703704,23,23,23,1,0,0.304347826087,0.347826086957,0.347826086957,-49,-0.096837944664,-0.237828959367,-4.26086956522,-3.475,-1.16666666667,-0.558993947473,0.395064481346,0.188388230127,-1.31038227265,0.37393259853,0.0902415458937,0.313996517762,0.807992998269,0.291225296443,-0.33274294267,-0.110581636103,-0.717377061965,-0.237828959367,-0.33274294267,-0.717377061965,0.113362130252,-0.162860137068,-91,-0.0513833992095,0.0956883658669,-0.0434782608696,-0.260869565217,0.304347826087,37,13,62,394,0.373737373737,0.968058968059,0.031941031941,0.626262626263,0.74,0.373737373737,0.496644295302,0.454375377083,0.341796341796,0.330357142857,41,90,0,23,23,23,1,0,8,0,0.0386050732335,0,0,1,3.88826011686,0,16,NaN,1,ok,2.18974518502,0,23,9,9,0.391304347826,0,4,0,0.111111111111,0,0,1,2.5,0,16,NaN,1,ok,1.61111111111,0,23,23,23,1,0,7,0,0.00847630690773,0,0,1,3.17088305489,0,16,NaN,1,ok,1.95191622566,0,0,0,0
85,WLNM_dir_neg,0.653240740741,0.492848190519,00:00:02,10,10,85,505464131,fixed,validated_v2,/gpfs/scratch/acw792/wlnm_roleonly_v2_20260910/result_wlnm_dir_neg_roleonly_trophicv2_100x290_train10-90_Apocrita_20260910_011848/ecological_snapshots/Broadstone_Stream_tax_mass_K10_ratio0.1_exp85_seed505464131_threshold0.5_validated_v2.mat,role_only,2,uniform_without_replacement,uniform_remaining_nonlinks,176,0,176,407,198,198,176,22,0,22,0.111111111111,18,180,0.5,0.75,0.1,0.176470588235,9,3,81,177,0.1,0.983333333333,0.0166666666667,0.9,0.75,0.1,0.176470588235,0.688888888889,0.651851851852,0.106382978723,0.190623212916,0.0833333333333,99,9,90,0,99,0,9,0,90,23,99,0.195652173913,2.18974518502,8.60869565217,6.6,4.5,4.59979377438,0.534319478842,0.291611769873,4.28989068105,0.996641269334,0.541062801932,2.91445898002,0.677096530713,0.355731225296,1.07629584498,0.491516479791,2.88826011686,2.18974518502,1.07629584498,2.88826011686,0.351612638569,0.458912768647,121,0.0683229813665,0.291765337837,23,23,23,1,0,0.347826086957,0.608695652174,0.0434782608696,23,0.0177865612648,1.23913043478,0.782608695652,1.8,1.28571428571,0.951387586592,1.2156619162,0.618357487923,0.78271848154,2.00028056393,0.80193236715,0.656376446504,1.6774064744,0.743961352657,0.473611972394,0.382213170704,1.5,1.5625,0.623211727379,1.5,0,0,0,0,0.0833333333333,23,8,8,0.347826086957,0,0.260869565217,0.0434782608696,0.173913043478,23,21,0.0415019762846,1.80344202899,1.82608695652,3,2.625,2.36743386032,1.29645187589,0.63768115942,1.64905051133,1.80610294099,0.778467908903,1.37883493238,1.51015254499,0.712215320911,1.28825346454,0.714330399225,3.33333333333,2.67992424242,1.42528849197,3.33333333333,0.141991341991,0.155172413793,3,0.0016939582157,0.247845804989,23,11,11,0.478260869565,0,0.173913043478,0.173913043478,0.130434782609,-78,-0.154150197628,-0.386303156039,-6.78260869565,-3.6,-1.875,-2.23235991405,0.762132397049,0.346069389548,-2.64084016971,0.809461671651,0.23740510697,-1.53562404764,0.833056014275,0.356484095615,0.211957619561,0.222813919434,0.445073216476,0.490179057399,0.348992646991,0.445073216476,-0.209621296578,-0.303740354854,-118,-0.0666290231508,-0.0439195328481,-0.173913043478,-0.434782608696,0.0869565217391,18,3,81,404,0.181818181818,0.992628992629,0.00737100737101,0.818181818182,0.857142857143,0.181818181818,0.3,0.346975032198,0.174447174447,0.176470588235,12,90,0,23,23,23,1,0,8,0,0.0386050732335,0,0,1,3.88826011686,0,16,NaN,1,ok,2.18974518502,0,23,8,8,0.347826086957,0,4,0,0.16,0,0,1,2.5,0,16,NaN,1,ok,1.5625,0,23,11,11,0.478260869565,0,4,0,0.0332467532468,0,0,1,4.33333333333,0,16,NaN,1,ok,2.67992424242,0,0,0,0
86,WLNM_dir_neg,0.599691358025,0.400972462698,00:00:01,10,10,86,505464132,fixed,validated_v2,/gpfs/scratch/acw792/wlnm_roleonly_v2_20260910/result_wlnm_dir_neg_roleonly_trophicv2_100x290_train10-90_Apocrita_20260910_011848/ecological_snapshots/Broadstone_Stream_tax_mass_K10_ratio0.1_exp86_seed505464132_threshold0.5_validated_v2.mat,role_only,2,uniform_without_replacement,uniform_remaining_nonlinks,176,0,176,407,198,198,176,22,0,22,0.111111111111,18,180,0.5,0.490196078431,0.277777777778,0.354609929078,25,26,65,154,0.277777777778,0.855555555556,0.144444444444,0.722222222222,0.490196078431,0.277777777778,0.354609929078,0.662962962963,0.603703703704,0.14953271028,0.160579129181,0.133333333333,99,9,90,0,99,0,9,0,90,23,99,0.195652173913,2.18974518502,8.60869565217,6.6,4.5,4.59979377438,0.534319478842,0.291611769873,4.28989068105,0.996641269334,0.541062801932,2.91445898002,0.677096530713,0.355731225296,1.07629584498,0.491516479791,2.88826011686,2.18974518502,1.07629584498,2.88826011686,0.351612638569,0.458912768647,121,0.0683229813665,0.291765337837,23,23,23,1,0,0.347826086957,0.608695652174,0.0434782608696,23,0.0177865612648,1.4347826087,0.782608695652,1.125,1.5,0.850482309106,1.08672739497,0.550724637681,0.583027399542,1.48995890994,0.685990338164,0.722315118515,1.84591641398,0.782608695652,0.662370876372,0.461652428986,2,2,0.894427191,2,0,0,0,0,0.0892857142857,23,6,6,0.260869565217,0,0.217391304348,0.0434782608696,0.304347826087,23,60,0.118577075099,NaN,5.21739130435,2.60869565217,3.75,4.2421748468,0.813083512304,0.400724637681,1.8522499938,0.710029164289,0.308695652174,3.92820952083,1.50581364965,0.640579710145,NaN,NaN,NaN,NaN,NaN,NaN,0.464241049955,0.275964391691,31,0.0175042348955,0.290026749711,23,23,0,1,6,0,0.695652173913,0.304347826087,-39,-0.0770750988142,NaN,-3.39130434783,-3.99130434783,-0.75,-0.357618927576,0.278764033462,0.109112867809,-2.43764068725,-0.286612105045,-0.232367149758,1.0137505408,0.828717118938,0.284848484848,NaN,NaN,NaN,NaN,NaN,NaN,0.112628411386,-0.182948376956,-90,-0.0508187464709,-0.00173858812622,-0.347826086957,0.0869565217391,0.260869565217,34,26,65,381,0.343434343434,0.936117936118,0.0638820638821,0.656565656566,0.566666666667,0.343434343434,0.427672955975,0.343032118413,0.279552279552,0.272,51,90,0,23,23,23,1,0,8,0,0.0386050732335,0,0,1,3.88826011686,0,16,NaN,1,ok,2.18974518502,0,23,6,6,0.260869565217,0,2,0,0.0740740740741,0,0,1,3,0,16,NaN,1,ok,2,0,23,23,0,1,6,0,23,NaN,NaN,NaN,NaN,NaN,0,0,NaN,0,no_basal_in_lcc,NaN,2,0,0,0
87,WLNM_dir_neg,0.656604938272,0.447778680497,00:00:01,10,10,87,505464133,fixed,validated_v2,/gpfs/scratch/acw792/wlnm_roleonly_v2_20260910/result_wlnm_dir_neg_roleonly_trophicv2_100x290_train10-90_Apocrita_20260910_011848/ecological_snapshots/Broadstone_Stream_tax_mass_K10_ratio0.1_exp87_seed505464133_threshold0.5_validated_v2.mat,role_only,2,uniform_without_replacement,uniform_remaining_nonlinks,176,0,176,407,198,198,176,22,0,22,0.111111111111,18,180,0.5,0.517647058824,0.488888888889,0.502857142857,44,41,46,139,0.488888888889,0.772222222222,0.227777777778,0.511111111111,0.517647058824,0.488888888889,0.502857142857,0.677777777778,0.561728395062,0.264788732394,0.265025420984,0.261111111111,99,9,90,0,99,0,9,0,90,23,99,0.195652173913,2.18974518502,8.60869565217,6.6,4.5,4.59979377438,0.534319478842,0.291611769873,4.28989068105,0.996641269334,0.541062801932,2.91445898002,0.677096530713,0.355731225296,1.07629584498,0.491516479791,2.88826011686,2.18974518502,1.07629584498,2.88826011686,0.351612638569,0.458912768647,121,0.0683229813665,0.291765337837,23,23,23,1,0,0.347826086957,0.608695652174,0.0434782608696,23,0.0177865612648,1.52173913043,0.782608695652,1.28571428571,1.5,1.04257207029,1.33217542314,0.661835748792,0.656376446504,1.6774064744,0.743961352657,0.722315118515,1.84591641398,0.782608695652,0.89795551709,0.590085054088,3,2.33333333333,1.21106014164,3,0,0,0,0,0.0873015873016,23,6,6,0.260869565217,0,0.130434782609,0.130434782609,0.173913043478,23,94,0.185770750988,18.2755257132,8.17391304348,4.27272727273,4.7,6.82676666388,0.835189538666,0.405642923219,3.0735387286,0.752036071892,0.338575393154,5.09824429207,1.24744275232,0.580018501388,4.24261562252,0.232147391495,20.6914724576,18.2755257132,4.24261562252,20.6914724576,0.641813905049,0.328710124827,79,0.0446075663467,0.375704736581,23,23,23,1,0,0.0434782608696,0.826086956522,0.130434782609,-5,-0.0098814229249,16.0857805282,-0.434782608696,-2.32727272727,0.2,2.2269728895,0.300870059824,0.114031153347,-1.21635195245,-0.244605197443,-0.202487408778,2.18378531205,0.570346221603,0.224287276091,3.16631977754,-0.259369088297,17.8032123408,16.0857805282,3.16631977754,17.8032123408,0.29020126648,-0.130202643821,-42,-0.0237154150198,0.0839393987446,-0.304347826087,0.217391304348,0.0869565217391,53,41,46,366,0.535353535354,0.899262899263,0.100737100737,0.464646464646,0.563829787234,0.535353535354,0.549222797927,0.443310902138,0.434616434616,0.378571428571,85,90,0,23,23,23,1,0,8,0,0.0386050732335,0,0,1,3.88826011686,0,16,NaN,1,ok,2.18974518502,0,23,6,6,0.260869565217,0,2,0,0.114285714286,0,0,1,4,0,16,NaN,1,ok,2.33333333333,0,23,23,23,1,0,1,0,0.00273558884672,0,0,1,21.6914724576,0,16,NaN,1,ok,18.2755257132,0,0,0,0
88,WLNM_dir_neg,0.667438271605,0.619848099068,00:00:02,10,10,88,505464134,fixed,validated_v2,/gpfs/scratch/acw792/wlnm_roleonly_v2_20260910/result_wlnm_dir_neg_roleonly_trophicv2_100x290_train10-90_Apocrita_20260910_011848/ecological_snapshots/Broadstone_Stream_tax_mass_K10_ratio0.1_exp88_seed505464134_threshold0.5_validated_v2.mat,role_only,2,uniform_without_replacement,uniform_remaining_nonlinks,176,0,176,407,198,198,176,22,0,22,0.111111111111,18,180,0.5,0.821428571429,0.255555555556,0.389830508475,23,5,67,175,0.255555555556,0.972222222222,0.0277777777778,0.744444444444,0.821428571429,0.255555555556,0.389830508475,0.733333333333,0.632098765432,0.275167785235,0.352194168031,0.227777777778,99,9,90,0,99,0,9,0,90,23,99,0.195652173913,2.18974518502,8.60869565217,6.6,4.5,4.59979377438,0.534319478842,0.291611769873,4.28989068105,0.996641269334,0.541062801932,2.91445898002,0.677096530713,0.355731225296,1.07629584498,0.491516479791,2.88826011686,2.18974518502,1.07629584498,2.88826011686,0.351612638569,0.458912768647,121,0.0683229813665,0.291765337837,23,23,23,1,0,0.347826086957,0.608695652174,0.0434782608696,23,0.0177865612648,1.4347826087,0.782608695652,1.125,1.28571428571,0.902346523799,1.15299833597,0.56038647343,0.583027399542,1.48995890994,0.685990338164,0.722315118515,1.84591641398,0.753623188406,0.679310275642,0.473458676963,2.5,2,0.866025403784,2.5,0,0,0,0,0.107142857143,23,7,7,0.304347826087,0,0.217391304348,0.0869565217391,0.260869565217,23,37,0.0731225296443,1.42383399209,3.21739130435,4.625,1.7619047619,2.93809650406,0.913192156669,0.460634547591,2.99604482359,1.86240624169,0.787309048179,1.11759199071,0.694719345579,0.352526439483,0.607964714924,0.42699129133,1.64568181818,1.44309917355,0.615044078537,1.64568181818,0.484023912595,0.28813559322,17,0.00959909655562,0.168395819866,23,22,22,0.95652173913,0,0.608695652174,0.304347826087,0.0434782608696,-62,-0.122529644269,-0.76591119293,-5.39130434783,-1.975,-2.7380952381,-1.66169727031,0.378872677827,0.169022777718,-1.29384585745,0.865764972359,0.246246246246,-1.79686698931,0.0176228148661,-0.00320478581348,-0.46833113006,-0.0645251884616,-1.24257829868,-0.746646011471,-0.461251766447,-1.24257829868,0.132411274026,-0.170777175427,-104,-0.0587238848108,-0.12336951797,0.260869565217,-0.304347826087,0,32,5,67,402,0.323232323232,0.987714987715,0.012285012285,0.676767676768,0.864864864865,0.323232323232,0.470588235294,0.473821020683,0.310947310947,0.307692307692,28,90,0,23,23,23,1,0,8,0,0.0386050732335,0,0,1,3.88826011686,0,16,NaN,1,ok,2.18974518502,0,23,7,7,0.304347826087,0,2,0,0.05,0,0,1,3.5,0,16,NaN,1,ok,2,0,23,22,22,0.95652173913,0,14,0,0.063211034348,0,0,1,2.64568181818,0,16,NaN,1,ok,1.44309917355,0,0,0,0
89,WLNM_dir_neg,0.481759259259,0.487953485428,00:00:01,10,10,89,505464135,fixed,validated_v2,/gpfs/scratch/acw792/wlnm_roleonly_v2_20260910/result_wlnm_dir_neg_roleonly_trophicv2_100x290_train10-90_Apocrita_20260910_011848/ecological_snapshots/Broadstone_Stream_tax_mass_K10_ratio0.1_exp89_seed505464135_threshold0.5_validated_v2.mat,role_only,2,uniform_without_replacement,uniform_remaining_nonlinks,176,0,176,407,198,198,176,22,0,22,0.111111111111,18,180,0.5,0.888888888889,0.0888888888889,0.161616161616,8,1,82,179,0.0888888888889,0.994444444444,0.00555555555556,0.911111111111,0.888888888889,0.0888888888889,0.161616161616,0.692592592593,0.655555555556,0.10752688172,0.218844054766,0.0833333333333,99,9,90,0,99,0,9,0,90,23,99,0.195652173913,2.18974518502,8.60869565217,6.6,4.5,4.59979377438,0.534319478842,0.291611769873,4.28989068105,0.996641269334,0.541062801932,2.91445898002,0.677096530713,0.355731225296,1.07629584498,0.491516479791,2.88826011686,2.18974518502,1.07629584498,2.88826011686,0.351612638569,0.458912768647,121,0.0683229813665,0.291765337837,23,23,23,1,0,0.347826086957,0.608695652174,0.0434782608696,23,0.0177865612648,1.45652173913,0.782608695652,1.125,1.125,0.795242772488,1.01614354262,0.502415458937,0.583027399542,1.48995890994,0.685990338164,0.583027399542,1.48995890994,0.685990338164,0.72163078381,0.495448000825,2.5,2.375,1.1086778913,2.5,0.777777777778,0.6,1,0.000564652738566,0.0178571428571,23,4,4,0.173913043478,0,0.260869565217,0.0869565217391,0.260869565217,23,18,0.0355731225296,1.43249427918,1.5652173913,2.25,1.125,2.23252989304,1.42633854278,0.528985507246,2.08798558292,2.66798157817,0.816425120773,0.599736437501,0.766329892362,0.371980676329,0.664788100654,0.464077316271,2.31578947368,1.56766917293,0.760235524708,2.31578947368,0.387301587302,0.11320754717,2,0.00112930547713,0.00681818181818,23,14,14,0.608695652174,0,0.434782608696,0.260869565217,0.0869565217391,-81,-0.160079051383,-0.757250905849,-7.04347826087,-4.35,-3.375,-2.36726388134,0.892019063934,0.237373737374,-2.20190509813,1.67134030884,0.275362318841,-2.31472254252,0.0892333616497,0.0162494510321,-0.41150774433,-0.0274391635202,-0.572470643174,-0.622076012093,-0.316060320276,-0.572470643174,0.0356889487324,-0.345705221477,-119,-0.0671936758893,-0.284947156019,0.0869565217391,-0.347826086957,0.0434782608696,17,1,82,406,0.171717171717,0.997542997543,0.002457002457,0.828282828283,0.944444444444,0.171717171717,0.290598290598,0.362512852978,0.16926016926,0.17,9,90,0,23,23,23,1,0,8,0,0.0386050732335,0,0,1,3.88826011686,0,16,NaN,1,ok,2.18974518502,0,23,4,4,0.173913043478,0,1,0,0.1,0,0,1,3.5,0,16,NaN,1,ok,2.375,0,23,14,14,0.608695652174,0,8,0,0.164502164502,0,0,1,3.31578947368,0,16,NaN,1,ok,1.56766917293,0,0,0,0
90,WLNM_dir_neg,0.682561728395,0.489311886452,00:00:01,10,10,90,505464136,fixed,validated_v2,/gpfs/scratch/acw792/wlnm_roleonly_v2_20260910/result_wlnm_dir_neg_roleonly_trophicv2_100x290_train10-90_Apocrita_20260910_011848/ecological_snapshots/Broadstone_Stream_tax_mass_K10_ratio0.1_exp90_seed505464136_threshold0.5_validated_v2.mat,role_only,2,uniform_without_replacement,uniform_remaining_nonlinks,176,0,176,407,198,198,176,22,0,22,0.111111111111,18,180,0.5,0.5625,0.3,0.391304347826,27,21,63,159,0.3,0.883333333333,0.116666666667,0.7,0.5625,0.3,0.391304347826,0.688888888889,0.607407407407,0.207547169811,0.226048607545,0.183333333333,99,9,90,0,99,0,9,0,90,23,99,0.195652173913,2.18974518502,8.60869565217,6.6,4.5,4.59979377438,0.534319478842,0.291611769873,4.28989068105,0.996641269334,0.541062801932,2.91445898002,0.677096530713,0.355731225296,1.07629584498,0.491516479791,2.88826011686,2.18974518502,1.07629584498,2.88826011686,0.351612638569,0.458912768647,121,0.0683229813665,0.291765337837,23,23,23,1,0,0.347826086957,0.608695652174,0.0434782608696,23,0.0177865612648,1.39130434783,0.782608695652,1.28571428571,1.28571428571,0.902346523799,1.15299833597,0.589371980676,0.656376446504,1.6774064744,0.743961352657,0.656376446504,1.6774064744,0.743961352657,0.638829215674,0.459158498766,2,1.9,0.894427191,2,0,0,0,0,0.047619047619,23,5,5,0.217391304348,0,0.217391304348,0.0869565217391,0.217391304348,23,57,0.112648221344,2.28344750454,4.95652173913,3.35294117647,3,3.79567051053,0.765793173177,0.3882532418,2.88994440364,1.16611791726,0.541571319603,3.07289566159,1.23994035468,0.536994660564,0.858651094562,0.376032771874,2.5,2.28344750454,0.858651094562,2.5,0.279317507889,0.214899713467,25,0.0141163184641,0.356597263031,23,23,23,1,0,0.260869565217,0.565217391304,0.173913043478,-42,-0.0830039525692,0.0937023195187,-3.65217391304,-3.24705882353,-1.5,-0.804123263847,0.231473694335,0.0966414719275,-1.39994627741,0.169476647924,0.000508517670989,0.158436681568,0.562843823965,0.181263435268,-0.217644750421,-0.115483707917,-0.388260116858,0.0937023195187,-0.217644750421,-0.388260116858,-0.0722951306802,-0.24401305518,-96,-0.0542066629023,0.0648319251943,-0.0869565217391,-0.0434782608696,0.130434782609,36,21,63,386,0.363636363636,0.948402948403,0.0515970515971,0.636363636364,0.631578947368,0.363636363636,0.461538461538,0.391528621484,0.312039312039,0.3,48,90,0,23,23,23,1,0,8,0,0.0386050732335,0,0,1,3.88826011686,0,16,NaN,1,ok,2.18974518502,0,23,5,5,0.217391304348,0,2,0,0.114285714286,0,0,1,3,0,16,NaN,1,ok,1.9,0,23,23,23,1,0,6,0,0.0172957059773,0,0,1,3.5,0,16,NaN,1,ok,2.28344750454,0,0,0,0
91,WLNM_dir_neg,0.651728395062,0.579116764161,00:00:02,10,10,91,505464137,fixed,validated_v2,/gpfs/scratch/acw792/wlnm_roleonly_v2_20260910/result_wlnm_dir_neg_roleonly_trophicv2_100x290_train10-90_Apocrita_20260910_011848/ecological_snapshots/Broadstone_Stream_tax_mass_K10_ratio0.1_exp91_seed505464137_threshold0.5_validated_v2.mat,role_only,2,uniform_without_replacement,uniform_remaining_nonlinks,176,0,176,407,198,198,176,22,0,22,0.111111111111,18,180,0.5,0.941176470588,0.177777777778,0.299065420561,16,1,74,179,0.177777777778,0.994444444444,0.00555555555556,0.822222222222,0.941176470588,0.177777777778,0.299065420561,0.722222222222,0.645679012346,0.216027874564,0.334242733756,0.172222222222,99,9,90,0,99,0,9,0,90,23,99,0.195652173913,2.18974518502,8.60869565217,6.6,4.5,4.59979377438,0.534319478842,0.291611769873,4.28989068105,0.996641269334,0.541062801932,2.91445898002,0.677096530713,0.355731225296,1.07629584498,0.491516479791,2.88826011686,2.18974518502,1.07629584498,2.88826011686,0.351612638569,0.458912768647,121,0.0683229813665,0.291765337837,23,23,23,1,0,0.347826086957,0.608695652174,0.0434782608696,23,0.0177865612648,1.39130434783,0.782608695652,1.28571428571,1.125,0.951387586592,1.2156619162,0.565217391304,0.722315118515,1.84591641398,0.753623188406,0.583027399542,1.48995890994,0.685990338164,0.656376446504,0.471770570925,2,1.66666666667,0.816496580928,2,0,0,0,0,0.015873015873,23,6,6,0.260869565217,0,0.260869565217,0.0869565217391,0.217391304348,23,26,0.0513833992095,1.42048838594,2.26086956522,3.71428571429,2,2.52653897842,1.11750762507,0.563545150502,2.15963691869,1.91044804345,0.795986622074,1.25424181466,1.10952160528,0.581939799331,0.69801690644,0.491392195351,2.31506849315,1.64474885845,0.781488140036,2.31506849315,0.288095238095,0.26582278481,7,0.00395256916996,0.161945990517,23,15,15,0.652173913043,0,0.347826086957,0.217391304348,0.0869565217391,-73,-0.144268774704,-0.769256799081,-6.34782608696,-2.88571428571,-2.5,-2.07325479596,0.58318814623,0.271933380629,-2.13025376236,0.913806774119,0.254923820141,-1.66021716536,0.432425074564,0.226208574035,-0.378278938544,-0.000124284440355,-0.573191623707,-0.544996326577,-0.294807704947,-0.573191623707,-0.0635174004739,-0.193089983837,-114,-0.0643704121965,-0.129819347319,0,-0.391304347826,0.0434782608696,25,1,74,406,0.252525252525,0.997542997543,0.002457002457,0.747474747475,0.961538461538,0.252525252525,0.4,0.449330670996,0.250068250068,0.25,17,90,0,23,23,23,1,0,8,0,0.0386050732335,0,0,1,3.88826011686,0,16,NaN,1,ok,2.18974518502,0,23,6,6,0.260869565217,0,3,0,0.160714285714,0,0,1,3,0,16,NaN,1,ok,1.66666666667,0,23,15,15,0.652173913043,0,8,0,0.0929488993266,0,0,1,3.31506849315,0,16,NaN,1,ok,1.64474885845,0,0,0,0
92,WLNM_dir_neg,0.749320987654,0.655614150343,00:00:02,10,10,92,505464138,fixed,validated_v2,/gpfs/scratch/acw792/wlnm_roleonly_v2_20260910/result_wlnm_dir_neg_roleonly_trophicv2_100x290_train10-90_Apocrita_20260910_011848/ecological_snapshots/Broadstone_Stream_tax_mass_K10_ratio0.1_exp92_seed505464138_threshold0.5_validated_v2.mat,role_only,2,uniform_without_replacement,uniform_remaining_nonlinks,176,0,176,407,198,198,176,22,0,22,0.111111111111,18,180,0.5,0.628571428571,0.244444444444,0.352,22,13,68,167,0.244444444444,0.927777777778,0.0722222222222,0.755555555556,0.628571428571,0.244444444444,0.352,0.7,0.623456790123,0.203278688525,0.241701164431,0.172222222222,99,9,90,0,99,0,9,0,90,23,99,0.195652173913,2.18974518502,8.60869565217,6.6,4.5,4.59979377438,0.534319478842,0.291611769873,4.28989068105,0.996641269334,0.541062801932,2.91445898002,0.677096530713,0.355731225296,1.07629584498,0.491516479791,2.88826011686,2.18974518502,1.07629584498,2.88826011686,0.351612638569,0.458912768647,121,0.0683229813665,0.291765337837,23,23,23,1,0,0.347826086957,0.608695652174,0.0434782608696,23,0.0177865612648,2.08695652174,0.782608695652,1.28571428571,1.28571428571,0.998021758696,1.275250025,0.63768115942,0.656376446504,1.6774064744,0.743961352657,0.656376446504,1.6774064744,0.743961352657,2.15138525095,1.03087209942,7,5.4,2.70185121722,7,0.333333333333,0.333333333333,1,0.000564652738566,0.047619047619,23,5,5,0.217391304348,0,0.173913043478,0.130434782609,0.173913043478,23,44,0.0869565217391,2.87944664032,3.82608695652,2.31578947368,2.44444444444,3.41989066695,0.893835060681,0.430830039526,2.44787558133,1.2795713266,0.51581027668,2.92190852135,1.52736127252,0.583003952569,1.25255532919,0.434998624962,4.625,2.96487603306,1.21150844778,4.625,0.504316054316,0.220408163265,18,0.0101637492942,0.307098889529,23,22,22,0.95652173913,0,0.130434782609,0.652173913043,0.173913043478,-55,-0.108695652174,0.689701455291,-4.78260869565,-4.28421052632,-2.05555555556,-1.17990310742,0.359515581839,0.139218269653,-1.84201509972,0.282930057269,-0.0252525252525,0.00744954132161,0.850264741809,0.227272727273,0.176259484205,-0.0565178548297,1.73673988314,0.775130848033,0.135212602797,1.73673988314,0.152703415747,-0.238504605382,-103,-0.0581592320723,0.0153335516925,-0.217391304348,0.0434782608696,0.130434782609,31,13,68,394,0.313131313131,0.968058968059,0.031941031941,0.686868686869,0.704545454545,0.313131313131,0.433566433566,0.395883847057,0.28119028119,0.276785714286,35,90,0,23,23,23,1,0,8,0,0.0386050732335,0,0,1,3.88826011686,0,16,NaN,1,ok,2.18974518502,0,23,5,5,0.217391304348,0,1,0,0.05,0,0,1,8,0,16,NaN,1,ok,5.4,0,23,22,22,0.95652173913,0,3,0,0.00500041325729,0,0,1,5.625,0,16,NaN,1,ok,2.96487603306,0,0,0,0
93,WLNM_dir_neg,0.664413580247,0.504640180523,00:00:01,10,10,93,505464139,fixed,validated_v2,/gpfs/scratch/acw792/wlnm_roleonly_v2_20260910/result_wlnm_dir_neg_roleonly_trophicv2_100x290_train10-90_Apocrita_20260910_011848/ecological_snapshots/Broadstone_Stream_tax_mass_K10_ratio0.1_exp93_seed505464139_threshold0.5_validated_v2.mat,role_only,2,uniform_without_replacement,uniform_remaining_nonlinks,176,0,176,407,198,198,176,22,0,22,0.111111111111,18,180,0.5,0.666666666667,0.0444444444444,0.0833333333333,4,2,86,178,0.0444444444444,0.988888888889,0.0111111111111,0.955555555556,0.666666666667,0.0444444444444,0.0833333333333,0.674074074074,0.659259259259,0.0434782608696,0.106600358178,0.0333333333333,99,9,90,0,99,0,9,0,90,23,99,0.195652173913,2.18974518502,8.60869565217,6.6,4.5,4.59979377438,0.534319478842,0.291611769873,4.28989068105,0.996641269334,0.541062801932,2.91445898002,0.677096530713,0.355731225296,1.07629584498,0.491516479791,2.88826011686,2.18974518502,1.07629584498,2.88826011686,0.351612638569,0.458912768647,121,0.0683229813665,0.291765337837,23,23,23,1,0,0.347826086957,0.608695652174,0.0434782608696,23,0.0177865612648,1.34782608696,0.782608695652,1.28571428571,1.125,0.795242772488,1.01614354262,0.502415458937,0.656376446504,1.6774064744,0.743961352657,0.583027399542,1.48995890994,0.685990338164,0.572768051751,0.424956941622,2,1.66666666667,0.816496580928,2,0,0,0,0,0.015873015873,23,6,6,0.260869565217,0,0.304347826087,0.0434782608696,0.260869565217,23,15,0.0296442687747,1.52536231884,1.30434782609,1.66666666667,1.875,1.49041734877,1.14265330072,0.585507246377,0.982052380207,1.50581364965,0.707246376812,1.19120625083,1.82651625127,0.765217391304,0.723624951082,0.474395454866,2.25,2.13541666667,0.806640962794,2.25,0.495238095238,0.413793103448,4,0.00225861095426,0.136574074074,23,8,8,0.347826086957,0,0.217391304348,0.130434782609,0.260869565217,-84,-0.166007905138,-0.664382866184,-7.30434782609,-4.93333333333,-2.625,-3.10937642561,0.608333821883,0.293895476504,-3.30783830084,0.509172380317,0.166183574879,-1.72325272919,1.14941972056,0.409486166008,-0.352670893901,-0.017121024925,-0.638260116858,-0.0543285183582,-0.269654882189,-0.638260116858,0.143625456669,-0.045119665199,-117,-0.0660643704122,-0.155191263763,-0.130434782609,-0.478260869565,0.217391304348,13,2,86,405,0.131313131313,0.995085995086,0.004914004914,0.868686868687,0.866666666667,0.131313131313,0.228070175439,0.295646334366,0.126399126399,0.128712871287,6,90,0,23,23,23,1,0,8,0,0.0386050732335,0,0,1,3.88826011686,0,16,NaN,1,ok,2.18974518502,0,23,6,6,0.260869565217,0,3,0,0.2,0,0,1,3,0,16,NaN,1,ok,1.66666666667,0,23,8,8,0.347826086957,0,2,0,0.0391304347826,0,0,1,3.25,0,16,NaN,1,ok,2.13541666667,0,0,0,0
94,WLNM_dir_neg,0.727407407407,0.62415774108,00:00:02,10,10,94,505464140,fixed,validated_v2,/gpfs/scratch/acw792/wlnm_roleonly_v2_20260910/result_wlnm_dir_neg_roleonly_trophicv2_100x290_train10-90_Apocrita_20260910_011848/ecological_snapshots/Broadstone_Stream_tax_mass_K10_ratio0.1_exp94_seed505464140_threshold0.5_validated_v2.mat,role_only,2,uniform_without_replacement,uniform_remaining_nonlinks,176,0,176,407,198,198,176,22,0,22,0.111111111111,18,180,0.5,0.85,0.377777777778,0.523076923077,34,6,56,174,0.377777777778,0.966666666667,0.0333333333333,0.622222222222,0.85,0.377777777778,0.523076923077,0.77037037037,0.617283950617,0.4,0.45707006408,0.344444444444,99,9,90,0,99,0,9,0,90,23,99,0.195652173913,2.18974518502,8.60869565217,6.6,4.5,4.59979377438,0.534319478842,0.291611769873,4.28989068105,0.996641269334,0.541062801932,2.91445898002,0.677096530713,0.355731225296,1.07629584498,0.491516479791,2.88826011686,2.18974518502,1.07629584498,2.88826011686,0.351612638569,0.458912768647,121,0.0683229813665,0.291765337837,23,23,23,1,0,0.347826086957,0.608695652174,0.0434782608696,23,0.0177865612648,1,0.782608695652,1.28571428571,1.5,1.08529517305,1.38676605445,0.676328502415,0.656376446504,1.6774064744,0.743961352657,0.722315118515,1.84591641398,0.782608695652,0,0,0,NaN,NaN,NaN,0,0,0,0,0.119047619048,23,9,0,0.391304347826,7,0.0869565217391,0.173913043478,0.130434782609,23,49,0.096837944664,1.99565024924,4.26086956522,6.125,2.22727272727,3.8520052783,0.904042055111,0.440106477374,3.98068458966,1.86848460331,0.789707187223,1.01373960374,0.475836956857,0.253771073647,1.56445197555,0.783930939874,4.82248782647,1.99565024924,1.56445197555,4.82248782647,0.522164969533,0.216494845361,21,0.0118577075099,0.109966967556,23,23,23,1,0,0.652173913043,0.304347826087,0.0434782608696,-50,-0.098814229249,-0.19409493578,-4.34782608696,-0.475,-2.27272727273,-0.74778849608,0.369722576269,0.148494707501,-0.309206091385,0.871843333976,0.24864438529,-1.90071937629,-0.201259573855,-0.10196015165,0.488156130567,0.292414460083,1.93422770961,-0.19409493578,0.488156130567,1.93422770961,0.170552330964,-0.242417923286,-100,-0.0564652738566,-0.181798370281,0.304347826087,-0.304347826087,0,43,6,56,401,0.434343434343,0.985257985258,0.014742014742,0.565656565657,0.877551020408,0.434343434343,0.581081081081,0.562853810635,0.419601419601,0.409523809524,40,90,0,23,23,23,1,0,8,0,0.0386050732335,0,0,1,3.88826011686,0,16,NaN,1,ok,2.18974518502,0,23,9,0,0.391304347826,7,2,3,NaN,NaN,NaN,NaN,NaN,0,0,NaN,0,basal_unreachable_in_lcc,NaN,2,23,23,23,1,0,15,0,0.0665731420127,0,0,1,5.82248782647,0,16,NaN,1,ok,1.99565024924,0,0,0,0
95,WLNM_dir_neg,0.57262345679,0.514249092621,00:00:01,10,10,95,505464141,fixed,validated_v2,/gpfs/scratch/acw792/wlnm_roleonly_v2_20260910/result_wlnm_dir_neg_roleonly_trophicv2_100x290_train10-90_Apocrita_20260910_011848/ecological_snapshots/Broadstone_Stream_tax_mass_K10_ratio0.1_exp95_seed505464141_threshold0.5_validated_v2.mat,role_only,2,uniform_without_replacement,uniform_remaining_nonlinks,176,0,176,407,198,198,176,22,0,22,0.111111111111,18,180,0.5,0.782608695652,0.2,0.318584070796,18,5,72,175,0.2,0.972222222222,0.0277777777778,0.8,0.782608695652,0.2,0.318584070796,0.714814814815,0.638271604938,0.211604095563,0.290826717387,0.172222222222,99,9,90,0,99,0,9,0,90,23,99,0.195652173913,2.18974518502,8.60869565217,6.6,4.5,4.59979377438,0.534319478842,0.291611769873,4.28989068105,0.996641269334,0.541062801932,2.91445898002,0.677096530713,0.355731225296,1.07629584498,0.491516479791,2.88826011686,2.18974518502,1.07629584498,2.88826011686,0.351612638569,0.458912768647,121,0.0683229813665,0.291765337837,23,23,23,1,0,0.347826086957,0.608695652174,0.0434782608696,23,0.0177865612648,1.36956521739,0.782608695652,1.5,1.28571428571,1.12639899838,1.43928760904,0.685990338164,0.78271848154,2.00028056393,0.80193236715,0.656376446504,1.6774064744,0.743961352657,0.674118432442,0.492213458608,2,1.9375,0.854202960901,2,0.3,0.25,1,0.000564652738566,0.0444444444444,23,8,8,0.347826086957,0,0.173913043478,0.130434782609,0.130434782609,23,32,0.0632411067194,2.01113834774,2.78260869565,4.57142857143,2,3.37041300058,1.21124217208,0.595108695652,2.6923989039,1.93516171218,0.801630434783,1.33957694932,0.962820932327,0.510869565217,1.79825856474,0.894149607737,5.59643916914,2.36801070577,1.98183400755,5.59643916914,0.346280991736,0.25,11,0.00621118012422,0.169954648526,23,17,17,0.739130434783,0,0.434782608696,0.260869565217,0.0434782608696,-67,-0.132411067194,-0.178606837285,-5.82608695652,-2.02857142857,-2.5,-1.2293807738,0.676922693241,0.30349692578,-1.59749177715,0.938520442842,0.26056763285,-1.5748820307,0.285724401614,0.155138339921,0.721962719753,0.402633127946,2.70817905228,0.178265520741,0.90553816257,2.70817905228,-0.00533164683362,-0.208912768647,-110,-0.0621118012422,-0.121810689311,0.0869565217391,-0.347826086957,0,27,5,72,402,0.272727272727,0.987714987715,0.012285012285,0.727272727273,0.84375,0.272727272727,0.412213740458,0.424484755393,0.260442260442,0.259615384615,23,90,0,23,23,23,1,0,8,0,0.0386050732335,0,0,1,3.88826011686,0,16,NaN,1,ok,2.18974518502,0,23,8,8,0.347826086957,0,3,0,0.107142857143,0,0,1,3,0,16,NaN,1,ok,1.9375,0,23,17,17,0.739130434783,0,10,0,0.0531629328331,0,0,1,6.59643916914,0,16,NaN,1,ok,2.36801070577,0,0,0,0
96,WLNM_dir_neg,0.537808641975,0.461313177326,00:00:02,10,10,96,505464142,fixed,validated_v2,/gpfs/scratch/acw792/wlnm_roleonly_v2_20260910/result_wlnm_dir_neg_roleonly_trophicv2_100x290_train10-90_Apocrita_20260910_011848/ecological_snapshots/Broadstone_Stream_tax_mass_K10_ratio0.1_exp96_seed505464142_threshold0.5_validated_v2.mat,role_only,2,uniform_without_replacement,uniform_remaining_nonlinks,176,0,176,407,198,198,176,22,0,22,0.111111111111,18,180,0.5,0.5,0.166666666667,0.25,15,15,75,165,0.166666666667,0.916666666667,0.0833333333333,0.833333333333,0.5,0.166666666667,0.25,0.666666666667,0.62962962963,0.1,0.125,0.0833333333333,99,9,90,0,99,0,9,0,90,23,99,0.195652173913,2.18974518502,8.60869565217,6.6,4.5,4.59979377438,0.534319478842,0.291611769873,4.28989068105,0.996641269334,0.541062801932,2.91445898002,0.677096530713,0.355731225296,1.07629584498,0.491516479791,2.88826011686,2.18974518502,1.07629584498,2.88826011686,0.351612638569,0.458912768647,121,0.0683229813665,0.291765337837,23,23,23,1,0,0.347826086957,0.608695652174,0.0434782608696,23,0.0177865612648,1.47826086957,0.782608695652,1.28571428571,1.28571428571,0.951387586592,1.2156619162,0.6038647343,0.656376446504,1.6774064744,0.743961352657,0.656376446504,1.6774064744,0.743961352657,0.845822096994,0.572173771496,3,2.125,1.12599162646,3,0,0,0,0,0.047619047619,23,8,8,0.347826086957,0,0.217391304348,0.0869565217391,0.217391304348,23,39,0.0770750988142,2.42512077295,3.39130434783,2.16666666667,2.78571428571,2.98083469754,0.87896407748,0.414715719064,1.66336959783,0.980961557692,0.434782608696,2.97619009976,1.75518903319,0.695652173913,0.908033836216,0.374428295014,2.66666666667,2.4898989899,0.873315353766,2.66666666667,0.401955646692,0.196721311475,12,0.00677583286279,0.295225127088,23,22,22,0.95652173913,0,0.173913043478,0.434782608696,0.347826086957,-60,-0.118577075099,0.235375587922,-5.21739130435,-4.43333333333,-1.71428571429,-1.61895907683,0.344644598639,0.123103949191,-2.62652108322,-0.0156797116419,-0.106280193237,0.0617311197309,1.07809250248,0.339920948617,-0.168262008767,-0.117088184778,-0.221593450191,0.300153804874,-0.202980491217,-0.221593450191,0.0503430081233,-0.262191457172,-109,-0.0615471485037,0.00345978925111,-0.173913043478,-0.173913043478,0.304347826087,24,15,75,392,0.242424242424,0.963144963145,0.036855036855,0.757575757576,0.615384615385,0.242424242424,0.347826086957,0.305761017999,0.205569205569,0.210526315789,30,90,0,23,23,23,1,0,8,0,0.0386050732335,0,0,1,3.88826011686,0,16,NaN,1,ok,2.18974518502,0,23,8,8,0.347826086957,0,3,0,0.106666666667,0,0,1,4,0,16,NaN,1,ok,2.125,0,23,22,22,0.95652173913,0,4,0,0.00704134959201,0,0,1,3.66666666667,0,16,NaN,1,ok,2.4898989899,0,0,0,0
97,WLNM_dir_neg,0.670092592593,0.480535463093,00:00:02,10,10,97,505464143,fixed,validated_v2,/gpfs/scratch/acw792/wlnm_roleonly_v2_20260910/result_wlnm_dir_neg_roleonly_trophicv2_100x290_train10-90_Apocrita_20260910_011848/ecological_snapshots/Broadstone_Stream_tax_mass_K10_ratio0.1_exp97_seed505464143_threshold0.5_validated_v2.mat,role_only,2,uniform_without_replacement,uniform_remaining_nonlinks,176,0,176,407,198,198,176,22,0,22,0.111111111111,18,180,0.5,0.52,0.433333333333,0.472727272727,39,36,51,144,0.433333333333,0.8,0.2,0.566666666667,0.52,0.433333333333,0.472727272727,0.677777777778,0.574074074074,0.24347826087,0.245576245406,0.233333333333,99,9,90,0,99,0,9,0,90,23,99,0.195652173913,2.18974518502,8.60869565217,6.6,4.5,4.59979377438,0.534319478842,0.291611769873,4.28989068105,0.996641269334,0.541062801932,2.91445898002,0.677096530713,0.355731225296,1.07629584498,0.491516479791,2.88826011686,2.18974518502,1.07629584498,2.88826011686,0.351612638569,0.458912768647,121,0.0683229813665,0.291765337837,23,23,23,1,0,0.347826086957,0.608695652174,0.0434782608696,23,0.0177865612648,1.34782608696,0.782608695652,1.28571428571,1.125,0.795242772488,1.01614354262,0.502415458937,0.656376446504,1.6774064744,0.743961352657,0.583027399542,1.48995890994,0.685990338164,0.572768051751,0.424956941622,2,1.75,0.957427107756,2,0,0,0,0,0.047619047619,23,4,4,0.173913043478,0,0.304347826087,0.0434782608696,0.260869565217,23,84,0.166007905138,1,7.30434782609,3.81818181818,3.81818181818,5.27804012015,0.722588825973,0.341097308489,3.40599332263,0.932593409769,0.453416149068,3.6006147916,0.985882621509,0.446169772257,0,0,0,28.644240723,6.12294428264,30.3999542125,0.54632401669,0.360197368421,73,0.0412196499153,0.285287621925,23,23,23,1,0,0.0434782608696,0.913043478261,0.0434782608696,-15,-0.0296442687747,-1.18974518502,-1.30434782609,-2.78181818182,-0.681818181818,0.67824634577,0.188269347131,0.049485538616,-0.883897358412,-0.0640478595651,-0.087646652864,0.686155811573,0.308786090796,0.0904385469603,-1.07629584498,-0.491516479791,-2.88826011686,26.454495538,5.04664843766,27.5116940956,0.194711378121,-0.0987154002262,-48,-0.0271033314512,-0.0064777159121,-0.304347826087,0.304347826087,0,48,36,51,371,0.484848484848,0.911547911548,0.0884520884521,0.515151515152,0.571428571429,0.484848484848,0.524590163934,0.422618623444,0.396396396396,0.355555555556,75,90,0,23,23,23,1,0,8,0,0.0386050732335,0,0,1,3.88826011686,0,16,NaN,1,ok,2.18974518502,0,23,4,4,0.173913043478,0,2,0,0.25,0,0,1,3,0,16,NaN,1,ok,1.75,0,23,23,23,1,0,1,0,0.000501359495729,0,0,1,31.3999542125,1,16,NaN,1,ok,NaN,3,0,0,0
98,WLNM_dir_neg,0.598117283951,0.463285363022,00:00:01,10,10,98,505464144,fixed,validated_v2,/gpfs/scratch/acw792/wlnm_roleonly_v2_20260910/result_wlnm_dir_neg_roleonly_trophicv2_100x290_train10-90_Apocrita_20260910_011848/ecological_snapshots/Broadstone_Stream_tax_mass_K10_ratio0.1_exp98_seed505464144_threshold0.5_validated_v2.mat,role_only,2,uniform_without_replacement,uniform_remaining_nonlinks,176,0,176,407,198,198,176,22,0,22,0.111111111111,18,180,0.5,0.6,0.366666666667,0.455172413793,33,22,57,158,0.366666666667,0.877777777778,0.122222222222,0.633333333333,0.6,0.366666666667,0.455172413793,0.707407407407,0.598765432099,0.270769230769,0.286112679055,0.244444444444,99,9,90,0,99,0,9,0,90,23,99,0.195652173913,2.18974518502,8.60869565217,6.6,4.5,4.59979377438,0.534319478842,0.291611769873,4.28989068105,0.996641269334,0.541062801932,2.91445898002,0.677096530713,0.355731225296,1.07629584498,0.491516479791,2.88826011686,2.18974518502,1.07629584498,2.88826011686,0.351612638569,0.458912768647,121,0.0683229813665,0.291765337837,23,23,23,1,0,0.347826086957,0.608695652174,0.0434782608696,23,0.0177865612648,1.36956521739,0.782608695652,1.28571428571,1.5,0.998021758696,1.275250025,0.63768115942,0.656376446504,1.6774064744,0.743961352657,0.78271848154,2.00028056393,0.80193236715,0.607105489268,0.443283373116,2,1.78571428571,0.809173593713,2,0,0,0,0,0.15873015873,23,7,7,0.304347826087,0,0.173913043478,0.0869565217391,0.217391304348,23,64,0.126482213439,13.5954228449,5.5652173913,3.55555555556,3.2,4.24077701882,0.762014620569,0.39402173913,3.27464809683,1.1768266598,0.546195652174,3.1036125833,1.11536077212,0.471467391304,7.02115781757,0.516435413422,19,14.7949869254,6.07049861729,19,0.453064158064,0.277136258661,40,0.0225861095426,0.323401158306,23,21,21,0.913043478261,0,0.130434782609,0.739130434783,0.0434782608696,-35,-0.0691699604743,11.4056776599,-3.04347826087,-3.04444444444,-1.3,-0.359016755561,0.227695141727,0.102409969258,-1.01524258421,0.180185390466,0.00513285024155,0.189153603272,0.438264241409,0.115736166008,5.94486197258,0.0249189336304,16.1117398831,12.6052417404,4.99420277231,16.1117398831,0.101451519495,-0.181776509987,-81,-0.0457368718238,0.0316358204692,-0.217391304348,0.130434782609,0,42,22,57,385,0.424242424242,0.945945945946,0.0540540540541,0.575757575758,0.65625,0.424242424242,0.515337423313,0.441810925313,0.370188370188,0.347107438017,55,90,0,23,23,23,1,0,8,0,0.0386050732335,0,0,1,3.88826011686,0,16,NaN,1,ok,2.18974518502,0,23,7,7,0.304347826087,0,3,0,0.166666666667,0,0,1,3,0,16,NaN,1,ok,1.78571428571,0,23,21,21,0.913043478261,0,3,0,0.00173984376417,0,0,1,20,0,16,NaN,1,ok,14.7949869254,0,0,0,0
99,WLNM_dir_neg,0.386543209877,0.385366793979,00:00:01,10,10,99,505464145,fixed,validated_v2,/gpfs/scratch/acw792/wlnm_roleonly_v2_20260910/result_wlnm_dir_neg_roleonly_trophicv2_100x290_train10-90_Apocrita_20260910_011848/ecological_snapshots/Broadstone_Stream_tax_mass_K10_ratio0.1_exp99_seed505464145_threshold0.5_validated_v2.mat,role_only,2,uniform_without_replacement,uniform_remaining_nonlinks,176,0,176,407,198,198,176,22,0,22,0.111111111111,18,180,0.5,0.342857142857,0.266666666667,0.3,24,46,66,134,0.266666666667,0.744444444444,0.255555555556,0.733333333333,0.342857142857,0.266666666667,0.3,0.585185185185,0.58024691358,0.0117647058824,0.0119522860933,0.0111111111111,99,9,90,0,99,0,9,0,90,23,99,0.195652173913,2.18974518502,8.60869565217,6.6,4.5,4.59979377438,0.534319478842,0.291611769873,4.28989068105,0.996641269334,0.541062801932,2.91445898002,0.677096530713,0.355731225296,1.07629584498,0.491516479791,2.88826011686,2.18974518502,1.07629584498,2.88826011686,0.351612638569,0.458912768647,121,0.0683229813665,0.291765337837,23,23,23,1,0,0.347826086957,0.608695652174,0.0434782608696,23,0.0177865612648,1.78260869565,0.782608695652,1,1.28571428571,0.902346523799,1.15299833597,0.589371980676,0.499010879348,1.275250025,0.608695652174,0.656376446504,1.6774064744,0.743961352657,1.20440561497,0.675642174252,4,3,1.41421356237,4,0,0,0,0,0.0555555555556,23,7,7,0.304347826087,0,0.130434782609,0.173913043478,0.217391304348,23,79,0.156126482213,NaN,6.86956521739,3.4347826087,3.95,5.38773310254,0.784290261762,0.396257567419,2.29279676292,0.667523108191,0.343423225096,4.40893810093,1.28361489015,0.592184920198,NaN,NaN,NaN,NaN,NaN,NaN,0.468062315633,0.314432989691,61,0.0344438170525,0.265946536994,23,23,0,1,6,0,0.869565217391,0.130434782609,-20,-0.0395256916996,NaN,-1.73913043478,-3.1652173913,-0.55,0.787939328161,0.24997078292,0.104645797546,-1.99709391813,-0.329118161143,-0.197639576836,1.49447912091,0.606518359433,0.236453694902,NaN,NaN,NaN,NaN,NaN,NaN,0.116449677063,-0.144479778957,-60,-0.0338791643139,-0.0258188008428,-0.347826086957,0.260869565217,0.0869565217391,33,46,66,361,0.333333333333,0.886977886978,0.113022113022,0.666666666667,0.417721518987,0.333333333333,0.370786516854,0.240781954156,0.220311220311,0.227586206897,70,90,0,23,23,23,1,0,8,0,0.0386050732335,0,0,1,3.88826011686,0,16,NaN,1,ok,2.18974518502,0,23,7,7,0.304347826087,0,1,0,0.047619047619,0,0,1,5,0,16,NaN,1,ok,3,0,23,23,0,1,6,0,23,NaN,NaN,NaN,NaN,NaN,0,0,NaN,0,no_basal_in_lcc,NaN,2,0,0,0
100,WLNM_dir_neg,0.688703703704,0.525488014849,00:00:02,10,10,100,505464146,fixed,validated_v2,/gpfs/scratch/acw792/wlnm_roleonly_v2_20260910/result_wlnm_dir_neg_roleonly_trophicv2_100x290_train10-90_Apocrita_20260910_011848/ecological_snapshots/Broadstone_Stream_tax_mass_K10_ratio0.1_exp100_seed505464146_threshold0.5_validated_v2.mat,role_only,2,uniform_without_replacement,uniform_remaining_nonlinks,176,0,176,407,198,198,176,22,0,22,0.111111111111,18,180,0.5,0.842105263158,0.177777777778,0.293577981651,16,3,74,177,0.177777777778,0.983333333333,0.0166666666667,0.822222222222,0.842105263158,0.177777777778,0.293577981651,0.714814814815,0.643209876543,0.200692041522,0.296940433933,0.161111111111,99,9,90,0,99,0,9,0,90,23,99,0.195652173913,2.18974518502,8.60869565217,6.6,4.5,4.59979377438,0.534319478842,0.291611769873,4.28989068105,0.996641269334,0.541062801932,2.91445898002,0.677096530713,0.355731225296,1.07629584498,0.491516479791,2.88826011686,2.18974518502,1.07629584498,2.88826011686,0.351612638569,0.458912768647,121,0.0683229813665,0.291765337837,23,23,23,1,0,0.347826086957,0.608695652174,0.0434782608696,23,0.0177865612648,1.44565217391,0.782608695652,1.28571428571,1.125,0.951387586592,1.2156619162,0.6038647343,0.656376446504,1.6774064744,0.743961352657,0.583027399542,1.48995890994,0.685990338164,0.730646202699,0.50540940337,2,1.89285714286,0.888082471503,2,0,0,0,0,0.0238095238095,23,7,7,0.304347826087,0,0.217391304348,0.130434782609,0.173913043478,23,28,0.0553359683794,1.94827735833,2.4347826087,3.5,1.86666666667,2.7274044764,1.12018398138,0.583850931677,2.23518398143,1.83604398474,0.773291925466,1.31275289301,1.07833273354,0.549689440994,1.36509842918,0.700669452089,4,2.45402528277,1.46302787389,4,0.532756132756,0.342105263158,13,0.00734048560136,0.171169108669,23,15,15,0.652173913043,0,0.304347826087,0.347826086957,0,-71,-0.140316205534,-0.241467826698,-6.17391304348,-3.1,-2.63333333333,-1.87238929798,0.585864502535,0.292239161804,-2.05470669962,0.83940271541,0.232229123533,-1.60170608702,0.40123620283,0.193958215697,0.288802584192,0.209152972297,1.11173988314,0.264280097743,0.386732028903,1.11173988314,0.181143494187,-0.116807505489,-108,-0.0609824957651,-0.120596229168,-0.0434782608696,-0.260869565217,-0.0434782608696,25,3,74,404,0.252525252525,0.992628992629,0.00737100737101,0.747474747475,0.892857142857,0.252525252525,0.393700787402,0.425364513844,0.245154245154,0.245098039216,19,90,0,23,23,23,1,0,8,0,0.0386050732335,0,0,1,3.88826011686,0,16,NaN,1,ok,2.18974518502,0,23,7,7,0.304347826087,0,3,0,0.106666666667,0,0,1,3,0,16,NaN,1,ok,1.89285714286,0,23,15,15,0.652173913043,0,7,0,0.0389372474131,0,0,1,5,0,16,NaN,1,ok,2.45402528277,0,0,0,0
101,WLNM_dir_neg,0.8205859375,0.747839218563,00:00:04,10,20,1,506381347,fixed,validated_v2,/gpfs/scratch/acw792/wlnm_roleonly_v2_20260910/result_wlnm_dir_neg_roleonly_trophicv2_100x290_train10-90_Apocrita_20260910_011848/ecological_snapshots/Broadstone_Stream_tax_mass_K10_ratio0.2_exp1_seed506381347_threshold0.5_validated_v2.mat,role_only,2,uniform_without_replacement,uniform_remaining_nonlinks,176,0,176,407,198,198,176,22,0,22,0.111111111111,38,160,0.5,0.847826086957,0.4875,0.619047619048,39,7,41,153,0.4875,0.95625,0.04375,0.5125,0.847826086957,0.4875,0.619047619048,0.8,0.602777777778,0.496503496503,0.531451417904,0.44375,99,19,80,0,99,0,19,0,80,23,99,0.195652173913,2.18974518502,8.60869565217,6.6,4.5,4.59979377438,0.534319478842,0.291611769873,4.28989068105,0.996641269334,0.541062801932,2.91445898002,0.677096530713,0.355731225296,1.07629584498,0.491516479791,2.88826011686,2.18974518502,1.07629584498,2.88826011686,0.351612638569,0.458912768647,121,0.0683229813665,0.291765337837,23,23,23,1,0,0.347826086957,0.608695652174,0.0434782608696,23,0.0375494071146,1.42753623188,1.65217391304,2.375,1.46153846154,1.36876505893,0.828463061987,0.432494279176,1.26678454482,1.53347602794,0.718535469108,0.886882892395,1.07359508027,0.553775743707,0.633305595398,0.4436353917,2,1.51754385965,0.66410325884,2,0,0,0,0,0.0630952380952,23,19,19,0.826086956522,0,0.478260869565,0.0869565217391,0.260869565217,23,65,0.128458498024,1,5.65217391304,3.82352941176,2.95454545455,4.09665823515,0.724793380066,0.351839464883,3.35277597214,1.18636688245,0.59397993311,2.53434900935,0.896769649462,0.377257525084,0,0,0,21.1609260305,13.107692921,31.5605095541,0.324135712772,0.234501347709,29,0.0163749294184,0.350022845762,23,23,23,1,0,0.260869565217,0.695652173913,0.0434782608696,-34,-0.0671936758893,-1.18974518502,-2.95652173913,-2.77647058824,-1.54545454545,-0.503135539223,0.190473901224,0.0602276950103,-0.937114708906,0.189725613116,0.052917131178,-0.380109970676,0.219673118749,0.0215262997872,-1.07629584498,-0.491516479791,-2.88826011686,18.9711808455,12.031397076,28.6722494373,-0.0274769257971,-0.224411420938,-92,-0.0519480519481,0.0582575079257,-0.0869565217391,0.0869565217391,0,58,7,41,400,0.585858585859,0.982800982801,0.017199017199,0.414141414141,0.892307692308,0.585858585859,0.707317073171,0.674203775383,0.56865956866,0.547169811321,46,80,0,23,23,23,1,0,8,0,0.0386050732335,0,0,1,3.88826011686,0,16,NaN,1,ok,2.18974518502,0,23,19,19,0.826086956522,0,11,0,0.181512605042,0,0,1,3,0,16,NaN,1,ok,1.51754385965,0,23,23,23,1,0,6,0,0.000450534730736,0,0,1,32.5605095541,1,16,NaN,1,ok,NaN,3,0,0,0
102,WLNM_dir_neg,0.780078125,0.558079515172,00:00:03,10,20,2,506381348,fixed,validated_v2,/gpfs/scratch/acw792/wlnm_roleonly_v2_20260910/result_wlnm_dir_neg_roleonly_trophicv2_100x290_train10-90_Apocrita_20260910_011848/ecological_snapshots/Broadstone_Stream_tax_mass_K10_ratio0.2_exp2_seed506381348_threshold0.5_validated_v2.mat,role_only,2,uniform_without_replacement,uniform_remaining_nonlinks,176,0,176,407,198,198,176,22,0,22,0.111111111111,38,160,0.5,0.777777777778,0.35,0.48275862069,28,8,52,152,0.35,0.95,0.05,0.65,0.777777777778,0.35,0.48275862069,0.75,0.616666666667,0.347826086957,0.396059017191,0.3,99,19,80,0,99,0,19,0,80,23,99,0.195652173913,2.18974518502,8.60869565217,6.6,4.5,4.59979377438,0.534319478842,0.291611769873,4.28989068105,0.996641269334,0.541062801932,2.91445898002,0.677096530713,0.355731225296,1.07629584498,0.491516479791,2.88826011686,2.18974518502,1.07629584498,2.88826011686,0.351612638569,0.458912768647,121,0.0683229813665,0.291765337837,23,23,23,1,0,0.347826086957,0.608695652174,0.0434782608696,23,0.0375494071146,1.68115942029,1.65217391304,1.58333333333,1.72727272727,1.22877232347,0.743730616837,0.407322654462,1.07247267026,1.29825639032,0.622425629291,1.07247267026,1.29825639032,0.645308924485,0.768152452708,0.456918269283,2.75,1.87037037037,0.76761568619,2.75,0.138888888889,0.103448275862,1,0.000564652738566,0.0984848484848,23,18,18,0.782608695652,0,0.260869565217,0.217391304348,0.304347826087,23,55,0.108695652174,1,4.78260869565,3.66666666667,3.4375,4.16649538515,0.871176307804,0.473517786561,3.14410169907,1.31480616506,0.638735177866,2.21028855448,0.924302486419,0.505928853755,0,0,0,NaN,NaN,NaN,0.45828028181,0.476351351351,47,0.0265386787126,0.147940472226,23,18,0,0.782608695652,7,0.130434782609,0.565217391304,0.0869565217391,-44,-0.0869565217391,-1.18974518502,-3.82608695652,-2.93333333333,-1.0625,-0.433298389228,0.336856828962,0.181906016689,-1.14578898198,0.31816489573,0.0976723759332,-0.704170425543,0.247205955707,0.150197628458,-1.07629584498,-0.491516479791,-2.88826011686,NaN,NaN,NaN,0.106667643241,0.0174385827041,-74,-0.0417843026539,-0.143824865611,-0.217391304348,-0.0434782608696,0.0434782608696,47,8,52,399,0.474747474747,0.980343980344,0.019656019656,0.525252525253,0.854545454545,0.474747474747,0.61038961039,0.580021199872,0.455091455091,0.439252336449,36,80,0,23,23,23,1,0,8,0,0.0386050732335,0,0,1,3.88826011686,0,16,NaN,1,ok,2.18974518502,0,23,18,18,0.782608695652,0,6,0,0.0576923076923,0,0,1,3.75,0,16,NaN,1,ok,1.87037037037,0,23,18,0,0.782608695652,7,3,4,NaN,NaN,NaN,NaN,NaN,0,0,NaN,0,basal_unreachable_in_lcc,NaN,2,0,0,0
103,WLNM_dir_neg,0.8633203125,0.785471334681,00:00:02,10,20,3,506381349,fixed,validated_v2,/gpfs/scratch/acw792/wlnm_roleonly_v2_20260910/result_wlnm_dir_neg_roleonly_trophicv2_100x290_train10-90_Apocrita_20260910_011848/ecological_snapshots/Broadstone_Stream_tax_mass_K10_ratio0.2_exp3_seed506381349_threshold0.5_validated_v2.mat,role_only,2,uniform_without_replacement,uniform_remaining_nonlinks,176,0,176,407,198,198,176,22,0,22,0.111111111111,38,160,0.5,0.702380952381,0.7375,0.719512195122,59,25,21,135,0.7375,0.84375,0.15625,0.2625,0.702380952381,0.7375,0.719512195122,0.808333333333,0.55,0.574074074074,0.574468220412,0.58125,99,19,80,0,99,0,19,0,80,23,99,0.195652173913,2.18974518502,8.60869565217,6.6,4.5,4.59979377438,0.534319478842,0.291611769873,4.28989068105,0.996641269334,0.541062801932,2.91445898002,0.677096530713,0.355731225296,1.07629584498,0.491516479791,2.88826011686,2.18974518502,1.07629584498,2.88826011686,0.351612638569,0.458912768647,121,0.0683229813665,0.291765337837,23,23,23,1,0,0.347826086957,0.608695652174,0.0434782608696,23,0.0375494071146,1.71739130435,1.65217391304,1.58333333333,1.72727272727,1.07062834788,0.648011894771,0.347826086957,0.936733876686,1.13394100862,0.585812356979,1.07247267026,1.29825639032,0.645308924485,0.780822511501,0.454656145937,2,1.91176470588,0.795206225564,2,0,0,0,0,0.0959595959596,23,17,17,0.739130434783,0,0.347826086957,0.130434782609,0.391304347826,23,103,0.203557312253,NaN,8.95652173913,4.47826086957,4.68181818182,4.01676329297,0.448473571546,0.250738708316,3.38270420626,0.755361133436,0.398480371465,3.67880372376,0.82148044317,0.393414943014,NaN,NaN,NaN,NaN,NaN,NaN,0.543031123466,0.442446043165,123,0.0694522868436,0.269549297978,23,23,0,1,6,0,0.95652173913,0.0434782608696,4,0.00790513833992,NaN,0.347826086957,-2.12173913043,0.181818181818,-0.583030481404,-0.0858459072962,-0.0408730615569,-0.907186474789,-0.241280135898,-0.142582430468,0.764344743735,0.144383912457,0.0376837177175,NaN,NaN,NaN,NaN,NaN,NaN,0.191418484897,-0.0164667254818,2,0.00112930547713,-0.0222160398586,-0.347826086957,0.347826086957,0,78,25,21,382,0.787878787879,0.938574938575,0.0614250614251,0.212121212121,0.757281553398,0.787878787879,0.772277227723,0.71573395729,0.726453726454,0.629032258065,84,80,0,23,23,23,1,0,8,0,0.0386050732335,0,0,1,3.88826011686,0,16,NaN,1,ok,2.18974518502,0,23,17,17,0.739130434783,0,6,0,0.0365853658537,0,0,1,3,0,16,NaN,1,ok,1.91176470588,0,23,23,0,1,6,0,23,NaN,NaN,NaN,NaN,NaN,0,0,NaN,0,no_basal_in_lcc,NaN,2,0,0,0
104,WLNM_dir_neg,0.6623828125,0.608062700323,00:00:02,10,20,4,506381350,fixed,validated_v2,/gpfs/scratch/acw792/wlnm_roleonly_v2_20260910/result_wlnm_dir_neg_roleonly_trophicv2_100x290_train10-90_Apocrita_20260910_011848/ecological_snapshots/Broadstone_Stream_tax_mass_K10_ratio0.2_exp4_seed506381350_threshold0.5_validated_v2.mat,role_only,2,uniform_without_replacement,uniform_remaining_nonlinks,176,0,176,407,198,198,176,22,0,22,0.111111111111,38,160,0.5,0.660377358491,0.4375,0.526315789474,35,18,45,142,0.4375,0.8875,0.1125,0.5625,0.660377358491,0.4375,0.526315789474,0.7375,0.593055555556,0.354948805461,0.369342774885,0.325,99,19,80,0,99,0,19,0,80,23,99,0.195652173913,2.18974518502,8.60869565217,6.6,4.5,4.59979377438,0.534319478842,0.291611769873,4.28989068105,0.996641269334,0.541062801932,2.91445898002,0.677096530713,0.355731225296,1.07629584498,0.491516479791,2.88826011686,2.18974518502,1.07629584498,2.88826011686,0.351612638569,0.458912768647,121,0.0683229813665,0.291765337837,23,23,23,1,0,0.347826086957,0.608695652174,0.0434782608696,23,0.0375494071146,1,1.65217391304,1.72727272727,1.72727272727,1.43364429632,0.86773207409,0.471395881007,1.02921743939,1.24589479505,0.631578947368,1.07247267026,1.29825639032,0.645308924485,0,0,0,NaN,NaN,NaN,0,0,0,0,0.069696969697,23,16,0,0.695652173913,7,0.217391304348,0.260869565217,0.217391304348,23,72,0.142292490119,9.72848354522,6.26086956522,3.42857142857,4.23529411765,5.28477565796,0.844096112035,0.419082125604,2.81722538915,0.899946999312,0.472222222222,3.29330378228,1.05202759712,0.524154589372,3.02729943799,0.311178964729,11.8233398086,9.72848354522,3.02729943799,11.8233398086,0.56259488434,0.423982869379,66,0.0372670807453,0.25577731792,23,23,23,1,0,0.0869565217391,0.652173913043,0.260869565217,-27,-0.0533596837945,7.5387383602,-2.34782608696,-3.17142857143,-0.264705882353,0.68498188358,0.309776633193,0.127470355731,-1.4726652919,-0.0966942700219,-0.0688405797101,0.378844802254,0.374931066404,0.168423364076,1.951003593,-0.180337515062,8.93507969176,7.5387383602,1.951003593,8.93507969176,0.210982245771,-0.0349298992683,-55,-0.0310559006211,-0.0359880199166,-0.260869565217,0.0434782608696,0.217391304348,54,18,45,389,0.545454545455,0.955773955774,0.044226044226,0.454545454545,0.75,0.545454545455,0.631578947368,0.569166652914,0.501228501229,0.461538461538,53,80,0,23,23,23,1,0,8,0,0.0386050732335,0,0,1,3.88826011686,0,16,NaN,1,ok,2.18974518502,0,23,16,0,0.695652173913,7,5,2,NaN,NaN,NaN,NaN,NaN,0,0,NaN,0,basal_unreachable_in_lcc,NaN,2,23,23,23,1,0,2,0,0.0019336409362,0,0,1,12.8233398086,0,16,NaN,1,ok,9.72848354522,0,0,0,0
105,WLNM_dir_neg,0.808984375,0.627643057844,00:00:01,10,20,5,506381351,fixed,validated_v2,/gpfs/scratch/acw792/wlnm_roleonly_v2_20260910/result_wlnm_dir_neg_roleonly_trophicv2_100x290_train10-90_Apocrita_20260910_011848/ecological_snapshots/Broadstone_Stream_tax_mass_K10_ratio0.2_exp5_seed506381351_threshold0.5_validated_v2.mat,role_only,2,uniform_without_replacement,uniform_remaining_nonlinks,176,0,176,407,198,198,176,22,0,22,0.111111111111,38,160,0.5,0.692307692308,0.5625,0.620689655172,45,20,35,140,0.5625,0.875,0.125,0.4375,0.692307692308,0.5625,0.620689655172,0.770833333333,0.576388888889,0.459016393443,0.464095480892,0.4375,99,19,80,0,99,0,19,0,80,23,99,0.195652173913,2.18974518502,8.60869565217,6.6,4.5,4.59979377438,0.534319478842,0.291611769873,4.28989068105,0.996641269334,0.541062801932,2.91445898002,0.677096530713,0.355731225296,1.07629584498,0.491516479791,2.88826011686,2.18974518502,1.07629584498,2.88826011686,0.351612638569,0.458912768647,121,0.0683229813665,0.291765337837,23,23,23,1,0,0.347826086957,0.608695652174,0.0434782608696,23,0.0375494071146,1.50543478261,1.65217391304,1.9,1.58333333333,1.49571192086,0.905299320519,0.466819221968,1.33662308256,1.61801741573,0.713958810069,0.984062724952,1.19123382494,0.604118993135,0.61459320072,0.408249635135,1.725,1.78409090909,0.665044427771,1.725,0.486666666667,0.324324324324,4,0.00225861095426,0.0564814814815,23,11,11,0.478260869565,0,0.347826086957,0.173913043478,0.260869565217,23,84,0.166007905138,1,7.30434782609,3.81818181818,3.81818181818,4.37383524868,0.598798873331,0.325569358178,3.4851463469,0.95426626165,0.478260869565,2.83819237692,0.777124103203,0.380952380952,0,0,0,798.26994912,176.893378472,845.839411747,0.357162282162,0.383658969805,72,0.0406549971767,0.209619478575,23,23,23,1,0,0.0434782608696,0.913043478261,0.0434782608696,-15,-0.0296442687747,-1.18974518502,-1.30434782609,-2.78181818182,-0.681818181818,-0.225958525696,0.0644793944896,0.0339575883054,-0.80474433415,-0.0423750076839,-0.0628019323671,-0.0762666031093,0.10002757249,0.0252211556559,-1.07629584498,-0.491516479791,-2.88826011686,796.080203935,175.817082627,842.95115163,0.00554964359312,-0.0752537988427,-49,-0.0276679841897,-0.082145859262,-0.304347826087,0.304347826087,0,64,20,35,387,0.646464646465,0.95085995086,0.04914004914,0.353535353535,0.761904761905,0.646464646465,0.699453551913,0.636838531746,0.597324597325,0.53781512605,65,80,0,23,23,23,1,0,8,0,0.0386050732335,0,0,1,3.88826011686,0,16,NaN,1,ok,2.18974518502,0,23,11,11,0.478260869565,0,4,0,0.0757575757576,0,0,1,2.725,0,16,NaN,1,ok,1.78409090909,0,23,23,23,1,0,1,0,2.8501596972e-05,0,1.0278444762e-12,1,846.839411747,1,16,NaN,1,ok,NaN,3,0,0,0
106,WLNM_dir_neg,0.743046875,0.54799739724,00:00:01,10,20,6,506381352,fixed,validated_v2,/gpfs/scratch/acw792/wlnm_roleonly_v2_20260910/result_wlnm_dir_neg_roleonly_trophicv2_100x290_train10-90_Apocrita_20260910_011848/ecological_snapshots/Broadstone_Stream_tax_mass_K10_ratio0.2_exp6_seed506381352_threshold0.5_validated_v2.mat,role_only,2,uniform_without_replacement,uniform_remaining_nonlinks,176,0,176,407,198,198,176,22,0,22,0.111111111111,38,160,0.5,0.615384615385,0.4,0.484848484848,32,20,48,140,0.4,0.875,0.125,0.6,0.615384615385,0.4,0.484848484848,0.716666666667,0.594444444444,0.301369863014,0.31467126223,0.275,99,19,80,0,99,0,19,0,80,23,99,0.195652173913,2.18974518502,8.60869565217,6.6,4.5,4.59979377438,0.534319478842,0.291611769873,4.28989068105,0.996641269334,0.541062801932,2.91445898002,0.677096530713,0.355731225296,1.07629584498,0.491516479791,2.88826011686,2.18974518502,1.07629584498,2.88826011686,0.351612638569,0.458912768647,121,0.0683229813665,0.291765337837,23,23,23,1,0,0.347826086957,0.608695652174,0.0434782608696,23,0.0375494071146,1.80434782609,1.65217391304,1.72727272727,1.46153846154,1.36876505893,0.828463061987,0.448512585812,1.07247267026,1.29825639032,0.636155606407,0.886882892395,1.07359508027,0.553775743707,1.05247684529,0.583300420284,3,2.02777777778,1.09103596509,3,0,0,0,0,0.0642424242424,23,18,18,0.782608695652,0,0.304347826087,0.260869565217,0.217391304348,23,71,0.140316205534,NaN,6.17391304348,3.08695652174,3.38095238095,4.46859927121,0.7237872059,0.366197183099,2.37243724849,0.768536010074,0.347826086957,3.96476576722,1.28436074149,0.527862829149,NaN,NaN,NaN,NaN,NaN,NaN,0.404536043666,0.283783783784,42,0.0237154150198,0.304563980157,23,23,0,1,6,0,0.913043478261,0.0869565217391,-28,-0.0553359683794,NaN,-2.4347826087,-3.51304347826,-1.11904761905,-0.131194503169,0.189467727058,0.074585413226,-1.91745343256,-0.22810525926,-0.193236714976,1.0503067872,0.607264210782,0.172131603852,NaN,NaN,NaN,NaN,NaN,NaN,0.0529234050973,-0.175128984863,-79,-0.0446075663467,0.0127986423201,-0.347826086957,0.304347826087,0.0434782608696,51,20,48,387,0.515151515152,0.95085995086,0.04914004914,0.484848484848,0.718309859155,0.515151515152,0.6,0.532276878744,0.466011466011,0.428571428571,52,80,0,23,23,23,1,0,8,0,0.0386050732335,0,0,1,3.88826011686,0,16,NaN,1,ok,2.18974518502,0,23,18,18,0.782608695652,0,7,0,0.0482897384306,0,0,1,4,0,16,NaN,1,ok,2.02777777778,0,23,23,0,1,6,0,23,NaN,NaN,NaN,NaN,NaN,0,0,NaN,0,no_basal_in_lcc,NaN,2,0,0,0
107,WLNM_dir_neg,0.6632421875,0.545364631655,00:00:01,10,20,7,506381353,fixed,validated_v2,/gpfs/scratch/acw792/wlnm_roleonly_v2_20260910/result_wlnm_dir_neg_roleonly_trophicv2_100x290_train10-90_Apocrita_20260910_011848/ecological_snapshots/Broadstone_Stream_tax_mass_K10_ratio0.2_exp7_seed506381353_threshold0.5_validated_v2.mat,role_only,2,uniform_without_replacement,uniform_remaining_nonlinks,176,0,176,407,198,198,176,22,0,22,0.111111111111,38,160,0.5,0.692307692308,0.45,0.545454545455,36,16,44,144,0.45,0.9,0.1,0.55,0.692307692308,0.45,0.545454545455,0.75,0.594444444444,0.383561643836,0.400490697383,0.35,99,19,80,0,99,0,19,0,80,23,99,0.195652173913,2.18974518502,8.60869565217,6.6,4.5,4.59979377438,0.534319478842,0.291611769873,4.28989068105,0.996641269334,0.541062801932,2.91445898002,0.677096530713,0.355731225296,1.07629584498,0.491516479791,2.88826011686,2.18974518502,1.07629584498,2.88826011686,0.351612638569,0.458912768647,121,0.0683229813665,0.291765337837,23,23,23,1,0,0.347826086957,0.608695652174,0.0434782608696,23,0.0375494071146,1.6231884058,1.65217391304,1.9,1.72727272727,1.36876505893,0.828463061987,0.453089244851,1.07247267026,1.29825639032,0.649885583524,1.1140496934,1.34858647096,0.654462242563,0.817991182105,0.503940996118,2.75,1.89583333333,0.849019041797,2.75,0,0,0,0,0.0914814814815,23,16,16,0.695652173913,0,0.260869565217,0.217391304348,0.217391304348,23,71,0.140316205534,1,6.17391304348,3.22727272727,3.73684210526,4.24962216409,0.688319082916,0.374770361298,2.69533339949,0.873136171665,0.454378444581,3.55365424571,1.15118376974,0.533986527863,0,0,0,NaN,NaN,NaN,0.43011002886,0.41257367387,70,0.0395256916996,0.307368569382,23,23,0,1,7,0.0434782608696,0.782608695652,0.173913043478,-28,-0.0553359683794,-1.18974518502,-2.4347826087,-3.37272727273,-0.763157894737,-0.350171610284,0.153999604075,0.0831585914256,-1.59455728156,-0.12350509767,-0.0866843573518,0.639195265681,0.474087239023,0.178255302566,-1.07629584498,-0.491516479791,-2.88826011686,NaN,NaN,NaN,0.0784973902909,-0.0463390947769,-51,-0.0287972896669,0.0156032315448,-0.304347826087,0.173913043478,0.130434782609,55,16,44,391,0.555555555556,0.960687960688,0.039312039312,0.444444444444,0.774647887324,0.555555555556,0.647058823529,0.589651773699,0.516243516244,0.478260869565,52,80,0,23,23,23,1,0,8,0,0.0386050732335,0,0,1,3.88826011686,0,16,NaN,1,ok,2.18974518502,0,23,16,16,0.695652173913,0,6,0,0.0610169491525,0,0,1,3.75,0,16,NaN,1,ok,1.89583333333,0,23,23,0,1,7,1,13,NaN,NaN,NaN,NaN,NaN,0,0,NaN,0,basal_unreachable_in_lcc,NaN,2,0,0,0
108,WLNM_dir_neg,0.904140625,0.740798554367,00:00:02,10,20,8,506381354,fixed,validated_v2,/gpfs/scratch/acw792/wlnm_roleonly_v2_20260910/result_wlnm_dir_neg_roleonly_trophicv2_100x290_train10-90_Apocrita_20260910_011848/ecological_snapshots/Broadstone_Stream_tax_mass_K10_ratio0.2_exp8_seed506381354_threshold0.5_validated_v2.mat,role_only,2,uniform_without_replacement,uniform_remaining_nonlinks,176,0,176,407,198,198,176,22,0,22,0.111111111111,38,160,0.5,0.809523809524,0.6375,0.713286713287,51,12,29,148,0.6375,0.925,0.075,0.3625,0.809523809524,0.6375,0.713286713287,0.829166666667,0.579166666667,0.594059405941,0.602657552768,0.5625,99,19,80,0,99,0,19,0,80,23,99,0.195652173913,2.18974518502,8.60869565217,6.6,4.5,4.59979377438,0.534319478842,0.291611769873,4.28989068105,0.996641269334,0.541062801932,2.91445898002,0.677096530713,0.355731225296,1.07629584498,0.491516479791,2.88826011686,2.18974518502,1.07629584498,2.88826011686,0.351612638569,0.458912768647,121,0.0683229813665,0.291765337837,23,23,23,1,0,0.347826086957,0.608695652174,0.0434782608696,23,0.0375494071146,1.70869565217,1.65217391304,1.72727272727,1.9,1.58426052874,0.958894530553,0.491990846682,1.19286415873,1.44399345531,0.659038901602,1.19286415873,1.44399345531,0.691075514874,0.82402175803,0.482251919458,2,1.95882352941,0.823907476245,2,0.127272727273,0.075,1,0.000564652738566,0.133333333333,23,17,17,0.739130434783,0,0.260869565217,0.173913043478,0.304347826087,23,82,0.162055335968,2.25827311783,7.13043478261,4.82352941176,3.5652173913,4.20285993349,0.589425478478,0.319194061506,3.97521968468,1.11500064327,0.58112407211,2.19143139101,0.614669780405,0.327677624602,0.945194403899,0.418547427428,2.67756846009,2.25827311783,0.945194403899,2.67756846009,0.527594123049,0.46975088968,88,0.0496894409938,0.216076749927,23,23,23,1,0,0.260869565217,0.739130434783,0,-17,-0.0335968379447,0.0685279328087,-1.47826086957,-1.77647058824,-0.934782608696,-0.396933840885,0.0551059996358,0.0275822916332,-0.314670996363,0.118359373931,0.0400612701779,-0.723027589015,-0.0624267503076,-0.0280536006941,-0.131101441085,-0.0729690523634,-0.210691656766,0.0685279328087,-0.131101441085,-0.210691656766,0.17598148448,0.0108381210324,-33,-0.0186335403727,-0.0756885879095,-0.0869565217391,0.130434782609,-0.0434782608696,70,12,29,395,0.707070707071,0.970515970516,0.029484029484,0.292929292929,0.853658536585,0.707070707071,0.773480662983,0.729440388094,0.677586677587,0.630630630631,63,80,0,23,23,23,1,0,8,0,0.0386050732335,0,0,1,3.88826011686,0,16,NaN,1,ok,2.18974518502,0,23,17,17,0.739130434783,0,6,0,0.0458190148912,0,0,1,3,0,16,NaN,1,ok,1.95882352941,0,23,23,23,1,0,6,0,0.0116386408151,0,0,1,3.67756846009,0,16,NaN,1,ok,2.25827311783,0,0,0,0
109,WLNM_dir_neg,0.767890625,0.64590683369,00:00:02,10,20,9,506381355,fixed,validated_v2,/gpfs/scratch/acw792/wlnm_roleonly_v2_20260910/result_wlnm_dir_neg_roleonly_trophicv2_100x290_train10-90_Apocrita_20260910_011848/ecological_snapshots/Broadstone_Stream_tax_mass_K10_ratio0.2_exp9_seed506381355_threshold0.5_validated_v2.mat,role_only,2,uniform_without_replacement,uniform_remaining_nonlinks,176,0,176,407,198,198,176,22,0,22,0.111111111111,38,160,0.5,0.814814814815,0.275,0.411214953271,22,5,58,155,0.275,0.96875,0.03125,0.725,0.814814814815,0.275,0.411214953271,0.7375,0.629166666667,0.292134831461,0.363645255262,0.24375,99,19,80,0,99,0,19,0,80,23,99,0.195652173913,2.18974518502,8.60869565217,6.6,4.5,4.59979377438,0.534319478842,0.291611769873,4.28989068105,0.996641269334,0.541062801932,2.91445898002,0.677096530713,0.355731225296,1.07629584498,0.491516479791,2.88826011686,2.18974518502,1.07629584498,2.88826011686,0.351612638569,0.458912768647,121,0.0683229813665,0.291765337837,23,23,23,1,0,0.347826086957,0.608695652174,0.0434782608696,23,0.0375494071146,1.95652173913,1.65217391304,1.58333333333,1.72727272727,1.36876505893,0.828463061987,0.432494279176,0.984062724952,1.19123382494,0.604118993135,1.19286415873,1.44399345531,0.659038901602,1.22805729733,0.627673729744,4,2.23529411765,1.30578151292,4,0.15,0.107142857143,1,0.000564652738566,0.104797979798,23,17,17,0.739130434783,0,0.304347826087,0.173913043478,0.347826086957,23,46,0.0909090909091,1.80824446267,4,3.83333333333,2.19047619048,2.64575131106,0.661437827766,0.350661625709,2.59369865776,1.29684932888,0.648393194707,1.16774841624,0.583874208121,0.302457466919,0.878695599131,0.48593849851,2.30660377358,1.80824446267,0.878695599131,2.30660377358,0.236111111111,0.264150943396,14,0.00790513833992,0.0854759718396,23,23,23,1,0,0.478260869565,0.434782608696,0.0869565217391,-53,-0.104743083004,-0.381500722351,-4.60869565217,-2.76666666667,-2.30952380952,-1.95404246331,0.127118348924,0.0590498558362,-1.69619202329,0.300208059546,0.107330392775,-1.74671056378,-0.0932223225916,-0.0532737583777,-0.197600245852,-0.00557798128107,-0.581656343273,-0.381500722351,-0.197600245852,-0.581656343273,-0.115501527458,-0.194761825251,-107,-0.0604178430265,-0.206289365997,0.130434782609,-0.173913043478,0.0434782608696,41,5,58,402,0.414141414141,0.987714987715,0.012285012285,0.585858585859,0.891304347826,0.414141414141,0.565517241379,0.554533594571,0.401856401856,0.394230769231,27,80,0,23,23,23,1,0,8,0,0.0386050732335,0,0,1,3.88826011686,0,16,NaN,1,ok,2.18974518502,0,23,17,17,0.739130434783,0,6,0,0.0344827586207,0,0,1,5,0,16,NaN,1,ok,2.23529411765,0,23,23,23,1,0,11,0,0.0646830091838,0,0,1,3.30660377358,0,16,NaN,1,ok,1.80824446267,0,0,0,0
110,WLNM_dir_neg,0.724453125,0.600155288329,00:00:02,10,20,10,506381356,fixed,validated_v2,/gpfs/scratch/acw792/wlnm_roleonly_v2_20260910/result_wlnm_dir_neg_roleonly_trophicv2_100x290_train10-90_Apocrita_20260910_011848/ecological_snapshots/Broadstone_Stream_tax_mass_K10_ratio0.2_exp10_seed506381356_threshold0.5_validated_v2.mat,role_only,2,uniform_without_replacement,uniform_remaining_nonlinks,176,0,176,407,198,198,176,22,0,22,0.111111111111,38,160,0.5,0.717391304348,0.4125,0.52380952381,33,13,47,147,0.4125,0.91875,0.08125,0.5875,0.717391304348,0.4125,0.52380952381,0.75,0.602777777778,0.370629370629,0.396717255618,0.33125,99,19,80,0,99,0,19,0,80,23,99,0.195652173913,2.18974518502,8.60869565217,6.6,4.5,4.59979377438,0.534319478842,0.291611769873,4.28989068105,0.996641269334,0.541062801932,2.91445898002,0.677096530713,0.355731225296,1.07629584498,0.491516479791,2.88826011686,2.18974518502,1.07629584498,2.88826011686,0.351612638569,0.458912768647,121,0.0683229813665,0.291765337837,23,23,23,1,0,0.347826086957,0.608695652174,0.0434782608696,23,0.0375494071146,1.57246376812,1.65217391304,1.9,1.58333333333,1.30065352986,0.787237662811,0.430205949657,1.07247267026,1.29825639032,0.649885583524,1.02921743939,1.24589479505,0.608695652174,0.722695024457,0.459594070853,2,1.77450980392,0.742885647302,2,0.166666666667,0.0967741935484,1,0.000564652738566,0.0851851851852,23,17,17,0.739130434783,0,0.304347826087,0.217391304348,0.217391304348,23,65,0.128458498024,2.17614561715,5.65217391304,4.64285714286,3.42105263158,4.35481651479,0.770467537232,0.430100334448,3.47264863434,1.22878336292,0.628762541806,2.38655655158,0.844473856715,0.441471571906,1.09324770024,0.502378007988,2.81462408624,2.42375522076,1.04339238114,2.81462408624,0.50969616803,0.448877805486,60,0.0338791643139,0.217445405632,23,19,19,0.826086956522,0,0.217391304348,0.608695652174,0,-34,-0.0671936758893,-0.0135995678739,-2.95652173913,-1.95714285714,-1.07894736842,-0.244977259589,0.23614805839,0.138488564576,-0.817242046712,0.232142093584,0.0876997398737,-0.527902428439,0.167377326002,0.0857403466099,0.0169518552531,0.0108615281968,-0.0736360306149,0.234010035737,-0.0329034638425,-0.0736360306149,0.15808352946,-0.010034963161,-61,-0.0344438170525,-0.0743199322045,-0.130434782609,0,-0.0434782608696,52,13,47,394,0.525252525253,0.968058968059,0.031941031941,0.474747474747,0.8,0.525252525253,0.634146341463,0.584870965971,0.493311493311,0.464285714286,46,80,0,23,23,23,1,0,8,0,0.0386050732335,0,0,1,3.88826011686,0,16,NaN,1,ok,2.18974518502,0,23,17,17,0.739130434783,0,7,0,0.0692307692308,0,0,1,3,0,16,NaN,1,ok,1.77450980392,0,23,19,19,0.826086956522,0,5,0,0.0142383968588,0,0,1,3.81462408624,0,16,NaN,1,ok,2.42375522076,0,0,0,0
111,WLNM_dir_neg,0.7626953125,0.715751854565,00:00:02,10,20,11,506381357,fixed,validated_v2,/gpfs/scratch/acw792/wlnm_roleonly_v2_20260910/result_wlnm_dir_neg_roleonly_trophicv2_100x290_train10-90_Apocrita_20260910_011848/ecological_snapshots/Broadstone_Stream_tax_mass_K10_ratio0.2_exp11_seed506381357_threshold0.5_validated_v2.mat,role_only,2,uniform_without_replacement,uniform_remaining_nonlinks,176,0,176,407,198,198,176,22,0,22,0.111111111111,38,160,0.5,0.933333333333,0.35,0.509090909091,28,2,52,158,0.35,0.9875,0.0125,0.65,0.933333333333,0.35,0.509090909091,0.775,0.625,0.4,0.481070235442,0.3375,99,19,80,0,99,0,19,0,80,23,99,0.195652173913,2.18974518502,8.60869565217,6.6,4.5,4.59979377438,0.534319478842,0.291611769873,4.28989068105,0.996641269334,0.541062801932,2.91445898002,0.677096530713,0.355731225296,1.07629584498,0.491516479791,2.88826011686,2.18974518502,1.07629584498,2.88826011686,0.351612638569,0.458912768647,121,0.0683229813665,0.291765337837,23,23,23,1,0,0.347826086957,0.608695652174,0.0434782608696,23,0.0375494071146,1.70652173913,1.65217391304,1.9,1.46153846154,1.58426052874,0.958894530553,0.487414187643,1.230379613,1.48940689995,0.695652173913,1.02921743939,1.24589479505,0.581235697941,0.915932752075,0.536724924783,2.75,1.90277777778,0.947670863412,2.75,0.159259259259,0.075,1,0.000564652738566,0.0707407407407,23,18,18,0.782608695652,0,0.347826086957,0.217391304348,0.217391304348,23,49,0.096837944664,1.77309715513,4.26086956522,4.9,2.57894736842,3.42739486682,0.804388591193,0.416149068323,3.25163382466,1.52627710137,0.700976042591,1.71369743341,0.804388591193,0.436557231588,0.973787159371,0.549201241768,2.43259259259,1.84672545561,0.988750459338,2.43259259259,0.45117431588,0.436567164179,39,0.0220214568041,0.159833808167,23,21,21,0.913043478261,0,0.478260869565,0.347826086957,0.0869565217391,-50,-0.098814229249,-0.416648029899,-4.34782608696,-1.7,-1.92105263158,-1.17239890755,0.270069112351,0.12453729845,-1.03825685639,0.529635832035,0.159913240659,-1.20076154661,0.12729206048,0.0808260062918,-0.102508685612,0.0576847619772,-0.455667524265,-0.343019729411,-0.0875453856452,-0.455667524265,0.099561677311,-0.0223456044682,-82,-0.0463015245624,-0.13193152967,0.130434782609,-0.260869565217,0.0434782608696,47,2,52,405,0.474747474747,0.995085995086,0.004914004914,0.525252525253,0.959183673469,0.474747474747,0.635135135135,0.630235138649,0.469833469833,0.465346534653,30,80,0,23,23,23,1,0,8,0,0.0386050732335,0,0,1,3.88826011686,0,16,NaN,1,ok,2.18974518502,0,23,18,18,0.782608695652,0,8,0,0.0572450805009,0,0,1,3.75,0,16,NaN,1,ok,1.90277777778,0,23,21,21,0.913043478261,0,11,0,0.0991943176715,0,0,1,3.43259259259,0,16,NaN,1,ok,1.84672545561,0,0,0,0
112,WLNM_dir_neg,0.745390625,0.604002267524,00:00:01,10,20,12,506381358,fixed,validated_v2,/gpfs/scratch/acw792/wlnm_roleonly_v2_20260910/result_wlnm_dir_neg_roleonly_trophicv2_100x290_train10-90_Apocrita_20260910_011848/ecological_snapshots/Broadstone_Stream_tax_mass_K10_ratio0.2_exp12_seed506381358_threshold0.5_validated_v2.mat,role_only,2,uniform_without_replacement,uniform_remaining_nonlinks,176,0,176,407,198,198,176,22,0,22,0.111111111111,38,160,0.5,0.809523809524,0.425,0.55737704918,34,8,46,152,0.425,0.95,0.05,0.575,0.809523809524,0.425,0.55737704918,0.775,0.608333333333,0.425531914894,0.465242105199,0.375,99,19,80,0,99,0,19,0,80,23,99,0.195652173913,2.18974518502,8.60869565217,6.6,4.5,4.59979377438,0.534319478842,0.291611769873,4.28989068105,0.996641269334,0.541062801932,2.91445898002,0.677096530713,0.355731225296,1.07629584498,0.491516479791,2.88826011686,2.18974518502,1.07629584498,2.88826011686,0.351612638569,0.458912768647,121,0.0683229813665,0.291765337837,23,23,23,1,0,0.347826086957,0.608695652174,0.0434782608696,23,0.0375494071146,1.61111111111,1.65217391304,1.9,1.72727272727,1.46500684616,0.886714670043,0.480549199085,1.19286415873,1.44399345531,0.691075514874,0.984062724952,1.19123382494,0.608695652174,0.811498454628,0.503688695976,2.66666666667,1.87847222222,0.845763771998,2.66666666667,0.0694444444444,0.0833333333333,1,0.000564652738566,0.0633333333333,23,16,16,0.695652173913,0,0.260869565217,0.217391304348,0.217391304348,23,61,0.120553359684,1,5.30434782609,4.35714285714,2.90476190476,4.25798482649,0.802734844338,0.433357091946,3.45896326628,1.30419926433,0.648610121169,2.2280993868,0.840103047483,0.443335709195,0,0,0,10.9928093645,9.41722197898,24.0769230769,0.512846677132,0.497237569061,60,0.0338791643139,0.132425541491,23,23,23,1,0,0.391304347826,0.521739130435,0.0869565217391,-38,-0.0750988142292,-1.18974518502,-3.30434782609,-2.24285714286,-1.59523809524,-0.341808947888,0.268415365496,0.141745322073,-0.830927414768,0.307557995001,0.107547319237,-0.686359593222,0.16300651677,0.0876044838981,-1.07629584498,-0.491516479791,-2.88826011686,8.80306417952,8.340926134,21.1886629601,0.161234038563,0.0383248004135,-61,-0.0344438170525,-0.159339796345,0.0434782608696,-0.0869565217391,0.0434782608696,53,8,46,399,0.535353535354,0.980343980344,0.019656019656,0.464646464646,0.868852459016,0.535353535354,0.6625,0.628296901807,0.515697515698,0.495327102804,42,80,0,23,23,23,1,0,8,0,0.0386050732335,0,0,1,3.88826011686,0,16,NaN,1,ok,2.18974518502,0,23,16,16,0.695652173913,0,6,0,0.096256684492,0,0,1,3.66666666667,0,16,NaN,1,ok,1.87847222222,0,23,23,23,1,0,9,0,0.00478426932982,0,0,1,25.0769230769,1,16,NaN,1,ok,NaN,3,0,0,0
113,WLNM_dir_neg,0.7819140625,0.709528830485,00:00:01,10,20,13,506381359,fixed,validated_v2,/gpfs/scratch/acw792/wlnm_roleonly_v2_20260910/result_wlnm_dir_neg_roleonly_trophicv2_100x290_train10-90_Apocrita_20260910_011848/ecological_snapshots/Broadstone_Stream_tax_mass_K10_ratio0.2_exp13_seed506381359_threshold0.5_validated_v2.mat,role_only,2,uniform_without_replacement,uniform_remaining_nonlinks,176,0,176,407,198,198,176,22,0,22,0.111111111111,38,160,0.5,0.849056603774,0.5625,0.676691729323,45,8,35,152,0.5625,0.95,0.05,0.4375,0.849056603774,0.5625,0.676691729323,0.820833333333,0.593055555556,0.559726962457,0.582425145011,0.5125,99,19,80,0,99,0,19,0,80,23,99,0.195652173913,2.18974518502,8.60869565217,6.6,4.5,4.59979377438,0.534319478842,0.291611769873,4.28989068105,0.996641269334,0.541062801932,2.91445898002,0.677096530713,0.355731225296,1.07629584498,0.491516479791,2.88826011686,2.18974518502,1.07629584498,2.88826011686,0.351612638569,0.458912768647,121,0.0683229813665,0.291765337837,23,23,23,1,0,0.347826086957,0.608695652174,0.0434782608696,23,0.0375494071146,1.80434782609,1.65217391304,1.58333333333,1.46153846154,1.30065352986,0.787237662811,0.414187643021,0.936733876686,1.13394100862,0.585812356979,1.02921743939,1.24589479505,0.581235697941,0.972672271767,0.539071379534,3.33333333333,2.17857142857,1.04690076941,3.33333333333,0.19696969697,0.0967741935484,1,0.000564652738566,0.0707070707071,23,14,14,0.608695652174,0,0.304347826087,0.260869565217,0.260869565217,23,72,0.142292490119,1,6.26086956522,4.8,3.42857142857,3.19399139443,0.510151403276,0.285024154589,3.42854790129,1.09523057958,0.579710144928,2.4178192245,0.772358918938,0.386473429952,0,0,0,NaN,NaN,NaN,0.269314260619,0.267260579065,40,0.0225861095426,0.201274685476,23,23,0,1,7,0.347826086957,0.565217391304,0.0869565217391,-27,-0.0533596837945,-1.18974518502,-2.34782608696,-1.8,-1.07142857143,-1.40580237995,-0.0241680755654,-0.00658761528327,-0.861342779754,0.0985893102456,0.0386473429952,-0.496639755522,0.0952623882254,0.0307422046552,-1.07629584498,-0.491516479791,-2.88826011686,NaN,NaN,NaN,-0.0822983779506,-0.191652189583,-81,-0.0457368718238,-0.0904906523604,0,-0.0434782608696,0.0434782608696,64,8,35,399,0.646464646465,0.980343980344,0.019656019656,0.353535353535,0.888888888889,0.646464646465,0.748538011696,0.711768319766,0.626808626809,0.598130841121,53,80,0,23,23,23,1,0,8,0,0.0386050732335,0,0,1,3.88826011686,0,16,NaN,1,ok,2.18974518502,0,23,14,14,0.608695652174,0,4,0,0.0454545454545,0,0,1,4.33333333333,0,16,NaN,1,ok,2.17857142857,0,23,23,0,1,7,8,4,NaN,NaN,NaN,NaN,NaN,0,0,NaN,0,basal_unreachable_in_lcc,NaN,2,0,0,0
114,WLNM_dir_neg,0.8072265625,0.65640418326,00:00:02,10,20,14,506381360,fixed,validated_v2,/gpfs/scratch/acw792/wlnm_roleonly_v2_20260910/result_wlnm_dir_neg_roleonly_trophicv2_100x290_train10-90_Apocrita_20260910_011848/ecological_snapshots/Broadstone_Stream_tax_mass_K10_ratio0.2_exp14_seed506381360_threshold0.5_validated_v2.mat,role_only,2,uniform_without_replacement,uniform_remaining_nonlinks,176,0,176,407,198,198,176,22,0,22,0.111111111111,38,160,0.5,0.815789473684,0.3875,0.525423728814,31,7,49,153,0.3875,0.95625,0.04375,0.6125,0.815789473684,0.3875,0.525423728814,0.766666666667,0.613888888889,0.395683453237,0.443894954453,0.34375,99,19,80,0,99,0,19,0,80,23,99,0.195652173913,2.18974518502,8.60869565217,6.6,4.5,4.59979377438,0.534319478842,0.291611769873,4.28989068105,0.996641269334,0.541062801932,2.91445898002,0.677096530713,0.355731225296,1.07629584498,0.491516479791,2.88826011686,2.18974518502,1.07629584498,2.88826011686,0.351612638569,0.458912768647,121,0.0683229813665,0.291765337837,23,23,23,1,0,0.347826086957,0.608695652174,0.0434782608696,23,0.0375494071146,1.67391304348,1.65217391304,1.58333333333,1.35714285714,1.22877232347,0.743730616837,0.402745995423,0.984062724952,1.19123382494,0.604118993135,0.936733876686,1.13394100862,0.526315789474,0.762899606945,0.455758206746,2.5,1.90625,0.77928920605,2.5,0,0,0,0,0.0833333333333,23,16,16,0.695652173913,0,0.260869565217,0.347826086957,0.173913043478,23,57,0.112648221344,2.01701426064,4.95652173913,4.38461538462,3,3.16914472072,0.639388847163,0.356979405034,3.13150508712,1.263589772,0.631578947368,1.90381352261,0.76820545649,0.425629290618,0.99945489009,0.49551205938,2.81466395112,2.06324218158,0.99748944952,2.81466395112,0.304268246374,0.332247557003,34,0.0191981931112,0.139237614238,23,22,22,0.95652173913,0,0.391304347826,0.434782608696,0.130434782609,-42,-0.0830039525692,-0.172730924381,-3.65217391304,-2.21538461538,-1.5,-1.43064905366,0.105069368321,0.0653676351617,-1.15838559393,0.266948502662,0.0905161454361,-1.01064545742,0.091108925777,0.0698980653214,-0.0768409548932,0.00399557958846,-0.0735961657377,-0.126503003442,-0.0788063954637,-0.0735961657377,-0.0473443921957,-0.126665211644,-87,-0.0491247882552,-0.152527723599,0.0434782608696,-0.173913043478,0.0869565217391,50,7,49,400,0.505050505051,0.982800982801,0.017199017199,0.494949494949,0.877192982456,0.505050505051,0.641025641026,0.61212742484,0.487851487851,0.471698113208,38,80,0,23,23,23,1,0,8,0,0.0386050732335,0,0,1,3.88826011686,0,16,NaN,1,ok,2.18974518502,0,23,16,16,0.695652173913,0,5,0,0.037558685446,0,0,1,3.5,0,16,NaN,1,ok,1.90625,0,23,22,22,0.95652173913,0,9,0,0.0702079134943,0,0,1,3.81466395112,0,16,NaN,1,ok,2.06324218158,0,0,0,0
115,WLNM_dir_neg,0.7081640625,0.634660167327,00:00:01,10,20,15,506381361,fixed,validated_v2,/gpfs/scratch/acw792/wlnm_roleonly_v2_20260910/result_wlnm_dir_neg_roleonly_trophicv2_100x290_train10-90_Apocrita_20260910_011848/ecological_snapshots/Broadstone_Stream_tax_mass_K10_ratio0.2_exp15_seed506381361_threshold0.5_validated_v2.mat,role_only,2,uniform_without_replacement,uniform_remaining_nonlinks,176,0,176,407,198,198,176,22,0,22,0.111111111111,38,160,0.5,0.8,0.4,0.533333333333,32,8,48,152,0.4,0.95,0.05,0.6,0.8,0.4,0.533333333333,0.766666666667,0.611111111111,0.4,0.442718872424,0.35,99,19,80,0,99,0,19,0,80,23,99,0.195652173913,2.18974518502,8.60869565217,6.6,4.5,4.59979377438,0.534319478842,0.291611769873,4.28989068105,0.996641269334,0.541062801932,2.91445898002,0.677096530713,0.355731225296,1.07629584498,0.491516479791,2.88826011686,2.18974518502,1.07629584498,2.88826011686,0.351612638569,0.458912768647,121,0.0683229813665,0.291765337837,23,23,23,1,0,0.347826086957,0.608695652174,0.0434782608696,23,0.0375494071146,1.74057971014,1.65217391304,2.11111111111,1.58333333333,1.66811531246,1.00964874175,0.54004576659,1.19286415873,1.44399345531,0.695652173913,0.936733876686,1.13394100862,0.585812356979,1.04068530848,0.597895805871,2.8,2.13555555556,1.10514429616,2.8,0,0,0,0,0.0694444444444,23,15,15,0.652173913043,0,0.260869565217,0.260869565217,0.130434782609,23,59,0.116600790514,2.27728225445,5.13043478261,4.91666666667,3.10526315789,3.6964890938,0.720502111503,0.388356669123,3.24494133518,1.26497713066,0.642593957259,1.82970655761,0.713275437712,0.381724392041,1.45165487877,0.637450573349,4.34155350353,2.46887459261,1.46417102758,4.34155350353,0.50397205134,0.420195439739,43,0.0242800677583,0.166248902613,23,20,20,0.869565217391,0,0.347826086957,0.478260869565,0.0434782608696,-40,-0.0790513833992,0.0875370694209,-3.47826086957,-1.68333333333,-1.39473684211,-0.903304680581,0.186182632661,0.0967448992504,-1.04494934586,0.26833586133,0.101531155326,-1.08475242242,0.0361789069991,0.0259931667448,0.37535903379,0.145934093557,1.45329338667,0.279129407588,0.387875182595,1.45329338667,0.152359412771,-0.0387173289079,-78,-0.0440429136081,-0.125516435224,0,-0.130434782609,0,51,8,48,399,0.515151515152,0.980343980344,0.019656019656,0.484848484848,0.864406779661,0.515151515152,0.645569620253,0.612455790741,0.495495495495,0.476635514019,40,80,0,23,23,23,1,0,8,0,0.0386050732335,0,0,1,3.88826011686,0,16,NaN,1,ok,2.18974518502,0,23,15,15,0.652173913043,0,6,0,0.0909090909091,0,0,1,3.8,0,16,NaN,1,ok,2.13555555556,0,23,20,20,0.869565217391,0,8,0,0.0526949968465,0,0,1,5.34155350353,0,16,NaN,1,ok,2.46887459261,0,0,0,0
116,WLNM_dir_neg,0.7695703125,0.655784736915,00:00:03,10,20,16,506381362,fixed,validated_v2,/gpfs/scratch/acw792/wlnm_roleonly_v2_20260910/result_wlnm_dir_neg_roleonly_trophicv2_100x290_train10-90_Apocrita_20260910_011848/ecological_snapshots/Broadstone_Stream_tax_mass_K10_ratio0.2_exp16_seed506381362_threshold0.5_validated_v2.mat,role_only,2,uniform_without_replacement,uniform_remaining_nonlinks,176,0,176,407,198,198,176,22,0,22,0.111111111111,38,160,0.5,0.725490196078,0.4625,0.564885496183,37,14,43,146,0.4625,0.9125,0.0875,0.5375,0.725490196078,0.4625,0.564885496183,0.7625,0.595833333333,0.412371134021,0.432135815701,0.375,99,19,80,0,99,0,19,0,80,23,99,0.195652173913,2.18974518502,8.60869565217,6.6,4.5,4.59979377438,0.534319478842,0.291611769873,4.28989068105,0.996641269334,0.541062801932,2.91445898002,0.677096530713,0.355731225296,1.07629584498,0.491516479791,2.88826011686,2.18974518502,1.07629584498,2.88826011686,0.351612638569,0.458912768647,121,0.0683229813665,0.291765337837,23,23,23,1,0,0.347826086957,0.608695652174,0.0434782608696,23,0.0375494071146,1.56280193237,1.65217391304,1.9,1.26666666667,1.26522350351,0.765793173177,0.418764302059,1.1140496934,1.34858647096,0.66819221968,0.886882892395,1.07359508027,0.471395881007,0.692533602937,0.443135875759,1.94444444444,1.71913580247,0.708254121477,1.94444444444,0.111111111111,0.1,1,0.000564652738566,0.0592592592593,23,18,18,0.782608695652,0,0.347826086957,0.304347826087,0.130434782609,23,70,0.138339920949,3.11116208356,6.08695652174,3.68421052632,4.375,4.07780069376,0.669924399689,0.374534161491,3.48344475366,1.14456041906,0.555279503106,3.05224598183,1.0028808226,0.519254658385,1.53588983184,0.493670786219,5,3.20712399644,1.49980110058,5,0.390402807069,0.429435483871,71,0.0400903444382,0.185884940271,23,22,22,0.95652173913,0,0.130434782609,0.565217391304,0.260869565217,-29,-0.0573122529644,0.921416898531,-2.52173913043,-2.91578947368,-0.125,-0.521993080618,0.135604920847,0.082922391618,-0.806445927391,0.147919149724,0.0142167011732,0.137787001805,0.325784291889,0.163523433089,0.45959398686,0.00215430642766,2.11173988314,1.01737881142,0.423505255597,2.11173988314,0.0387901685003,-0.0294772847763,-50,-0.0282326369283,-0.105880397566,-0.217391304348,-0.0434782608696,0.217391304348,56,14,43,393,0.565656565657,0.965601965602,0.034398034398,0.434343434343,0.8,0.565656565657,0.662721893491,0.610419578325,0.531258531259,0.495575221239,51,80,0,23,23,23,1,0,8,0,0.0386050732335,0,0,1,3.88826011686,0,16,NaN,1,ok,2.18974518502,0,23,18,18,0.782608695652,0,8,0,0.0739726027397,0,0,1,2.94444444444,0,16,NaN,1,ok,1.71913580247,0,23,22,22,0.95652173913,0,3,0,0.00890769471024,0,0,1,6,0,16,NaN,1,ok,3.20712399644,0,0,0,0
117,WLNM_dir_neg,0.6541796875,0.602344558838,00:00:02,10,20,17,506381363,fixed,validated_v2,/gpfs/scratch/acw792/wlnm_roleonly_v2_20260910/result_wlnm_dir_neg_roleonly_trophicv2_100x290_train10-90_Apocrita_20260910_011848/ecological_snapshots/Broadstone_Stream_tax_mass_K10_ratio0.2_exp17_seed506381363_threshold0.5_validated_v2.mat,role_only,2,uniform_without_replacement,uniform_remaining_nonlinks,176,0,176,407,198,198,176,22,0,22,0.111111111111,38,160,0.5,0.8,0.4,0.533333333333,32,8,48,152,0.4,0.95,0.05,0.6,0.8,0.4,0.533333333333,0.766666666667,0.611111111111,0.4,0.442718872424,0.35,99,19,80,0,99,0,19,0,80,23,99,0.195652173913,2.18974518502,8.60869565217,6.6,4.5,4.59979377438,0.534319478842,0.291611769873,4.28989068105,0.996641269334,0.541062801932,2.91445898002,0.677096530713,0.355731225296,1.07629584498,0.491516479791,2.88826011686,2.18974518502,1.07629584498,2.88826011686,0.351612638569,0.458912768647,121,0.0683229813665,0.291765337837,23,23,23,1,0,0.347826086957,0.608695652174,0.0434782608696,23,0.0375494071146,1.62862318841,1.65217391304,1.9,1.46153846154,1.49571192086,0.905299320519,0.443935926773,1.19286415873,1.44399345531,0.691075514874,0.886882892395,1.07359508027,0.553775743707,0.783844232518,0.481292565462,2,1.79166666667,0.827322068819,2,0,0,0,0,0.0551851851852,23,17,17,0.739130434783,0,0.391304347826,0.173913043478,0.260869565217,23,59,0.116600790514,2.08195307108,5.13043478261,4.21428571429,2.68181818182,3.52012845615,0.686126732979,0.375092114959,3.3142404444,1.29199203765,0.642593957259,1.90277517318,0.741759813275,0.389093588799,1.0417820033,0.500386880843,2.78571428571,2.08195307108,1.0417820033,2.78571428571,0.30677830941,0.334285714286,39,0.0220214568041,0.134295771384,23,23,23,1,0,0.391304347826,0.565217391304,0.0434782608696,-40,-0.0790513833992,-0.107792113941,-3.47826086957,-2.38571428571,-1.81818181818,-1.07966531822,0.151807254137,0.0834803450868,-0.975650236644,0.295350768315,0.101531155326,-1.01168380684,0.0646632825622,0.0333623635024,-0.0345138416828,0.00887040105151,-0.102545831144,-0.107792113941,-0.0345138416828,-0.102545831144,-0.0448343291593,-0.124627054362,-82,-0.0463015245624,-0.157469566453,0.0434782608696,-0.0434782608696,0,51,8,48,399,0.515151515152,0.980343980344,0.019656019656,0.484848484848,0.864406779661,0.515151515152,0.645569620253,0.612455790741,0.495495495495,0.476635514019,40,80,0,23,23,23,1,0,8,0,0.0386050732335,0,0,1,3.88826011686,0,16,NaN,1,ok,2.18974518502,0,23,17,17,0.739130434783,0,8,0,0.0884792626728,0,0,1,3,0,16,NaN,1,ok,1.79166666667,0,23,23,23,1,0,9,0,0.0315993496682,0,0,1,3.78571428571,0,16,NaN,1,ok,2.08195307108,0,0,0,0
118,WLNM_dir_neg,0.789609375,0.704659906417,00:00:01,10,20,18,506381364,fixed,validated_v2,/gpfs/scratch/acw792/wlnm_roleonly_v2_20260910/result_wlnm_dir_neg_roleonly_trophicv2_100x290_train10-90_Apocrita_20260910_011848/ecological_snapshots/Broadstone_Stream_tax_mass_K10_ratio0.2_exp18_seed506381364_threshold0.5_validated_v2.mat,role_only,2,uniform_without_replacement,uniform_remaining_nonlinks,176,0,176,407,198,198,176,22,0,22,0.111111111111,38,160,0.5,0.866666666667,0.4875,0.624,39,6,41,154,0.4875,0.9625,0.0375,0.5125,0.866666666667,0.4875,0.624,0.804166666667,0.604166666667,0.505263157895,0.543492976389,0.45,99,19,80,0,99,0,19,0,80,23,99,0.195652173913,2.18974518502,8.60869565217,6.6,4.5,4.59979377438,0.534319478842,0.291611769873,4.28989068105,0.996641269334,0.541062801932,2.91445898002,0.677096530713,0.355731225296,1.07629584498,0.491516479791,2.88826011686,2.18974518502,1.07629584498,2.88826011686,0.351612638569,0.458912768647,121,0.0683229813665,0.291765337837,23,23,23,1,0,0.347826086957,0.608695652174,0.0434782608696,23,0.0375494071146,1.60434782609,1.65217391304,1.9,1.46153846154,1.46500684616,0.886714670043,0.450800915332,1.230379613,1.48940689995,0.681922196796,0.834057656228,1.00964874175,0.530892448513,0.781884821133,0.487353682549,2.3,1.86,0.8347796972,2.3,0.0948717948718,0.0833333333333,1,0.000564652738566,0.0444444444444,23,15,15,0.652173913043,0,0.304347826087,0.260869565217,0.173913043478,23,64,0.126482213439,1.79947638523,5.5652173913,5.81818181818,3.36842105263,3.9637687181,0.712239691534,0.395380434783,3.65509012125,1.31354801232,0.661684782609,2.39234616185,0.859749401914,0.470108695652,0.909623269763,0.505493307513,2.44547633313,1.83581622093,0.913780830049,2.44547633313,0.437883032001,0.483870967742,65,0.0367024280068,0.222252419298,23,22,22,0.95652173913,0,0.478260869565,0.347826086957,0.130434782609,-35,-0.0691699604743,-0.39026879979,-3.04347826087,-0.781818181818,-1.13157894737,-0.636025056277,0.177920212692,0.10376866491,-0.634800559796,0.31690674299,0.120621980676,-0.522112818178,0.182652871201,0.114377470356,-0.16667257522,0.0139768277215,-0.442783783724,-0.353928964098,-0.162515014934,-0.442783783724,0.0862703934315,0.0249581990947,-56,-0.0316205533597,-0.0695129185389,0.130434782609,-0.260869565217,0.0869565217391,58,6,41,401,0.585858585859,0.985257985258,0.014742014742,0.414141414141,0.90625,0.585858585859,0.711656441718,0.681613905425,0.571116571117,0.552380952381,45,80,0,23,23,23,1,0,8,0,0.0386050732335,0,0,1,3.88826011686,0,16,NaN,1,ok,2.18974518502,0,23,15,15,0.652173913043,0,6,0,0.123076923077,0,0,1,3.3,0,16,NaN,1,ok,1.86,0,23,22,22,0.95652173913,0,11,0,0.0838922605619,0,0,1,3.44547633313,0,16,NaN,1,ok,1.83581622093,0,0,0,0
119,WLNM_dir_neg,0.61234375,0.490721527453,00:00:03,10,20,19,506381365,fixed,validated_v2,/gpfs/scratch/acw792/wlnm_roleonly_v2_20260910/result_wlnm_dir_neg_roleonly_trophicv2_100x290_train10-90_Apocrita_20260910_011848/ecological_snapshots/Broadstone_Stream_tax_mass_K10_ratio0.2_exp19_seed506381365_threshold0.5_validated_v2.mat,role_only,2,uniform_without_replacement,uniform_remaining_nonlinks,176,0,176,407,198,198,176,22,0,22,0.111111111111,38,160,0.5,0.577777777778,0.325,0.416,26,19,54,141,0.325,0.88125,0.11875,0.675,0.577777777778,0.325,0.416,0.695833333333,0.604166666667,0.231578947368,0.249100947512,0.20625,99,19,80,0,99,0,19,0,80,23,99,0.195652173913,2.18974518502,8.60869565217,6.6,4.5,4.59979377438,0.534319478842,0.291611769873,4.28989068105,0.996641269334,0.541062801932,2.91445898002,0.677096530713,0.355731225296,1.07629584498,0.491516479791,2.88826011686,2.18974518502,1.07629584498,2.88826011686,0.351612638569,0.458912768647,121,0.0683229813665,0.291765337837,23,23,23,1,0,0.347826086957,0.608695652174,0.0434782608696,23,0.0375494071146,1.68260869565,1.65217391304,1.58333333333,1.72727272727,1.49571192086,0.905299320519,0.453089244851,1.19286415873,1.44399345531,0.636155606407,1.15412989316,1.3971046075,0.663615560641,0.764348905286,0.454264207276,2.6,1.86470588235,0.784969088938,2.6,0.062962962963,0.0810810810811,1,0.000564652738566,0.0835858585859,23,17,17,0.739130434783,0,0.304347826087,0.173913043478,0.347826086957,23,64,0.126482213439,1,5.5652173913,3.2,3.76470588235,4.14318813296,0.744479117642,0.370923913043,2.66213382867,0.956704344678,0.466032608696,3.93072421894,1.41260401618,0.620923913043,0,0,0,NaN,NaN,NaN,0.640131227316,0.374149659864,55,0.0310559006211,0.306383426515,23,23,0,1,7,0.130434782609,0.608695652174,0.260869565217,-35,-0.0691699604743,-1.18974518502,-3.04347826087,-3.4,-0.735294117647,-0.456605641413,0.2101596388,0.0793121431708,-1.62775685238,-0.0399369246566,-0.0750301932367,1.01626523892,0.735507485469,0.265192687747,-1.07629584498,-0.491516479791,-2.88826011686,NaN,NaN,NaN,0.288518588747,-0.0847631087833,-66,-0.0372670807453,0.0146180886782,-0.217391304348,0,0.217391304348,45,19,54,388,0.454545454545,0.953316953317,0.046683046683,0.545454545455,0.703125,0.454545454545,0.552147239264,0.486773984084,0.407862407862,0.381355932203,45,80,0,23,23,23,1,0,8,0,0.0386050732335,0,0,1,3.88826011686,0,16,NaN,1,ok,2.18974518502,0,23,17,17,0.739130434783,0,6,0,0.0492206726825,0,0,1,3.6,0,16,NaN,1,ok,1.86470588235,0,23,23,0,1,7,3,14,NaN,NaN,NaN,NaN,NaN,0,0,NaN,0,basal_unreachable_in_lcc,NaN,2,0,0,0
120,WLNM_dir_neg,0.6479296875,0.512803875269,00:00:01,10,20,20,506381366,fixed,validated_v2,/gpfs/scratch/acw792/wlnm_roleonly_v2_20260910/result_wlnm_dir_neg_roleonly_trophicv2_100x290_train10-90_Apocrita_20260910_011848/ecological_snapshots/Broadstone_Stream_tax_mass_K10_ratio0.2_exp20_seed506381366_threshold0.5_validated_v2.mat,role_only,2,uniform_without_replacement,uniform_remaining_nonlinks,176,0,176,407,198,198,176,22,0,22,0.111111111111,38,160,0.5,0.612244897959,0.375,0.46511627907,30,19,50,141,0.375,0.88125,0.11875,0.625,0.612244897959,0.375,0.46511627907,0.7125,0.598611111111,0.283737024221,0.299677498771,0.25625,99,19,80,0,99,0,19,0,80,23,99,0.195652173913,2.18974518502,8.60869565217,6.6,4.5,4.59979377438,0.534319478842,0.291611769873,4.28989068105,0.996641269334,0.541062801932,2.91445898002,0.677096530713,0.355731225296,1.07629584498,0.491516479791,2.88826011686,2.18974518502,1.07629584498,2.88826011686,0.351612638569,0.458912768647,121,0.0683229813665,0.291765337837,23,23,23,1,0,0.347826086957,0.608695652174,0.0434782608696,23,0.0375494071146,1.52173913043,1.65217391304,2.11111111111,1.46153846154,1.3351436985,0.808113291199,0.439359267735,1.26678454482,1.53347602794,0.713958810069,0.886882892395,1.07359508027,0.553775743707,0.718715091952,0.472298488997,2,1.6875,0.777281587757,2,0,0,0,0,0.0835978835979,23,16,16,0.695652173913,0,0.391304347826,0.173913043478,0.217391304348,23,68,0.134387351779,2.67637409757,5.91304347826,3.57894736842,3.2380952381,3.36982658683,0.569897143361,0.308184143223,3.14032802093,1.06216977179,0.523017902813,2.3056898173,0.779865673498,0.401534526854,1.04875508537,0.391856686373,3.18418987169,2.75257292019,1.00616081249,3.18418987169,0.530266955267,0.367205542725,53,0.029926595144,0.186264022391,23,22,22,0.95652173913,0,0.130434782609,0.782608695652,0.0434782608696,-31,-0.0612648221344,0.486628912545,-2.69565217391,-3.02105263158,-1.2619047619,-1.22996718755,0.0355776645189,0.0165723733499,-1.14956266012,0.0655285024517,-0.0180448991191,-0.608769162725,0.102769142785,0.0458033015578,-0.0275407596159,-0.0996597934186,0.295929754832,0.562827735162,-0.0701350324946,0.295929754832,0.178654316698,-0.0917072259221,-68,-0.0383963862225,-0.105501315446,-0.217391304348,0.173913043478,0,49,19,50,388,0.494949494949,0.953316953317,0.046683046683,0.505050505051,0.720588235294,0.494949494949,0.586826347305,0.521386190762,0.448266448266,0.415254237288,49,80,0,23,23,23,1,0,8,0,0.0386050732335,0,0,1,3.88826011686,0,16,NaN,1,ok,2.18974518502,0,23,16,16,0.695652173913,0,8,0,0.0888888888889,0,0,1,3,0,16,NaN,1,ok,1.6875,0,23,22,22,0.95652173913,0,3,0,0.00722082522638,0,0,1,4.18418987169,0,16,NaN,1,ok,2.75257292019,0,0,0,0
121,WLNM_dir_neg,0.645234375,0.492899139495,00:00:03,10,20,21,506381367,fixed,validated_v2,/gpfs/scratch/acw792/wlnm_roleonly_v2_20260910/result_wlnm_dir_neg_roleonly_trophicv2_100x290_train10-90_Apocrita_20260910_011848/ecological_snapshots/Broadstone_Stream_tax_mass_K10_ratio0.2_exp21_seed506381367_threshold0.5_validated_v2.mat,role_only,2,uniform_without_replacement,uniform_remaining_nonlinks,176,0,176,407,198,198,176,22,0,22,0.111111111111,38,160,0.5,0.54347826087,0.3125,0.396825396825,25,21,55,139,0.3125,0.86875,0.13125,0.6875,0.54347826087,0.3125,0.396825396825,0.683333333333,0.602777777778,0.202797202797,0.217071705904,0.18125,99,19,80,0,99,0,19,0,80,23,99,0.195652173913,2.18974518502,8.60869565217,6.6,4.5,4.59979377438,0.534319478842,0.291611769873,4.28989068105,0.996641269334,0.541062801932,2.91445898002,0.677096530713,0.355731225296,1.07629584498,0.491516479791,2.88826011686,2.18974518502,1.07629584498,2.88826011686,0.351612638569,0.458912768647,121,0.0683229813665,0.291765337837,23,23,23,1,0,0.347826086957,0.608695652174,0.0434782608696,23,0.0375494071146,1.63224637681,1.65217391304,1.9,1.35714285714,1.52579921389,0.923510050512,0.455377574371,1.19286415873,1.44399345531,0.691075514874,0.777652289268,0.941368560693,0.494279176201,0.799369639389,0.489735894498,2,1.79656862745,0.846495321939,2,0,0,0,0,0.0314814814815,23,17,17,0.739130434783,0,0.391304347826,0.217391304348,0.217391304348,23,65,0.128458498024,2.78097785525,5.65217391304,3.42105263158,3.09523809524,2.69019593156,0.475957741738,0.262876254181,2.56996947122,0.909373812893,0.477591973244,2.16694535554,0.766765279654,0.366555183946,1.08596777968,0.390498535482,3.38713266163,2.86193139413,1.03806399074,3.38713266163,0.389321789322,0.29057591623,37,0.0208921513269,0.147000627702,23,22,22,0.95652173913,0,0.130434782609,0.782608695652,0.0434782608696,-34,-0.0671936758893,0.591232670226,-2.95652173913,-3.17894736842,-1.40476190476,-1.90959784281,-0.0583617371037,-0.028735515692,-1.71992120983,-0.0872674564409,-0.0634708286882,-0.747513624481,0.0896687489412,0.01082395865,0.00967193469914,-0.10101794431,0.498872544771,0.672186209101,-0.0382318542443,0.498872544771,0.0377091507526,-0.168336852417,-84,-0.0474308300395,-0.144764710134,-0.217391304348,0.173913043478,0,44,21,55,386,0.444444444444,0.948402948403,0.0515970515971,0.555555555556,0.676923076923,0.444444444444,0.536585365854,0.465760553421,0.392847392847,0.366666666667,46,80,0,23,23,23,1,0,8,0,0.0386050732335,0,0,1,3.88826011686,0,16,NaN,1,ok,2.18974518502,0,23,17,17,0.739130434783,0,8,0,0.101170960187,0,0,1,3,0,16,NaN,1,ok,1.79656862745,0,23,22,22,0.95652173913,0,3,0,0.0180596306303,0,0,1,4.38713266163,0,16,NaN,1,ok,2.86193139413,0,0,0,0
122,WLNM_dir_neg,0.7230078125,0.480040278958,00:00:02,10,20,22,506381368,fixed,validated_v2,/gpfs/scratch/acw792/wlnm_roleonly_v2_20260910/result_wlnm_dir_neg_roleonly_trophicv2_100x290_train10-90_Apocrita_20260910_011848/ecological_snapshots/Broadstone_Stream_tax_mass_K10_ratio0.2_exp22_seed506381368_threshold0.5_validated_v2.mat,role_only,2,uniform_without_replacement,uniform_remaining_nonlinks,176,0,176,407,198,198,176,22,0,22,0.111111111111,38,160,0.5,0.647058823529,0.55,0.594594594595,44,24,36,136,0.55,0.85,0.15,0.45,0.647058823529,0.55,0.594594594595,0.75,0.572222222222,0.415584415584,0.418452624773,0.4,99,19,80,0,99,0,19,0,80,23,99,0.195652173913,2.18974518502,8.60869565217,6.6,4.5,4.59979377438,0.534319478842,0.291611769873,4.28989068105,0.996641269334,0.541062801932,2.91445898002,0.677096530713,0.355731225296,1.07629584498,0.491516479791,2.88826011686,2.18974518502,1.07629584498,2.88826011686,0.351612638569,0.458912768647,121,0.0683229813665,0.291765337837,23,23,23,1,0,0.347826086957,0.608695652174,0.0434782608696,23,0.0375494071146,1.96376811594,1.65217391304,1.72727272727,1.58333333333,1.3351436985,0.808113291199,0.418764302059,0.936733876686,1.13394100862,0.576659038902,0.984062724952,1.19123382494,0.604118993135,1.24616231264,0.634577118613,3.5,2.44047619048,1.37220133652,3.5,0.284848484848,0.28125,3,0.0016939582157,0.0727272727273,23,14,14,0.608695652174,0,0.347826086957,0.173913043478,0.304347826087,23,87,0.171936758893,4.3345148067,7.5652173913,4.35,4.35,4.48052439054,0.592253224037,0.313343328336,3.3160288646,0.876651309031,0.451774112944,3.76535066264,0.995437531503,0.454772613693,1.50507908226,0.347231270254,5.34818706365,4.3345148067,1.50507908226,5.34818706365,0.478841793128,0.386685552408,91,0.0513833992095,0.3237374476,23,23,23,1,0,0.130434782609,0.739130434783,0.130434782609,-12,-0.0237154150198,2.14476962167,-1.04347826087,-2.25,-0.15,-0.119269383837,0.0579337451952,0.0217315584632,-0.973861816452,-0.119989960303,-0.0892886889888,0.850891682616,0.31834100079,0.0990413883967,0.428783237279,-0.144285209538,2.45992694679,2.14476962167,0.428783237279,2.45992694679,0.127229154558,-0.0722272162393,-30,-0.016939582157,0.0319721097635,-0.217391304348,0.130434782609,0.0869565217391,63,24,36,383,0.636363636364,0.941031941032,0.0589680589681,0.363636363636,0.724137931034,0.636363636364,0.677419354839,0.607046021525,0.577395577396,0.512195121951,68,80,0,23,23,23,1,0,8,0,0.0386050732335,0,0,1,3.88826011686,0,16,NaN,1,ok,2.18974518502,0,23,14,14,0.608695652174,0,5,0,0.043956043956,0,0,1,4.5,0,16,NaN,1,ok,2.44047619048,0,23,23,23,1,0,3,0,0.00702673897865,0,0,1,6.34818706365,0,16,NaN,1,ok,4.3345148067,0,0,0,0
123,WLNM_dir_neg,0.784921875,0.721887335036,00:00:01,10,20,23,506381369,fixed,validated_v2,/gpfs/scratch/acw792/wlnm_roleonly_v2_20260910/result_wlnm_dir_neg_roleonly_trophicv2_100x290_train10-90_Apocrita_20260910_011848/ecological_snapshots/Broadstone_Stream_tax_mass_K10_ratio0.2_exp23_seed506381369_threshold0.5_validated_v2.mat,role_only,2,uniform_without_replacement,uniform_remaining_nonlinks,176,0,176,407,198,198,176,22,0,22,0.111111111111,38,160,0.5,0.642857142857,0.675,0.658536585366,54,30,26,130,0.675,0.8125,0.1875,0.325,0.642857142857,0.675,0.658536585366,0.766666666667,0.55,0.481481481481,0.48181205583,0.4875,99,19,80,0,99,0,19,0,80,23,99,0.195652173913,2.18974518502,8.60869565217,6.6,4.5,4.59979377438,0.534319478842,0.291611769873,4.28989068105,0.996641269334,0.541062801932,2.91445898002,0.677096530713,0.355731225296,1.07629584498,0.491516479791,2.88826011686,2.18974518502,1.07629584498,2.88826011686,0.351612638569,0.458912768647,121,0.0683229813665,0.291765337837,23,23,23,1,0,0.347826086957,0.608695652174,0.0434782608696,23,0.0375494071146,1.64492753623,1.65217391304,1.72727272727,1.46153846154,1.30065352986,0.787237662811,0.398169336384,1.02921743939,1.24589479505,0.631578947368,0.984062724952,1.19123382494,0.572082379863,0.836817485842,0.508726048662,3.16666666667,1.78888888889,0.950076577253,3.16666666667,0.06,0.0967741935484,1,0.000564652738566,0.0727272727273,23,15,15,0.652173913043,0,0.391304347826,0.173913043478,0.304347826087,23,103,0.203557312253,16.9465421186,8.95652173913,4.68181818182,4.90476190476,5.66872008056,0.632915348801,0.304347826087,3.47549296984,0.77608095443,0.421274799493,4.15462026727,0.927730739293,0.445757703672,3.738437086,0.220601764055,18.464349147,16.9465421186,3.738437086,18.464349147,0.482214569057,0.413400758534,109,0.0615471485037,0.277538077815,23,23,23,1,0,0.0434782608696,0.869565217391,0.0869565217391,4,0.00790513833992,14.7567969336,0.347826086957,-1.91818181818,0.404761904762,1.06892630619,0.0985958699589,0.0127360562143,-0.814397711208,-0.220560314904,-0.119788002439,1.24016128725,0.250634208581,0.090026478376,2.66214124102,-0.270914715736,15.5760890301,14.7567969336,2.66214124102,15.5760890301,0.130601930488,-0.0455120101138,-12,-0.00677583286279,-0.0142272600218,-0.304347826087,0.260869565217,0.0434782608696,73,30,26,377,0.737373737374,0.92628992629,0.0737100737101,0.262626262626,0.708737864078,0.737373737374,0.722772277228,0.653870443507,0.663663663664,0.565891472868,84,80,0,23,23,23,1,0,8,0,0.0386050732335,0,0,1,3.88826011686,0,16,NaN,1,ok,2.18974518502,0,23,15,15,0.652173913043,0,7,0,0.0634920634921,0,0,1,4.16666666667,0,16,NaN,1,ok,1.78888888889,0,23,23,23,1,0,1,0,0.000938947317004,0,0,1,19.464349147,0,16,NaN,1,ok,16.9465421186,0,0,0,0
124,WLNM_dir_neg,0.61609375,0.445987999001,00:00:02,10,20,24,506381370,fixed,validated_v2,/gpfs/scratch/acw792/wlnm_roleonly_v2_20260910/result_wlnm_dir_neg_roleonly_trophicv2_100x290_train10-90_Apocrita_20260910_011848/ecological_snapshots/Broadstone_Stream_tax_mass_K10_ratio0.2_exp24_seed506381370_threshold0.5_validated_v2.mat,role_only,2,uniform_without_replacement,uniform_remaining_nonlinks,176,0,176,407,198,198,176,22,0,22,0.111111111111,38,160,0.5,0.639344262295,0.4875,0.553191489362,39,22,41,138,0.4875,0.8625,0.1375,0.5125,0.639344262295,0.4875,0.553191489362,0.7375,0.581944444444,0.372093023256,0.378949724948,0.35,99,19,80,0,99,0,19,0,80,23,99,0.195652173913,2.18974518502,8.60869565217,6.6,4.5,4.59979377438,0.534319478842,0.291611769873,4.28989068105,0.996641269334,0.541062801932,2.91445898002,0.677096530713,0.355731225296,1.07629584498,0.491516479791,2.88826011686,2.18974518502,1.07629584498,2.88826011686,0.351612638569,0.458912768647,121,0.0683229813665,0.291765337837,23,23,23,1,0,0.347826086957,0.608695652174,0.0434782608696,23,0.0375494071146,1.73913043478,1.65217391304,1.72727272727,1.72727272727,1.43364429632,0.86773207409,0.453089244851,0.936733876686,1.13394100862,0.576659038902,1.07247267026,1.29825639032,0.645308924485,0.877361297214,0.504482745898,2.5,2,0.912870929175,2.5,0,0,0,0,0.0757575757576,23,16,16,0.695652173913,0,0.304347826087,0.173913043478,0.304347826087,23,80,0.158102766798,3.57689671807,6.95652173913,4.21052631579,3.63636363636,3.71089625133,0.533441336129,0.289673913043,2.95218817486,0.848754100271,0.446739130435,3.18903754671,0.916848294678,0.447826086957,1.26605351088,0.353953052231,3.89250361862,3.57689671807,1.26605351088,3.89250361862,0.224704840614,0.215139442231,36,0.0203274985884,0.258476643564,23,23,23,1,0,0.173913043478,0.782608695652,0.0434782608696,-19,-0.0375494071146,1.38715153304,-1.65217391304,-2.38947368421,-0.863636363636,-0.888897523046,-0.000878142712958,-0.00193785682916,-1.33770250619,-0.147887169063,-0.0943236714976,0.274578566683,0.239751763966,0.0920948616601,0.189757665892,-0.13756342756,1.00424350176,1.38715153304,0.189757665892,1.00424350176,-0.126907797955,-0.243773326416,-85,-0.0479954827781,-0.0332886942724,-0.173913043478,0.173913043478,0,58,22,41,385,0.585858585859,0.945945945946,0.0540540540541,0.414141414141,0.725,0.585858585859,0.648044692737,0.578251865791,0.531804531805,0.479338842975,61,80,0,23,23,23,1,0,8,0,0.0386050732335,0,0,1,3.88826011686,0,16,NaN,1,ok,2.18974518502,0,23,16,16,0.695652173913,0,6,0,0.0846560846561,0,0,1,3.5,0,16,NaN,1,ok,2,0,23,23,23,1,0,4,0,0.0107249858813,0,0,1,4.89250361862,0,16,NaN,1,ok,3.57689671807,0,0,0,0
125,WLNM_dir_neg,0.735703125,0.691686262043,00:00:02,10,20,25,506381371,fixed,validated_v2,/gpfs/scratch/acw792/wlnm_roleonly_v2_20260910/result_wlnm_dir_neg_roleonly_trophicv2_100x290_train10-90_Apocrita_20260910_011848/ecological_snapshots/Broadstone_Stream_tax_mass_K10_ratio0.2_exp25_seed506381371_threshold0.5_validated_v2.mat,role_only,2,uniform_without_replacement,uniform_remaining_nonlinks,176,0,176,407,198,198,176,22,0,22,0.111111111111,38,160,0.5,0.923076923077,0.45,0.605042016807,36,3,44,157,0.45,0.98125,0.01875,0.55,0.923076923077,0.45,0.605042016807,0.804166666667,0.6125,0.494623655914,0.55106618296,0.43125,99,19,80,0,99,0,19,0,80,23,99,0.195652173913,2.18974518502,8.60869565217,6.6,4.5,4.59979377438,0.534319478842,0.291611769873,4.28989068105,0.996641269334,0.541062801932,2.91445898002,0.677096530713,0.355731225296,1.07629584498,0.491516479791,2.88826011686,2.18974518502,1.07629584498,2.88826011686,0.351612638569,0.458912768647,121,0.0683229813665,0.291765337837,23,23,23,1,0,0.347826086957,0.608695652174,0.0434782608696,23,0.0375494071146,1.68357487923,1.65217391304,1.9,1.46153846154,1.43364429632,0.86773207409,0.469107551487,1.1140496934,1.34858647096,0.66819221968,0.886882892395,1.07359508027,0.553775743707,0.899196046741,0.534099230058,2.47222222222,1.98148148148,0.966802733232,2.47222222222,0.115151515152,0.0857142857143,1,0.000564652738566,0.06,23,15,15,0.652173913043,0,0.304347826087,0.260869565217,0.173913043478,23,58,0.114624505929,1.70490735645,5.04347826087,5.8,2.9,3.56087656304,0.706035870259,0.380809595202,3.35572191417,1.33071731079,0.664167916042,1.80578779629,0.716088264045,0.394302848576,0.877278837142,0.514561001701,2.23818565401,1.73694859992,0.884041557651,2.23818565401,0.32208171945,0.34,34,0.0191981931112,0.213984388886,23,22,22,0.95652173913,0,0.521739130435,0.347826086957,0.0869565217391,-41,-0.0810276679842,-0.484837828577,-3.5652173913,-0.8,-1.6,-1.03891721133,0.171716391417,0.0891978253298,-0.934168766881,0.334076041456,0.12310511411,-1.10867118374,0.0389917333319,0.0385716232793,-0.199017007842,0.0230445219099,-0.650074462849,-0.452796585102,-0.192254287333,-0.650074462849,-0.029530919119,-0.118912768647,-87,-0.0491247882552,-0.0777809489504,0.173913043478,-0.260869565217,0.0434782608696,55,3,44,404,0.555555555556,0.992628992629,0.00737100737101,0.444444444444,0.948275862069,0.555555555556,0.700636942675,0.682635057086,0.548184548185,0.539215686275,39,80,0,23,23,23,1,0,8,0,0.0386050732335,0,0,1,3.88826011686,0,16,NaN,1,ok,2.18974518502,0,23,15,15,0.652173913043,0,6,0,0.0631578947368,0,0,1,3.47222222222,0,16,NaN,1,ok,1.98148148148,0,23,22,22,0.95652173913,0,12,0,0.142523473624,0,0,1,3.23818565401,0,16,NaN,1,ok,1.73694859992,0,0,0,0
126,WLNM_dir_neg,0.6706640625,0.477195111642,00:00:02,10,20,26,506381372,fixed,validated_v2,/gpfs/scratch/acw792/wlnm_roleonly_v2_20260910/result_wlnm_dir_neg_roleonly_trophicv2_100x290_train10-90_Apocrita_20260910_011848/ecological_snapshots/Broadstone_Stream_tax_mass_K10_ratio0.2_exp26_seed506381372_threshold0.5_validated_v2.mat,role_only,2,uniform_without_replacement,uniform_remaining_nonlinks,176,0,176,407,198,198,176,22,0,22,0.111111111111,38,160,0.5,0.525423728814,0.3875,0.446043165468,31,28,49,132,0.3875,0.825,0.175,0.6125,0.525423728814,0.3875,0.446043165468,0.679166666667,0.584722222222,0.227424749164,0.232647626387,0.2125,99,19,80,0,99,0,19,0,80,23,99,0.195652173913,2.18974518502,8.60869565217,6.6,4.5,4.59979377438,0.534319478842,0.291611769873,4.28989068105,0.996641269334,0.541062801932,2.91445898002,0.677096530713,0.355731225296,1.07629584498,0.491516479791,2.88826011686,2.18974518502,1.07629584498,2.88826011686,0.351612638569,0.458912768647,121,0.0683229813665,0.291765337837,23,23,23,1,0,0.347826086957,0.608695652174,0.0434782608696,23,0.0375494071146,1.48188405797,1.65217391304,2.11111111111,1.72727272727,1.49571192086,0.905299320519,0.494279176201,1.30217209842,1.57631359283,0.727688787185,1.07247267026,1.29825639032,0.636155606407,0.638469267975,0.430849677166,1.625,1.72023809524,0.682000845033,1.625,0.242424242424,0.162162162162,2,0.00112930547713,0.087962962963,23,14,14,0.608695652174,0,0.304347826087,0.173913043478,0.217391304348,23,78,0.154150197628,5.01181352229,6.78260869565,3.54545454545,3.9,4.06712453415,0.599640155676,0.326086956522,2.444644061,0.72085658209,0.374581939799,4.19674257268,1.23750101502,0.574136008919,1.4781919924,0.294941538793,6.83665927568,5.01181352229,1.4781919924,6.83665927568,0.411369186369,0.335260115607,58,0.0327498588368,0.273031820272,23,23,23,1,0,0.0434782608696,0.826086956522,0.130434782609,-21,-0.0415019762846,2.82206833726,-1.82608695652,-3.05454545455,-0.6,-0.532669240227,0.0653206768342,0.0344751866491,-1.84524662005,-0.275784687245,-0.166480862133,1.28228359266,0.560404484308,0.218404783622,0.401896147421,-0.196574940999,3.94839915883,2.82206833726,0.401896147421,3.94839915883,0.0597565478,-0.12365265304,-63,-0.0355731225296,-0.0187335175647,-0.304347826087,0.217391304348,0.0869565217391,50,28,49,379,0.505050505051,0.931203931204,0.0687960687961,0.494949494949,0.641025641026,0.505050505051,0.564971751412,0.479275768651,0.436254436254,0.393700787402,59,80,0,23,23,23,1,0,8,0,0.0386050732335,0,0,1,3.88826011686,0,16,NaN,1,ok,2.18974518502,0,23,14,14,0.608695652174,0,6,0,0.093023255814,0,0,1,2.625,0,16,NaN,1,ok,1.72023809524,0,23,23,23,1,0,1,0,0.0067032864724,0,0,1,7.83665927568,0,16,NaN,1,ok,5.01181352229,0,0,0,0
127,WLNM_dir_neg,0.8094140625,0.719401663253,00:00:02,10,20,27,506381373,fixed,validated_v2,/gpfs/scratch/acw792/wlnm_roleonly_v2_20260910/result_wlnm_dir_neg_roleonly_trophicv2_100x290_train10-90_Apocrita_20260910_011848/ecological_snapshots/Broadstone_Stream_tax_mass_K10_ratio0.2_exp27_seed506381373_threshold0.5_validated_v2.mat,role_only,2,uniform_without_replacement,uniform_remaining_nonlinks,176,0,176,407,198,198,176,22,0,22,0.111111111111,38,160,0.5,0.90625,0.3625,0.517857142857,29,3,51,157,0.3625,0.98125,0.01875,0.6375,0.90625,0.3625,0.517857142857,0.775,0.622222222222,0.404411764706,0.476695481131,0.34375,99,19,80,0,99,0,19,0,80,23,99,0.195652173913,2.18974518502,8.60869565217,6.6,4.5,4.59979377438,0.534319478842,0.291611769873,4.28989068105,0.996641269334,0.541062801932,2.91445898002,0.677096530713,0.355731225296,1.07629584498,0.491516479791,2.88826011686,2.18974518502,1.07629584498,2.88826011686,0.351612638569,0.458912768647,121,0.0683229813665,0.291765337837,23,23,23,1,0,0.347826086957,0.608695652174,0.0434782608696,23,0.0375494071146,1.51086956522,1.65217391304,2.11111111111,1.58333333333,1.49571192086,0.905299320519,0.475972540046,1.30217209842,1.57631359283,0.718535469108,0.984062724952,1.19123382494,0.604118993135,0.692813191688,0.458552616081,2,1.71666666667,0.74920592884,2,0.0666666666667,0.0810810810811,1,0.000564652738566,0.0759259259259,23,15,15,0.652173913043,0,0.391304347826,0.130434782609,0.260869565217,23,51,0.100790513834,1.79796390174,4.4347826087,5.1,3.4,3.67826647604,0.829413028911,0.453537936914,2.81160778558,1.26797998173,0.642796248934,2.19413519388,0.98951195018,0.533674339301,0.982682779864,0.546553119843,2.34381808279,1.96595630211,1.00447462137,2.34381808279,0.409251242585,0.463235294118,42,0.0237154150198,0.246705146705,23,19,19,0.826086956522,0,0.391304347826,0.260869565217,0.173913043478,-48,-0.0948616600791,-0.391781283281,-4.17391304348,-1.5,-1.1,-0.921527298335,0.29509355007,0.161926167041,-1.47828289547,0.271338712397,0.101733447002,-0.720323786147,0.312415419467,0.177943114004,-0.0936130651198,0.0550366400518,-0.544442034069,-0.223788882913,-0.0718212236155,-0.544442034069,0.0576386040154,0.00432252547037,-79,-0.0446075663467,-0.0450601911316,0.0434782608696,-0.347826086957,0.130434782609,48,3,51,404,0.484848484848,0.992628992629,0.00737100737101,0.515151515152,0.941176470588,0.484848484848,0.64,0.629182893536,0.477477477477,0.470588235294,32,80,0,23,23,23,1,0,8,0,0.0386050732335,0,0,1,3.88826011686,0,16,NaN,1,ok,2.18974518502,0,23,15,15,0.652173913043,0,7,0,0.102171136654,0,0,1,3,0,16,NaN,1,ok,1.71666666667,0,23,19,19,0.826086956522,0,9,0,0.103785583454,0,0,1,3.34381808279,0,16,NaN,1,ok,1.96595630211,0,0,0,0
128,WLNM_dir_neg,0.8114453125,0.663508990425,00:00:00,10,20,28,506381374,fixed,validated_v2,/gpfs/scratch/acw792/wlnm_roleonly_v2_20260910/result_wlnm_dir_neg_roleonly_trophicv2_100x290_train10-90_Apocrita_20260910_011848/ecological_snapshots/Broadstone_Stream_tax_mass_K10_ratio0.2_exp28_seed506381374_threshold0.5_validated_v2.mat,role_only,2,uniform_without_replacement,uniform_remaining_nonlinks,176,0,176,407,198,198,176,22,0,22,0.111111111111,38,160,0.5,0.735294117647,0.625,0.675675675676,50,18,30,142,0.625,0.8875,0.1125,0.375,0.735294117647,0.625,0.675675675676,0.8,0.572222222222,0.532467532468,0.53614242549,0.5125,99,19,80,0,99,0,19,0,80,23,99,0.195652173913,2.18974518502,8.60869565217,6.6,4.5,4.59979377438,0.534319478842,0.291611769873,4.28989068105,0.996641269334,0.541062801932,2.91445898002,0.677096530713,0.355731225296,1.07629584498,0.491516479791,2.88826011686,2.18974518502,1.07629584498,2.88826011686,0.351612638569,0.458912768647,121,0.0683229813665,0.291765337837,23,23,23,1,0,0.347826086957,0.608695652174,0.0434782608696,23,0.0375494071146,1.92753623188,1.65217391304,1.72727272727,1.35714285714,1.30065352986,0.787237662811,0.421052631579,1.1140496934,1.34858647096,0.654462242563,0.834057656228,1.00964874175,0.512585812357,1.24704305507,0.646962186466,4.33333333333,2.12280701754,1.29200067995,4.33333333333,0,0,0,0,0.0354545454545,23,19,19,0.826086956522,0,0.347826086957,0.260869565217,0.217391304348,23,87,0.171936758893,5.73557784266,7.5652173913,4.35,4.14285714286,4.25148195506,0.561977499807,0.295352323838,3.88419316226,1.02685566359,0.532733633183,2.69606652432,0.712753219073,0.372813593203,1.98419593581,0.345945254382,6.85671184828,5.73557784266,1.98419593581,6.85671184828,0.429686475141,0.351851851852,76,0.042913608131,0.258320424845,23,23,23,1,0,0.130434782609,0.782608695652,0.0869565217391,-12,-0.0237154150198,3.54583265763,-1.04347826087,-2.25,-0.357142857143,-0.348311819314,0.0276580209654,0.00374055396544,-0.405697518788,0.0302143942515,-0.00832916874896,-0.218392455705,0.0356566883603,0.017082367907,0.907900090823,-0.145571225409,3.96845173143,3.54583265763,0.907900090823,3.96845173143,0.0780738365719,-0.107060916795,-45,-0.0254093732355,-0.0334449129916,-0.217391304348,0.173913043478,0.0434782608696,69,18,30,389,0.69696969697,0.955773955774,0.044226044226,0.30303030303,0.793103448276,0.69696969697,0.741935483871,0.686263374689,0.652743652744,0.589743589744,68,80,0,23,23,23,1,0,8,0,0.0386050732335,0,0,1,3.88826011686,0,16,NaN,1,ok,2.18974518502,0,23,19,19,0.826086956522,0,8,0,0.0893300248139,0,0,1,5.33333333333,0,16,NaN,1,ok,2.12280701754,0,23,23,23,1,0,3,0,0.00257666284348,0,0,1,7.85671184828,0,16,NaN,1,ok,5.73557784266,0,0,0,0
129,WLNM_dir_neg,0.8508984375,0.787714012266,00:00:02,10,20,29,506381375,fixed,validated_v2,/gpfs/scratch/acw792/wlnm_roleonly_v2_20260910/result_wlnm_dir_neg_roleonly_trophicv2_100x290_train10-90_Apocrita_20260910_011848/ecological_snapshots/Broadstone_Stream_tax_mass_K10_ratio0.2_exp29_seed506381375_threshold0.5_validated_v2.mat,role_only,2,uniform_without_replacement,uniform_remaining_nonlinks,176,0,176,407,198,198,176,22,0,22,0.111111111111,38,160,0.5,0.944444444444,0.425,0.586206896552,34,2,46,158,0.425,0.9875,0.0125,0.575,0.944444444444,0.425,0.586206896552,0.8,0.616666666667,0.478260869565,0.544581148637,0.4125,99,19,80,0,99,0,19,0,80,23,99,0.195652173913,2.18974518502,8.60869565217,6.6,4.5,4.59979377438,0.534319478842,0.291611769873,4.28989068105,0.996641269334,0.541062801932,2.91445898002,0.677096530713,0.355731225296,1.07629584498,0.491516479791,2.88826011686,2.18974518502,1.07629584498,2.88826011686,0.351612638569,0.458912768647,121,0.0683229813665,0.291765337837,23,23,23,1,0,0.347826086957,0.608695652174,0.0434782608696,23,0.0375494071146,1.66231884058,1.65217391304,1.9,1.26666666667,1.30065352986,0.787237662811,0.402745995423,1.1140496934,1.34858647096,0.66819221968,0.716822148161,0.86773207409,0.448512585812,0.900634139546,0.541793859012,2.73333333333,1.87380952381,1.04678413284,2.73333333333,0,0,0,0,0.0222222222222,23,14,14,0.608695652174,0,0.434782608696,0.217391304348,0.217391304348,23,55,0.108695652174,1.70702550753,4.78260869565,5.5,3.05555555556,3.54139830805,0.740474191684,0.393675889328,3.24372303541,1.35646599663,0.673517786561,1.72519117346,0.721443581628,0.396837944664,0.898591883222,0.526407999913,2.23057892133,1.7391630306,0.90610824225,2.23057892133,0.317912204754,0.328301886792,29,0.0163749294184,0.176910866911,23,22,22,0.95652173913,0,0.521739130435,0.260869565217,0.173913043478,-44,-0.0869565217391,-0.482719677492,-3.82608695652,-1.1,-1.44444444444,-1.05839546632,0.206154712842,0.102064119455,-1.04616764564,0.359824727291,0.132454984629,-1.18926780657,0.0443470509155,0.0411067193676,-0.177703961762,0.034891520122,-0.657681195532,-0.450582154422,-0.170187602733,-0.657681195532,-0.0337004338149,-0.130610881855,-92,-0.0519480519481,-0.114854470926,0.173913043478,-0.347826086957,0.130434782609,53,2,46,405,0.535353535354,0.995085995086,0.004914004914,0.464646464646,0.963636363636,0.535353535354,0.688311688312,0.676053504109,0.53043953044,0.524752475248,36,80,0,23,23,23,1,0,8,0,0.0386050732335,0,0,1,3.88826011686,0,16,NaN,1,ok,2.18974518502,0,23,14,14,0.608695652174,0,7,0,0.1875,0,0,1,3.73333333333,0,16,NaN,1,ok,1.87380952381,0,23,22,22,0.95652173913,0,12,0,0.136194141608,0,0,1,3.23057892133,0,16,NaN,1,ok,1.7391630306,0,0,0,0
130,WLNM_dir_neg,0.7058203125,0.546875250014,00:00:04,10,20,30,506381376,fixed,validated_v2,/gpfs/scratch/acw792/wlnm_roleonly_v2_20260910/result_wlnm_dir_neg_roleonly_trophicv2_100x290_train10-90_Apocrita_20260910_011848/ecological_snapshots/Broadstone_Stream_tax_mass_K10_ratio0.2_exp30_seed506381376_threshold0.5_validated_v2.mat,role_only,2,uniform_without_replacement,uniform_remaining_nonlinks,176,0,176,407,198,198,176,22,0,22,0.111111111111,38,160,0.5,0.636363636364,0.525,0.575342465753,42,24,38,136,0.525,0.85,0.15,0.475,0.636363636364,0.525,0.575342465753,0.741666666667,0.575,0.392156862745,0.395903791232,0.375,99,19,80,0,99,0,19,0,80,23,99,0.195652173913,2.18974518502,8.60869565217,6.6,4.5,4.59979377438,0.534319478842,0.291611769873,4.28989068105,0.996641269334,0.541062801932,2.91445898002,0.677096530713,0.355731225296,1.07629584498,0.491516479791,2.88826011686,2.18974518502,1.07629584498,2.88826011686,0.351612638569,0.458912768647,121,0.0683229813665,0.291765337837,23,23,23,1,0,0.347826086957,0.608695652174,0.0434782608696,23,0.0375494071146,1.77536231884,1.65217391304,1.9,1.9,1.52579921389,0.923510050512,0.50114416476,1.19286415873,1.44399345531,0.691075514874,1.1140496934,1.34858647096,0.66819221968,1.01951748298,0.574258827151,3,2.11458333333,1.0588581376,3,0.0666666666667,0.0789473684211,1,0.000564652738566,0.0896296296296,23,16,16,0.695652173913,0,0.260869565217,0.173913043478,0.260869565217,23,85,0.167984189723,3.72607697456,7.39130434783,3.86363636364,3.69565217391,3.92820952083,0.531463641053,0.29462915601,3.39029071707,0.917372782266,0.466496163683,3.03666657266,0.821686249073,0.370332480818,1.25465890652,0.336723829134,4.40508064936,3.72607697456,1.25465890652,4.40508064936,0.392396009787,0.336,70,0.0395256916996,0.233264796961,23,23,23,1,0,0.0434782608696,0.95652173913,0,-14,-0.0276679841897,1.53633178953,-1.21739130435,-2.73636363636,-0.804347826087,-0.671584253549,-0.00285583778855,0.00301738613759,-0.899599963978,-0.0792684870684,-0.0745666382495,0.122207592637,0.14458971836,0.014601255522,0.178363061538,-0.154792650657,1.5168205325,1.53633178953,0.178363061538,1.5168205325,0.0407833712182,-0.122912768647,-51,-0.0287972896669,-0.0585005408758,-0.304347826087,0.347826086957,-0.0434782608696,61,24,38,383,0.616161616162,0.941031941032,0.0589680589681,0.383838383838,0.717647058824,0.616161616162,0.663043478261,0.591248942792,0.557193557194,0.49593495935,66,80,0,23,23,23,1,0,8,0,0.0386050732335,0,0,1,3.88826011686,0,16,NaN,1,ok,2.18974518502,0,23,16,16,0.695652173913,0,6,0,0.0553633217993,0,0,1,4,0,16,NaN,1,ok,2.11458333333,0,23,23,23,1,0,1,0,0.00467927471242,0,0,1,5.40508064936,0,16,NaN,1,ok,3.72607697456,0,0,0,0
131,WLNM_dir_neg,0.6459765625,0.580194854253,00:00:02,10,20,31,506381377,fixed,validated_v2,/gpfs/scratch/acw792/wlnm_roleonly_v2_20260910/result_wlnm_dir_neg_roleonly_trophicv2_100x290_train10-90_Apocrita_20260910_011848/ecological_snapshots/Broadstone_Stream_tax_mass_K10_ratio0.2_exp31_seed506381377_threshold0.5_validated_v2.mat,role_only,2,uniform_without_replacement,uniform_remaining_nonlinks,176,0,176,407,198,198,176,22,0,22,0.111111111111,38,160,0.5,0.58064516129,0.45,0.507042253521,36,26,44,134,0.45,0.8375,0.1625,0.55,0.58064516129,0.45,0.507042253521,0.708333333333,0.580555555556,0.304635761589,0.309625690376,0.2875,99,19,80,0,99,0,19,0,80,23,99,0.195652173913,2.18974518502,8.60869565217,6.6,4.5,4.59979377438,0.534319478842,0.291611769873,4.28989068105,0.996641269334,0.541062801932,2.91445898002,0.677096530713,0.355731225296,1.07629584498,0.491516479791,2.88826011686,2.18974518502,1.07629584498,2.88826011686,0.351612638569,0.458912768647,121,0.0683229813665,0.291765337837,23,23,23,1,0,0.347826086957,0.608695652174,0.0434782608696,23,0.0375494071146,1.72463768116,1.65217391304,1.72727272727,1.58333333333,1.46500684616,0.886714670043,0.45995423341,1.02921743939,1.24589479505,0.631578947368,0.936733876686,1.13394100862,0.585812356979,0.872357041126,0.505820469224,2.75,2.04761904762,0.938671937423,2.75,0.0611111111111,0.0833333333333,1,0.000564652738566,0.0666666666667,23,14,14,0.608695652174,0,0.260869565217,0.260869565217,0.217391304348,23,81,0.160079051383,1,7.04347826087,3.85714285714,3.85714285714,4.65616171296,0.661059996284,0.347826086957,2.7776635901,0.788719291016,0.403650026838,3.43603319406,0.975663746461,0.476650563607,0,0,0,NaN,NaN,NaN,0.437666434095,0.364485981308,65,0.0367024280068,0.222540272519,23,23,0,1,7,0.0869565217391,0.826086956522,0.0869565217391,-18,-0.0355731225296,-1.18974518502,-1.5652173913,-2.74285714286,-0.642857142857,0.0563679385827,0.126740517443,0.0562143170839,-1.51222709095,-0.207921978318,-0.137412775094,0.521574214034,0.298567215748,0.120919338311,-1.07629584498,-0.491516479791,-2.88826011686,NaN,NaN,NaN,0.0860537955258,-0.0944267873389,-56,-0.0316205533597,-0.0692250653175,-0.260869565217,0.217391304348,0.0434782608696,55,26,44,381,0.555555555556,0.936117936118,0.0638820638821,0.444444444444,0.679012345679,0.555555555556,0.611111111111,0.531930167894,0.491673491673,0.44,62,80,0,23,23,23,1,0,8,0,0.0386050732335,0,0,1,3.88826011686,0,16,NaN,1,ok,2.18974518502,0,23,14,14,0.608695652174,0,5,0,0.12,0,0,1,3.75,0,16,NaN,1,ok,2.04761904762,0,23,23,0,1,7,2,20,NaN,NaN,NaN,NaN,NaN,0,0,NaN,0,basal_unreachable_in_lcc,NaN,2,0,0,0
132,WLNM_dir_neg,0.708515625,0.572029557314,00:00:01,10,20,32,506381378,fixed,validated_v2,/gpfs/scratch/acw792/wlnm_roleonly_v2_20260910/result_wlnm_dir_neg_roleonly_trophicv2_100x290_train10-90_Apocrita_20260910_011848/ecological_snapshots/Broadstone_Stream_tax_mass_K10_ratio0.2_exp32_seed506381378_threshold0.5_validated_v2.mat,role_only,2,uniform_without_replacement,uniform_remaining_nonlinks,176,0,176,407,198,198,176,22,0,22,0.111111111111,38,160,0.5,0.5625,0.3375,0.421875,27,21,53,139,0.3375,0.86875,0.13125,0.6625,0.5625,0.3375,0.421875,0.691666666667,0.6,0.229166666667,0.243067956033,0.20625,99,19,80,0,99,0,19,0,80,23,99,0.195652173913,2.18974518502,8.60869565217,6.6,4.5,4.59979377438,0.534319478842,0.291611769873,4.28989068105,0.996641269334,0.541062801932,2.91445898002,0.677096530713,0.355731225296,1.07629584498,0.491516479791,2.88826011686,2.18974518502,1.07629584498,2.88826011686,0.351612638569,0.458912768647,121,0.0683229813665,0.291765337837,23,23,23,1,0,0.347826086957,0.608695652174,0.0434782608696,23,0.0375494071146,1.63729977117,1.65217391304,1.9,1.58333333333,1.74795193537,1.05797090825,0.489702517162,1.33662308256,1.61801741573,0.713958810069,0.936733876686,1.13394100862,0.585812356979,0.803306113992,0.4906286119,2.31578947368,1.8048245614,0.892655779478,2.31578947368,0.429523809524,0.195652173913,3,0.0016939582157,0.0653703703704,23,12,12,0.521739130435,0,0.347826086957,0.173913043478,0.260869565217,23,67,0.132411067194,7.56995945715,5.82608695652,3.19047619048,3.94117647059,5.67812528211,0.974603593198,0.412070084361,2.93742378591,1.00836935934,0.446463335496,3.836582801,1.31703588691,0.586632057106,2.18215322415,0.288264849568,8.23511093811,7.56995945715,2.18215322415,8.23511093811,0.759414046175,0.335443037975,53,0.029926595144,0.291735751021,23,23,23,1,0,0.0869565217391,0.652173913043,0.260869565217,-32,-0.0632411067194,5.38021427212,-2.78260869565,-3.40952380952,-0.558823529412,1.07833150774,0.440284114357,0.120458314488,-1.35246689514,0.0117280900077,-0.0945994664359,0.922123820976,0.639939356198,0.230900831809,1.10585737917,-0.203251630223,5.34685082125,5.38021427212,1.10585737917,5.34685082125,0.407801407606,-0.123469730673,-68,-0.0383963862225,-2.95868153011e-05,-0.260869565217,0.0434782608696,0.217391304348,46,21,53,386,0.464646464646,0.948402948403,0.0515970515971,0.535353535354,0.686567164179,0.464646464646,0.55421686747,0.483445085571,0.413049413049,0.383333333333,48,80,0,23,23,23,1,0,8,0,0.0386050732335,0,0,1,3.88826011686,0,16,NaN,1,ok,2.18974518502,0,23,12,12,0.521739130435,0,6,0,0.120158102767,0,0,1,3.31578947368,0,16,NaN,1,ok,1.8048245614,0,23,23,23,1,0,2,0,0.00298451719584,0,0,1,9.23511093811,0,16,NaN,1,ok,7.56995945715,0,0,0,0
133,WLNM_dir_neg,0.7197265625,0.619553892526,00:00:02,10,20,33,506381379,fixed,validated_v2,/gpfs/scratch/acw792/wlnm_roleonly_v2_20260910/result_wlnm_dir_neg_roleonly_trophicv2_100x290_train10-90_Apocrita_20260910_011848/ecological_snapshots/Broadstone_Stream_tax_mass_K10_ratio0.2_exp33_seed506381379_threshold0.5_validated_v2.mat,role_only,2,uniform_without_replacement,uniform_remaining_nonlinks,176,0,176,407,198,198,176,22,0,22,0.111111111111,38,160,0.5,0.903225806452,0.35,0.504504504505,28,3,52,157,0.35,0.98125,0.01875,0.65,0.903225806452,0.35,0.504504504505,0.770833333333,0.623611111111,0.391143911439,0.465593471222,0.33125,99,19,80,0,99,0,19,0,80,23,99,0.195652173913,2.18974518502,8.60869565217,6.6,4.5,4.59979377438,0.534319478842,0.291611769873,4.28989068105,0.996641269334,0.541062801932,2.91445898002,0.677096530713,0.355731225296,1.07629584498,0.491516479791,2.88826011686,2.18974518502,1.07629584498,2.88826011686,0.351612638569,0.458912768647,121,0.0683229813665,0.291765337837,23,23,23,1,0,0.347826086957,0.608695652174,0.0434782608696,23,0.0375494071146,1.54710144928,1.65217391304,1.72727272727,1.35714285714,1.40158013594,0.848324819123,0.432494279176,1.33662308256,1.61801741573,0.677345537757,0.886882892395,1.07359508027,0.521739130435,0.629065608459,0.406609152072,2.08333333333,1.72395833333,0.643139543351,2.08333333333,0.0833333333333,0.0882352941176,1,0.000564652738566,0.0909090909091,23,16,16,0.695652173913,0,0.304347826087,0.304347826087,0.173913043478,23,50,0.098814229249,1.80031282586,4.34782608696,3.84615384615,2.5,3.2418947273,0.74563578728,0.387826086957,2.99472527065,1.3775736245,0.648695652174,1.96912933951,0.905799496176,0.460869565217,0.812001722698,0.451033682054,2.2361835245,1.92035974974,0.804458052691,2.2361835245,0.29024370691,0.289915966387,23,0.012987012987,0.192607214723,23,20,20,0.869565217391,0,0.304347826087,0.565217391304,0,-49,-0.096837944664,-0.389432359165,-4.26086956522,-2.75384615385,-2,-1.35789904707,0.211316308438,0.0962143170839,-1.2951654104,0.380932355163,0.107632850242,-0.945329640511,0.228702965463,0.105138339921,-0.264294122286,-0.0404827977369,-0.652076592353,-0.269385435286,-0.271837792293,-0.652076592353,-0.0613689316588,-0.168996802261,-98,-0.0553359683794,-0.0991581231142,-0.0434782608696,-0.0434782608696,-0.0434782608696,47,3,52,404,0.474747474747,0.992628992629,0.00737100737101,0.525252525253,0.94,0.474747474747,0.630872483221,0.621318407001,0.467376467376,0.460784313725,31,80,0,23,23,23,1,0,8,0,0.0386050732335,0,0,1,3.88826011686,0,16,NaN,1,ok,2.18974518502,0,23,16,16,0.695652173913,0,6,0,0.0555555555556,0,0,1,3.08333333333,0,16,NaN,1,ok,1.72395833333,0,23,20,20,0.869565217391,0,7,0,0.0429533928813,0,0,1,3.2361835245,0,16,NaN,1,ok,1.92035974974,0,0,0,0
134,WLNM_dir_neg,0.777421875,0.693778805136,00:00:02,10,20,34,506381380,fixed,validated_v2,/gpfs/scratch/acw792/wlnm_roleonly_v2_20260910/result_wlnm_dir_neg_roleonly_trophicv2_100x290_train10-90_Apocrita_20260910_011848/ecological_snapshots/Broadstone_Stream_tax_mass_K10_ratio0.2_exp34_seed506381380_threshold0.5_validated_v2.mat,role_only,2,uniform_without_replacement,uniform_remaining_nonlinks,176,0,176,407,198,198,176,22,0,22,0.111111111111,38,160,0.5,0.758064516129,0.5875,0.661971830986,47,15,33,145,0.5875,0.90625,0.09375,0.4125,0.758064516129,0.5875,0.661971830986,0.8,0.580555555556,0.523178807947,0.531748468254,0.49375,99,19,80,0,99,0,19,0,80,23,99,0.195652173913,2.18974518502,8.60869565217,6.6,4.5,4.59979377438,0.534319478842,0.291611769873,4.28989068105,0.996641269334,0.541062801932,2.91445898002,0.677096530713,0.355731225296,1.07629584498,0.491516479791,2.88826011686,2.18974518502,1.07629584498,2.88826011686,0.351612638569,0.458912768647,121,0.0683229813665,0.291765337837,23,23,23,1,0,0.347826086957,0.608695652174,0.0434782608696,23,0.0375494071146,1.61413043478,1.65217391304,1.72727272727,1.35714285714,1.11227431428,0.673218663904,0.363844393593,1.1140496934,1.34858647096,0.654462242563,0.834057656228,1.00964874175,0.512585812357,0.714016571258,0.442353700712,2,1.77205882353,0.739820626114,2,0.115384615385,0.115384615385,1,0.000564652738566,0.0551515151515,23,17,17,0.739130434783,0,0.347826086957,0.260869565217,0.217391304348,23,81,0.160079051383,1,7.04347826087,5.4,3.52173913043,4.7908839654,0.680187229656,0.373590982287,4.34709480016,1.2343602519,0.630166398282,1.67520867675,0.475676537844,0.260869565217,0,0,0,NaN,NaN,NaN,0.547736707737,0.447169811321,79,0.0446075663467,0.123838625582,23,23,0,1,7,0.347826086957,0.652173913043,0,-18,-0.0355731225296,-1.18974518502,-1.5652173913,-1.2,-0.978260869565,0.191090191026,0.145867750814,0.081979212414,0.0572041191131,0.237718982563,0.08910359635,-1.23925030327,-0.201419992869,-0.0948616600791,-1.07629584498,-0.491516479791,-2.88826011686,NaN,NaN,NaN,0.196124069168,-0.0117429573265,-42,-0.0237154150198,-0.167926712254,0,0.0434782608696,-0.0434782608696,66,15,33,392,0.666666666667,0.963144963145,0.036855036855,0.333333333333,0.814814814815,0.666666666667,0.733333333333,0.681378621506,0.629811629812,0.578947368421,62,80,0,23,23,23,1,0,8,0,0.0386050732335,0,0,1,3.88826011686,0,16,NaN,1,ok,2.18974518502,0,23,17,17,0.739130434783,0,7,0,0.053781512605,0,0,1,3,0,16,NaN,1,ok,1.77205882353,0,23,23,0,1,7,8,4,NaN,NaN,NaN,NaN,NaN,0,0,NaN,0,basal_unreachable_in_lcc,NaN,2,0,0,0
135,WLNM_dir_neg,0.8283203125,0.760809951197,00:00:01,10,20,35,506381381,fixed,validated_v2,/gpfs/scratch/acw792/wlnm_roleonly_v2_20260910/result_wlnm_dir_neg_roleonly_trophicv2_100x290_train10-90_Apocrita_20260910_011848/ecological_snapshots/Broadstone_Stream_tax_mass_K10_ratio0.2_exp35_seed506381381_threshold0.5_validated_v2.mat,role_only,2,uniform_without_replacement,uniform_remaining_nonlinks,176,0,176,407,198,198,176,22,0,22,0.111111111111,38,160,0.5,0.918918918919,0.425,0.581196581197,34,3,46,157,0.425,0.98125,0.01875,0.575,0.918918918919,0.425,0.581196581197,0.795833333333,0.615277777778,0.469314079422,0.530334008493,0.40625,99,19,80,0,99,0,19,0,80,23,99,0.195652173913,2.18974518502,8.60869565217,6.6,4.5,4.59979377438,0.534319478842,0.291611769873,4.28989068105,0.996641269334,0.541062801932,2.91445898002,0.677096530713,0.355731225296,1.07629584498,0.491516479791,2.88826011686,2.18974518502,1.07629584498,2.88826011686,0.351612638569,0.458912768647,121,0.0683229813665,0.291765337837,23,23,23,1,0,0.347826086957,0.608695652174,0.0434782608696,23,0.0375494071146,1.50120772947,1.65217391304,2.375,1.1875,1.55530457854,0.941368560693,0.50114416476,1.30217209842,1.57631359283,0.732265446224,0.716822148161,0.86773207409,0.402745995423,0.757004249369,0.504263490328,2.19444444444,1.67810457516,0.812711203766,2.19444444444,0.188888888889,0.153846153846,2,0.00112930547713,0.025,23,17,17,0.739130434783,0,0.391304347826,0.304347826087,0.0434782608696,23,56,0.110671936759,1.55440787893,4.86956521739,6.22222222222,2.66666666667,3.67181337199,0.754033103177,0.414596273292,3.50098800284,1.43790578688,0.695652173913,1.4405203276,0.591642277407,0.324534161491,0.747489271197,0.480883609333,1.9438305709,1.60720862931,0.762200831006,1.9438305709,0.37963089542,0.371428571429,39,0.0220214568041,0.176932789433,23,21,21,0.913043478261,0,0.521739130435,0.391304347826,0,-43,-0.0849802371542,-0.635337306091,-3.73913043478,-0.377777777778,-1.83333333333,-0.927980402386,0.219713624335,0.122984503419,-0.788902678205,0.441264517548,0.154589371981,-1.47393865242,-0.0854542533055,-0.0311970638058,-0.328806573786,-0.0106328704583,-0.944429545955,-0.582536555717,-0.314095013978,-0.944429545955,0.0280182568512,-0.0874841972187,-82,-0.0463015245624,-0.114832548404,0.173913043478,-0.217391304348,-0.0434782608696,53,3,46,404,0.535353535354,0.992628992629,0.00737100737101,0.464646464646,0.946428571429,0.535353535354,0.683870967742,0.667627293026,0.527982527983,0.519607843137,37,80,0,23,23,23,1,0,8,0,0.0386050732335,0,0,1,3.88826011686,0,16,NaN,1,ok,2.18974518502,0,23,17,17,0.739130434783,0,9,0,0.158823529412,0,0,1,3.19444444444,0,16,NaN,1,ok,1.67810457516,0,23,21,21,0.913043478261,0,12,0,0.11427667139,0,0,1,2.9438305709,0,16,NaN,1,ok,1.60720862931,0,0,0,0
136,WLNM_dir_neg,0.5915234375,0.492427905444,00:00:02,10,20,36,506381382,fixed,validated_v2,/gpfs/scratch/acw792/wlnm_roleonly_v2_20260910/result_wlnm_dir_neg_roleonly_trophicv2_100x290_train10-90_Apocrita_20260910_011848/ecological_snapshots/Broadstone_Stream_tax_mass_K10_ratio0.2_exp36_seed506381382_threshold0.5_validated_v2.mat,role_only,2,uniform_without_replacement,uniform_remaining_nonlinks,176,0,176,407,198,198,176,22,0,22,0.111111111111,38,160,0.5,0.666666666667,0.275,0.389380530973,22,11,58,149,0.275,0.93125,0.06875,0.725,0.666666666667,0.275,0.389380530973,0.7125,0.620833333333,0.241758241758,0.282329851287,0.20625,99,19,80,0,99,0,19,0,80,23,99,0.195652173913,2.18974518502,8.60869565217,6.6,4.5,4.59979377438,0.534319478842,0.291611769873,4.28989068105,0.996641269334,0.541062801932,2.91445898002,0.677096530713,0.355731225296,1.07629584498,0.491516479791,2.88826011686,2.18974518502,1.07629584498,2.88826011686,0.351612638569,0.458912768647,121,0.0683229813665,0.291765337837,23,23,23,1,0,0.347826086957,0.608695652174,0.0434782608696,23,0.0375494071146,1.5652173913,1.65217391304,2.375,1.58333333333,1.55530457854,0.941368560693,0.489702517162,1.49703263804,1.81219740395,0.768878718535,0.936733876686,1.13394100862,0.585812356979,0.895751941947,0.572285962911,3,1.8,1.01418510567,3,0.260606060606,0.230769230769,3,0.0016939582157,0.0590986394558,23,15,15,0.652173913043,0,0.391304347826,0.130434782609,0.217391304348,23,52,0.102766798419,1,4.52173913043,4,3.25,3.67880372376,0.813581592754,0.415551839465,3.04835859416,1.34831245511,0.647157190635,1.95906729441,0.866510534066,0.471571906355,0,0,0,NaN,NaN,NaN,0.547274294333,0.431734317343,39,0.0220214568041,0.135869650293,23,20,0,0.869565217391,7,0.304347826087,0.391304347826,0.173913043478,-47,-0.0928853754941,-1.18974518502,-4.08695652174,-2.6,-1.25,-0.920990050618,0.279262113913,0.123940069592,-1.24153208689,0.351671185774,0.106094388703,-0.955391685613,0.189414003354,0.115840681058,-1.07629584498,-0.491516479791,-2.88826011686,NaN,NaN,NaN,0.195661655764,-0.0271784513041,-82,-0.0463015245624,-0.155895687544,-0.0434782608696,-0.217391304348,0.130434782609,41,11,58,396,0.414141414141,0.972972972973,0.027027027027,0.585858585859,0.788461538462,0.414141414141,0.543046357616,0.505736752925,0.387114387114,0.372727272727,33,80,0,23,23,23,1,0,8,0,0.0386050732335,0,0,1,3.88826011686,0,16,NaN,1,ok,2.18974518502,0,23,15,15,0.652173913043,0,8,0,0.09375,0,0,1,4,0,16,NaN,1,ok,1.8,0,23,20,0,0.869565217391,7,7,3,NaN,NaN,NaN,NaN,NaN,0,0,NaN,0,basal_unreachable_in_lcc,NaN,2,0,0,0
137,WLNM_dir_neg,0.768984375,0.671870776802,00:00:01,10,20,37,506381383,fixed,validated_v2,/gpfs/scratch/acw792/wlnm_roleonly_v2_20260910/result_wlnm_dir_neg_roleonly_trophicv2_100x290_train10-90_Apocrita_20260910_011848/ecological_snapshots/Broadstone_Stream_tax_mass_K10_ratio0.2_exp37_seed506381383_threshold0.5_validated_v2.mat,role_only,2,uniform_without_replacement,uniform_remaining_nonlinks,176,0,176,407,198,198,176,22,0,22,0.111111111111,38,160,0.5,0.777777777778,0.525,0.626865671642,42,12,38,148,0.525,0.925,0.075,0.475,0.777777777778,0.525,0.626865671642,0.791666666667,0.591666666667,0.489795918367,0.508000508001,0.45,99,19,80,0,99,0,19,0,80,23,99,0.195652173913,2.18974518502,8.60869565217,6.6,4.5,4.59979377438,0.534319478842,0.291611769873,4.28989068105,0.996641269334,0.541062801932,2.91445898002,0.677096530713,0.355731225296,1.07629584498,0.491516479791,2.88826011686,2.18974518502,1.07629584498,2.88826011686,0.351612638569,0.458912768647,121,0.0683229813665,0.291765337837,23,23,23,1,0,0.347826086957,0.608695652174,0.0434782608696,23,0.0375494071146,1.4384057971,1.65217391304,2.375,1.46153846154,1.55530457854,0.941368560693,0.491990846682,1.46635521906,1.77506158096,0.755148741419,0.936733876686,1.13394100862,0.567505720824,0.651444292497,0.452893261283,2,1.55303030303,0.662772718787,1.58333333333,0.203333333333,0.230769230769,3,0.0016939582157,0.0765306122449,23,11,11,0.478260869565,0,0.391304347826,0.173913043478,0.173913043478,23,73,0.144268774704,5.16008680038,6.34782608696,5.61538461538,3.31818181818,4.16269903321,0.655767655917,0.353186420488,4.05252080824,1.27682162451,0.646813579512,1.33662308256,0.421127820531,0.223942823109,4.61531663981,0.894426163426,12.9628559992,5.16008680038,4.61531663981,12.9628559992,0.586101777011,0.361522198732,57,0.0321852060982,0.136757762317,23,23,23,1,0,0.434782608696,0.521739130435,0.0434782608696,-26,-0.0513833992095,2.97034161536,-2.26086956522,-0.984615384615,-1.18181818182,-0.437094741165,0.121448177075,0.0615746506157,-0.237369872811,0.280180355179,0.105750777579,-1.57783589747,-0.255968710181,-0.131788402187,3.53902079483,0.402909683635,10.0745958824,2.97034161536,3.53902079483,10.0745958824,0.234489138442,-0.0973905699158,-64,-0.0361377752682,-0.155007575519,0.0869565217391,-0.0869565217391,0,61,12,38,395,0.616161616162,0.970515970516,0.029484029484,0.383838383838,0.835616438356,0.616161616162,0.709302325581,0.662382607584,0.586677586678,0.54954954955,54,80,0,23,23,23,1,0,8,0,0.0386050732335,0,0,1,3.88826011686,0,16,NaN,1,ok,2.18974518502,0,23,11,11,0.478260869565,0,6,0,0.205128205128,0,0,1,2.58333333333,0,16,NaN,1,ok,1.55303030303,0,23,23,23,1,0,10,0,0.015387316284,0,0,1,13.9628559992,0,16,NaN,1,ok,5.16008680038,0,0,0,0
138,WLNM_dir_neg,0.773125,0.657953806656,00:00:01,10,20,38,506381384,fixed,validated_v2,/gpfs/scratch/acw792/wlnm_roleonly_v2_20260910/result_wlnm_dir_neg_roleonly_trophicv2_100x290_train10-90_Apocrita_20260910_011848/ecological_snapshots/Broadstone_Stream_tax_mass_K10_ratio0.2_exp38_seed506381384_threshold0.5_validated_v2.mat,role_only,2,uniform_without_replacement,uniform_remaining_nonlinks,176,0,176,407,198,198,176,22,0,22,0.111111111111,38,160,0.5,0.824561403509,0.5875,0.686131386861,47,10,33,150,0.5875,0.9375,0.0625,0.4125,0.824561403509,0.5875,0.686131386861,0.820833333333,0.5875,0.565656565657,0.581569089356,0.525,99,19,80,0,99,0,19,0,80,23,99,0.195652173913,2.18974518502,8.60869565217,6.6,4.5,4.59979377438,0.534319478842,0.291611769873,4.28989068105,0.996641269334,0.541062801932,2.91445898002,0.677096530713,0.355731225296,1.07629584498,0.491516479791,2.88826011686,2.18974518502,1.07629584498,2.88826011686,0.351612638569,0.458912768647,121,0.0683229813665,0.291765337837,23,23,23,1,0,0.347826086957,0.608695652174,0.0434782608696,23,0.0375494071146,1.53623188406,1.65217391304,1.72727272727,2.11111111111,1.3351436985,0.808113291199,0.439359267735,1.07247267026,1.29825639032,0.645308924485,1.19286415873,1.44399345531,0.691075514874,0.609181686875,0.396542796173,2,1.68518518519,0.610070415117,2,0,0,0,0,0.114848484848,23,18,18,0.782608695652,0,0.304347826087,0.0869565217391,0.391304347826,23,76,0.150197628458,2.81356972148,6.60869565217,5.06666666667,3.45454545455,3.66480968667,0.55454357101,0.303775743707,3.59841862501,1.0889951102,0.574370709382,2.09837128634,0.635033415603,0.33180778032,1.4860283911,0.528164765122,4.14754098361,2.81356972148,1.4860283911,4.14754098361,0.331780538302,0.347639484979,54,0.0304912478826,0.169941489416,23,23,23,1,0,0.347826086957,0.608695652174,0.0434782608696,-23,-0.0454545454545,0.623824536457,-2,-1.53333333333,-1.04545454545,-0.934984087705,0.0202240921678,0.0121639738345,-0.691472056041,0.092353840865,0.0333079074498,-0.816087693684,-0.0420631151099,-0.0239234449761,0.409732546118,0.0366482853311,1.25928086675,0.623824536457,0.409732546118,1.25928086675,-0.0198321002669,-0.111273283669,-67,-0.0378317334839,-0.12182384842,0,0,0,66,10,33,397,0.666666666667,0.97542997543,0.02457002457,0.333333333333,0.868421052632,0.666666666667,0.754285714286,0.712974794547,0.642096642097,0.605504587156,57,80,0,23,23,23,1,0,8,0,0.0386050732335,0,0,1,3.88826011686,0,16,NaN,1,ok,2.18974518502,0,23,18,18,0.782608695652,0,7,0,0.0512820512821,0,0,1,3,0,16,NaN,1,ok,1.68518518519,0,23,23,23,1,0,8,0,0.035304181349,0,0,1,5.14754098361,0,16,NaN,1,ok,2.81356972148,0,0,0,0
139,WLNM_dir_neg,0.66078125,0.457730492664,00:00:02,10,20,39,506381385,fixed,validated_v2,/gpfs/scratch/acw792/wlnm_roleonly_v2_20260910/result_wlnm_dir_neg_roleonly_trophicv2_100x290_train10-90_Apocrita_20260910_011848/ecological_snapshots/Broadstone_Stream_tax_mass_K10_ratio0.2_exp39_seed506381385_threshold0.5_validated_v2.mat,role_only,2,uniform_without_replacement,uniform_remaining_nonlinks,176,0,176,407,198,198,176,22,0,22,0.111111111111,38,160,0.5,0.546875,0.4375,0.486111111111,35,29,45,131,0.4375,0.81875,0.18125,0.5625,0.546875,0.4375,0.486111111111,0.691666666667,0.577777777778,0.269736842105,0.273163417831,0.25625,99,19,80,0,99,0,19,0,80,23,99,0.195652173913,2.18974518502,8.60869565217,6.6,4.5,4.59979377438,0.534319478842,0.291611769873,4.28989068105,0.996641269334,0.541062801932,2.91445898002,0.677096530713,0.355731225296,1.07629584498,0.491516479791,2.88826011686,2.18974518502,1.07629584498,2.88826011686,0.351612638569,0.458912768647,121,0.0683229813665,0.291765337837,23,23,23,1,0,0.347826086957,0.608695652174,0.0434782608696,23,0.0375494071146,1.69565217391,1.65217391304,1.58333333333,1.72727272727,1.22877232347,0.743730616837,0.398169336384,0.984062724952,1.19123382494,0.604118993135,1.1140496934,1.34858647096,0.654462242563,0.771415094003,0.45493710672,2.33333333333,1.93333333333,0.808683036775,2.33333333333,0.1,0.103448275862,1,0.000564652738566,0.0674242424242,23,15,15,0.652173913043,0,0.304347826087,0.173913043478,0.347826086957,23,83,0.164031620553,15.4685921422,7.21739130435,3.77272727273,4.15,4.11158586678,0.569677559855,0.287061288633,2.23075874648,0.618162062277,0.320586694605,3.72630856131,1.03259152904,0.519643792562,3.54884829436,0.229422837045,17.0225217635,15.4685921422,3.54884829436,17.0225217635,0.445743145743,0.343807763401,62,0.0350084697911,0.222580449853,23,23,23,1,0,0.0434782608696,0.826086956522,0.130434782609,-16,-0.0316205533597,13.2788469572,-1.39130434783,-2.82727272727,-0.35,-0.488207907595,0.0353580810135,-0.00455048123985,-2.05913193457,-0.378479207058,-0.220476107328,0.811849581283,0.355494998324,0.163912567265,2.47255244938,-0.262093642746,14.1342616467,13.2788469572,2.47255244938,14.1342616467,0.094130507174,-0.115105005246,-59,-0.0333145115754,-0.0691848879836,-0.304347826087,0.217391304348,0.0869565217391,54,29,45,378,0.545454545455,0.928746928747,0.0712530712531,0.454545454545,0.650602409639,0.545454545455,0.593406593407,0.508005567321,0.474201474201,0.421875,64,80,0,23,23,23,1,0,8,0,0.0386050732335,0,0,1,3.88826011686,0,16,NaN,1,ok,2.18974518502,0,23,15,15,0.652173913043,0,5,0,0.0591133004926,0,0,1,3.33333333333,0,16,NaN,1,ok,1.93333333333,0,23,23,23,1,0,1,0,0.00274475430341,0,0,1,18.0225217635,0,16,NaN,1,ok,15.4685921422,0,0,0,0
140,WLNM_dir_neg,0.717734375,0.554494836825,00:00:01,10,20,40,506381386,fixed,validated_v2,/gpfs/scratch/acw792/wlnm_roleonly_v2_20260910/result_wlnm_dir_neg_roleonly_trophicv2_100x290_train10-90_Apocrita_20260910_011848/ecological_snapshots/Broadstone_Stream_tax_mass_K10_ratio0.2_exp40_seed506381386_threshold0.5_validated_v2.mat,role_only,2,uniform_without_replacement,uniform_remaining_nonlinks,176,0,176,407,198,198,176,22,0,22,0.111111111111,38,160,0.5,0.569230769231,0.4625,0.510344827586,37,28,43,132,0.4625,0.825,0.175,0.5375,0.569230769231,0.4625,0.510344827586,0.704166666667,0.576388888889,0.301639344262,0.304977030301,0.2875,99,19,80,0,99,0,19,0,80,23,99,0.195652173913,2.18974518502,8.60869565217,6.6,4.5,4.59979377438,0.534319478842,0.291611769873,4.28989068105,0.996641269334,0.541062801932,2.91445898002,0.677096530713,0.355731225296,1.07629584498,0.491516479791,2.88826011686,2.18974518502,1.07629584498,2.88826011686,0.351612638569,0.458912768647,121,0.0683229813665,0.291765337837,23,23,23,1,0,0.347826086957,0.608695652174,0.0434782608696,23,0.0375494071146,1.77898550725,1.65217391304,1.72727272727,2.11111111111,1.66811531246,1.00964874175,0.535469107551,1.1140496934,1.34858647096,0.654462242563,1.26678454482,1.53347602794,0.713958810069,0.950680476536,0.534394728155,3,2.19444444444,0.942633651563,3,0.10303030303,0.139534883721,2,0.00112930547713,0.113636363636,23,15,15,0.652173913043,0,0.173913043478,0.217391304348,0.260869565217,23,84,0.166007905138,1,7.30434782609,4,3.81818181818,3.86634408722,0.529320916703,0.287267080745,2.7070395714,0.741213215978,0.389233954451,3.21373042446,0.879949997174,0.433747412008,0,0,0,NaN,NaN,NaN,0.331573224755,0.244186046512,42,0.0237154150198,0.193070844499,23,23,0,1,7,0.0869565217391,0.869565217391,0.0434782608696,-15,-0.0296442687747,-1.18974518502,-1.30434782609,-2.6,-0.681818181818,-0.733449687156,-0.00499856213888,-0.0043446891273,-1.58285110965,-0.255428053357,-0.151828847481,0.299271444437,0.202853466461,0.0780161867118,-1.07629584498,-0.491516479791,-2.88826011686,NaN,NaN,NaN,-0.0200394138141,-0.214726722136,-79,-0.0446075663467,-0.0986944933374,-0.260869565217,0.260869565217,0,56,28,43,379,0.565656565657,0.931203931204,0.0687960687961,0.434343434343,0.666666666667,0.565656565657,0.612021857923,0.529728577595,0.49686049686,0.44094488189,65,80,0,23,23,23,1,0,8,0,0.0386050732335,0,0,1,3.88826011686,0,16,NaN,1,ok,2.18974518502,0,23,15,15,0.652173913043,0,4,0,0.0507399577167,0,0,1,4,0,16,NaN,1,ok,2.19444444444,0,23,23,0,1,7,2,19,NaN,NaN,NaN,NaN,NaN,0,0,NaN,0,basal_unreachable_in_lcc,NaN,2,0,0,0
141,WLNM_dir_neg,0.79203125,0.684593843706,00:00:01,10,20,41,506381387,fixed,validated_v2,/gpfs/scratch/acw792/wlnm_roleonly_v2_20260910/result_wlnm_dir_neg_roleonly_trophicv2_100x290_train10-90_Apocrita_20260910_011848/ecological_snapshots/Broadstone_Stream_tax_mass_K10_ratio0.2_exp41_seed506381387_threshold0.5_validated_v2.mat,role_only,2,uniform_without_replacement,uniform_remaining_nonlinks,176,0,176,407,198,198,176,22,0,22,0.111111111111,38,160,0.5,0.944444444444,0.2125,0.34693877551,17,1,63,159,0.2125,0.99375,0.00625,0.7875,0.944444444444,0.2125,0.34693877551,0.733333333333,0.641666666667,0.255813953488,0.369135830368,0.20625,99,19,80,0,99,0,19,0,80,23,99,0.195652173913,2.18974518502,8.60869565217,6.6,4.5,4.59979377438,0.534319478842,0.291611769873,4.28989068105,0.996641269334,0.541062801932,2.91445898002,0.677096530713,0.355731225296,1.07629584498,0.491516479791,2.88826011686,2.18974518502,1.07629584498,2.88826011686,0.351612638569,0.458912768647,121,0.0683229813665,0.291765337837,23,23,23,1,0,0.347826086957,0.608695652174,0.0434782608696,23,0.0375494071146,1.68695652174,1.65217391304,1.72727272727,1.46153846154,1.55530457854,0.941368560693,0.485125858124,1.230379613,1.48940689995,0.672768878719,0.936733876686,1.13394100862,0.567505720824,0.815799733448,0.483592625498,2.16666666667,1.98181818182,0.888364744456,2.16666666667,0.288888888889,0.307692307692,4,0.00225861095426,0.0456277056277,23,11,11,0.478260869565,0,0.304347826087,0.260869565217,0.217391304348,23,37,0.0731225296443,3.31825075834,3.21739130435,2.84615384615,2.17647058824,3.37041300058,1.04756079748,0.527614571093,2.18962700092,1.36111948706,0.650998824912,1.92446286331,1.19628772584,0.538190364277,2.16423679738,0.652222196271,5.6492248062,3.80630354957,2.06859317204,5.6492248062,0.513038548753,0.403846153846,21,0.0118577075099,0.153123728124,23,19,19,0.826086956522,0,0.260869565217,0.478260869565,0.0869565217391,-62,-0.122529644269,1.12850557332,-5.39130434783,-3.75384615385,-2.32352941176,-1.2293807738,0.513241318635,0.23600280122,-2.10026368013,0.364478217725,0.10993602298,-0.989996116716,0.519191195128,0.182459138981,1.0879409524,0.16070571648,2.76096468934,1.61655836455,0.992297327059,2.76096468934,0.161425910184,-0.0550666148011,-100,-0.0564652738566,-0.138641609713,-0.0869565217391,-0.130434782609,0.0434782608696,36,1,63,406,0.363636363636,0.997542997543,0.002457002457,0.636363636364,0.972972972973,0.363636363636,0.529411764706,0.550364539389,0.361179361179,0.36,18,80,0,23,23,23,1,0,8,0,0.0386050732335,0,0,1,3.88826011686,0,16,NaN,1,ok,2.18974518502,0,23,11,11,0.478260869565,0,4,0,0.0740740740741,0,0,1,3.16666666667,0,16,NaN,1,ok,1.98181818182,0,23,19,19,0.826086956522,0,6,0,0.0131498470948,0,0,1,6.6492248062,0,16,NaN,1,ok,3.80630354957,0,0,0,0
142,WLNM_dir_neg,0.7293359375,0.588943669788,00:00:01,10,20,42,506381388,fixed,validated_v2,/gpfs/scratch/acw792/wlnm_roleonly_v2_20260910/result_wlnm_dir_neg_roleonly_trophicv2_100x290_train10-90_Apocrita_20260910_011848/ecological_snapshots/Broadstone_Stream_tax_mass_K10_ratio0.2_exp42_seed506381388_threshold0.5_validated_v2.mat,role_only,2,uniform_without_replacement,uniform_remaining_nonlinks,176,0,176,407,198,198,176,22,0,22,0.111111111111,38,160,0.5,0.692307692308,0.3375,0.453781512605,27,12,53,148,0.3375,0.925,0.075,0.6625,0.692307692308,0.3375,0.453781512605,0.729166666667,0.6125,0.301075268817,0.335431589628,0.2625,99,19,80,0,99,0,19,0,80,23,99,0.195652173913,2.18974518502,8.60869565217,6.6,4.5,4.59979377438,0.534319478842,0.291611769873,4.28989068105,0.996641269334,0.541062801932,2.91445898002,0.677096530713,0.355731225296,1.07629584498,0.491516479791,2.88826011686,2.18974518502,1.07629584498,2.88826011686,0.351612638569,0.458912768647,121,0.0683229813665,0.291765337837,23,23,23,1,0,0.347826086957,0.608695652174,0.0434782608696,23,0.0375494071146,1.58695652174,1.65217391304,1.72727272727,1.46153846154,1.11227431428,0.673218663904,0.354691075515,1.02921743939,1.24589479505,0.631578947368,0.886882892395,1.07359508027,0.553775743707,0.692436711212,0.436329982407,2.16666666667,1.94444444444,0.824957911384,2.16666666667,0.222222222222,0.230769230769,2,0.00112930547713,0.0545454545455,23,9,9,0.391304347826,0,0.391304347826,0.173913043478,0.304347826087,23,58,0.114624505929,1,5.04347826087,2.7619047619,3.625,2.85208473783,0.565499560088,0.298350824588,2.23341493961,0.885664545019,0.455772113943,2.76125079065,1.09497876181,0.532233883058,0,0,0,NaN,NaN,NaN,0.306486635058,0.231617647059,21,0.0118577075099,0.239230967445,23,23,0,1,7,0.0869565217391,0.608695652174,0.304347826087,-41,-0.0810276679842,-1.18974518502,-3.5652173913,-3.8380952381,-0.875,-1.74770903654,0.0311800812457,0.00673905471507,-2.05647574143,-0.110976724315,-0.0852906879893,-0.153208189377,0.417882231096,0.176502657762,-1.07629584498,-0.491516479791,-2.88826011686,NaN,NaN,NaN,-0.0451260035111,-0.227295121588,-100,-0.0564652738566,-0.0525343703915,-0.260869565217,0,0.260869565217,46,12,53,395,0.464646464646,0.970515970516,0.029484029484,0.535353535354,0.793103448276,0.464646464646,0.585987261146,0.541892570217,0.435162435162,0.414414414414,39,80,0,23,23,23,1,0,8,0,0.0386050732335,0,0,1,3.88826011686,0,16,NaN,1,ok,2.18974518502,0,23,9,9,0.391304347826,0,3,0,0.06,0,0,1,3.16666666667,0,16,NaN,1,ok,1.94444444444,0,23,23,0,1,7,2,15,NaN,NaN,NaN,NaN,NaN,0,0,NaN,0,basal_unreachable_in_lcc,NaN,2,0,0,0
143,WLNM_dir_neg,0.69375,0.594490108452,00:00:03,10,20,43,506381389,fixed,validated_v2,/gpfs/scratch/acw792/wlnm_roleonly_v2_20260910/result_wlnm_dir_neg_roleonly_trophicv2_100x290_train10-90_Apocrita_20260910_011848/ecological_snapshots/Broadstone_Stream_tax_mass_K10_ratio0.2_exp43_seed506381389_threshold0.5_validated_v2.mat,role_only,2,uniform_without_replacement,uniform_remaining_nonlinks,176,0,176,407,198,198,176,22,0,22,0.111111111111,38,160,0.5,0.702702702703,0.325,0.444444444444,26,11,54,149,0.325,0.93125,0.06875,0.675,0.702702702703,0.325,0.444444444444,0.729166666667,0.615277777778,0.296028880866,0.334518374588,0.25625,99,19,80,0,99,0,19,0,80,23,99,0.195652173913,2.18974518502,8.60869565217,6.6,4.5,4.59979377438,0.534319478842,0.291611769873,4.28989068105,0.996641269334,0.541062801932,2.91445898002,0.677096530713,0.355731225296,1.07629584498,0.491516479791,2.88826011686,2.18974518502,1.07629584498,2.88826011686,0.351612638569,0.458912768647,121,0.0683229813665,0.291765337837,23,23,23,1,0,0.347826086957,0.608695652174,0.0434782608696,23,0.0375494071146,1.62608695652,1.65217391304,1.9,1.1875,1.22877232347,0.743730616837,0.368421052632,1.26678454482,1.53347602794,0.700228832952,0.650326764931,0.787237662811,0.393592677346,0.84864458312,0.521893727587,3,1.70526315789,0.894721362095,3,0,0,0,0,0.0211111111111,23,19,19,0.826086956522,0,0.478260869565,0.217391304348,0.217391304348,23,56,0.110671936759,2.15995185514,4.86956521739,3.29411764706,3.5,2.83331395793,0.581841259217,0.320652173913,2.67694002644,1.09945751086,0.566770186335,2.46477155417,1.01231688832,0.506211180124,0.825189225377,0.382040564198,2.2962962963,2.21267693946,0.803977398501,2.2962962963,0.332142857143,0.326530612245,32,0.0180688876341,0.241340665054,23,22,22,0.95652173913,0,0.217391304348,0.478260869565,0.260869565217,-43,-0.0849802371542,-0.0297933298867,-3.73913043478,-3.30588235294,-1,-1.76647981645,0.0475217803756,0.0290404040404,-1.61295065461,0.102816241524,0.025707384403,-0.449687425858,0.335220357606,0.150479954828,-0.251106619606,-0.109475915593,-0.591963820562,0.0229317544378,-0.272318446482,-0.591963820562,-0.0194697814263,-0.132382156402,-89,-0.0502540937324,-0.0504246727829,-0.130434782609,-0.130434782609,0.217391304348,45,11,54,396,0.454545454545,0.972972972973,0.027027027027,0.545454545455,0.803571428571,0.454545454545,0.58064516129,0.540591696421,0.427518427518,0.409090909091,37,80,0,23,23,23,1,0,8,0,0.0386050732335,0,0,1,3.88826011686,0,16,NaN,1,ok,2.18974518502,0,23,19,19,0.826086956522,0,10,0,0.125,0,0,1,4,0,16,NaN,1,ok,1.70526315789,0,23,22,22,0.95652173913,0,5,0,0.00805478961657,0,0,1,3.2962962963,0,16,NaN,1,ok,2.21267693946,0,0,0,0
144,WLNM_dir_neg,0.7837109375,0.672985861714,00:00:01,10,20,44,506381390,fixed,validated_v2,/gpfs/scratch/acw792/wlnm_roleonly_v2_20260910/result_wlnm_dir_neg_roleonly_trophicv2_100x290_train10-90_Apocrita_20260910_011848/ecological_snapshots/Broadstone_Stream_tax_mass_K10_ratio0.2_exp44_seed506381390_threshold0.5_validated_v2.mat,role_only,2,uniform_without_replacement,uniform_remaining_nonlinks,176,0,176,407,198,198,176,22,0,22,0.111111111111,38,160,0.5,0.692307692308,0.5625,0.620689655172,45,20,35,140,0.5625,0.875,0.125,0.4375,0.692307692308,0.5625,0.620689655172,0.770833333333,0.576388888889,0.459016393443,0.464095480892,0.4375,99,19,80,0,99,0,19,0,80,23,99,0.195652173913,2.18974518502,8.60869565217,6.6,4.5,4.59979377438,0.534319478842,0.291611769873,4.28989068105,0.996641269334,0.541062801932,2.91445898002,0.677096530713,0.355731225296,1.07629584498,0.491516479791,2.88826011686,2.18974518502,1.07629584498,2.88826011686,0.351612638569,0.458912768647,121,0.0683229813665,0.291765337837,23,23,23,1,0,0.347826086957,0.608695652174,0.0434782608696,23,0.0375494071146,1.60144927536,1.65217391304,1.9,1.72727272727,1.3351436985,0.808113291199,0.432494279176,1.07247267026,1.29825639032,0.649885583524,1.02921743939,1.24589479505,0.631578947368,0.755015436384,0.47145760281,2,1.8137254902,0.77478122571,2,0,0,0,0,0.0851851851852,23,17,17,0.739130434783,0,0.304347826087,0.173913043478,0.260869565217,23,84,0.166007905138,NaN,7.30434782609,3.65217391304,3.81818181818,4.42549208983,0.60587094087,0.329710144928,3.37919699515,0.9252563201,0.464803312629,3.32495653631,0.910404765896,0.445134575569,NaN,NaN,NaN,NaN,NaN,NaN,0.464376444811,0.415540540541,82,0.0463015245624,0.221485895463,23,23,0,1,6,0,0.95652173913,0.0434782608696,-15,-0.0296442687747,NaN,-1.30434782609,-2.94782608696,-0.681818181818,-0.174301684546,0.0715514620279,0.0380983750549,-0.910693685899,-0.0713849492342,-0.076259489303,0.41049755629,0.233308235183,0.0894033502729,NaN,NaN,NaN,NaN,NaN,NaN,0.112763806242,-0.0433722281067,-39,-0.0220214568041,-0.0702794423739,-0.347826086957,0.347826086957,0,64,20,35,387,0.646464646465,0.95085995086,0.04914004914,0.353535353535,0.761904761905,0.646464646465,0.699453551913,0.636838531746,0.597324597325,0.53781512605,65,80,0,23,23,23,1,0,8,0,0.0386050732335,0,0,1,3.88826011686,0,16,NaN,1,ok,2.18974518502,0,23,17,17,0.739130434783,0,7,0,0.0869565217391,0,0,1,3,0,16,NaN,1,ok,1.8137254902,0,23,23,0,1,6,0,23,NaN,NaN,NaN,NaN,NaN,0,0,NaN,0,no_basal_in_lcc,NaN,2,0,0,0
145,WLNM_dir_neg,0.728359375,0.53476594916,00:00:03,10,20,45,506381391,fixed,validated_v2,/gpfs/scratch/acw792/wlnm_roleonly_v2_20260910/result_wlnm_dir_neg_roleonly_trophicv2_100x290_train10-90_Apocrita_20260910_011848/ecological_snapshots/Broadstone_Stream_tax_mass_K10_ratio0.2_exp45_seed506381391_threshold0.5_validated_v2.mat,role_only,2,uniform_without_replacement,uniform_remaining_nonlinks,176,0,176,407,198,198,176,22,0,22,0.111111111111,38,160,0.5,0.557692307692,0.3625,0.439393939394,29,23,51,137,0.3625,0.85625,0.14375,0.6375,0.557692307692,0.3625,0.439393939394,0.691666666667,0.594444444444,0.239726027397,0.250306685865,0.21875,99,19,80,0,99,0,19,0,80,23,99,0.195652173913,2.18974518502,8.60869565217,6.6,4.5,4.59979377438,0.534319478842,0.291611769873,4.28989068105,0.996641269334,0.541062801932,2.91445898002,0.677096530713,0.355731225296,1.07629584498,0.491516479791,2.88826011686,2.18974518502,1.07629584498,2.88826011686,0.351612638569,0.458912768647,121,0.0683229813665,0.291765337837,23,23,23,1,0,0.347826086957,0.608695652174,0.0434782608696,23,0.0375494071146,1.82265446224,1.65217391304,1.72727272727,1.26666666667,1.52579921389,0.923510050512,0.455377574371,1.30217209842,1.57631359283,0.681922196796,0.777652289268,0.941368560693,0.462242562929,1.12334876696,0.616325688842,4.05263157895,2.05417956656,1.21025707061,4.05263157895,0.0555555555556,0.0789473684211,1,0.000564652738566,0.0598484848485,23,17,17,0.739130434783,0,0.347826086957,0.304347826087,0.173913043478,23,71,0.140316205534,1,6.17391304348,3.55,4.4375,4.18495328434,0.677844546055,0.349663196571,3.26013166882,1.05609899131,0.498469075321,3.55365424571,1.15118376974,0.545009185548,0,0,0,NaN,NaN,NaN,0.363300950257,0.314410480349,48,0.0271033314512,0.247720875616,23,23,0,1,7,0.130434782609,0.565217391304,0.304347826087,-28,-0.0553359683794,-1.18974518502,-2.4347826087,-3.05,-0.0625,-0.414840490039,0.143525067213,0.0580514266981,-1.02975901223,0.0594577219727,-0.0425937266109,0.639195265681,0.474087239023,0.189277960252,-1.07629584498,-0.491516479791,-2.88826011686,NaN,NaN,NaN,0.0116883116883,-0.144502288298,-73,-0.0412196499153,-0.0440444622212,-0.217391304348,-0.0434782608696,0.260869565217,48,23,51,384,0.484848484848,0.943488943489,0.0565110565111,0.515151515152,0.676056338028,0.484848484848,0.564705882353,0.489245707527,0.428337428337,0.393442622951,52,80,0,23,23,23,1,0,8,0,0.0386050732335,0,0,1,3.88826011686,0,16,NaN,1,ok,2.18974518502,0,23,17,17,0.739130434783,0,7,0,0.0533707865169,0,0,1,5.05263157895,0,16,NaN,1,ok,2.05417956656,0,23,23,0,1,7,3,12,NaN,NaN,NaN,NaN,NaN,0,0,NaN,0,basal_unreachable_in_lcc,NaN,2,0,0,0
146,WLNM_dir_neg,0.782421875,0.56125690597,00:00:01,10,20,46,506381392,fixed,validated_v2,/gpfs/scratch/acw792/wlnm_roleonly_v2_20260910/result_wlnm_dir_neg_roleonly_trophicv2_100x290_train10-90_Apocrita_20260910_011848/ecological_snapshots/Broadstone_Stream_tax_mass_K10_ratio0.2_exp46_seed506381392_threshold0.5_validated_v2.mat,role_only,2,uniform_without_replacement,uniform_remaining_nonlinks,176,0,176,407,198,198,176,22,0,22,0.111111111111,38,160,0.5,0.833333333333,0.4375,0.573770491803,35,7,45,153,0.4375,0.95625,0.04375,0.5625,0.833333333333,0.4375,0.573770491803,0.783333333333,0.608333333333,0.446808510638,0.488504210459,0.39375,99,19,80,0,99,0,19,0,80,23,99,0.195652173913,2.18974518502,8.60869565217,6.6,4.5,4.59979377438,0.534319478842,0.291611769873,4.28989068105,0.996641269334,0.541062801932,2.91445898002,0.677096530713,0.355731225296,1.07629584498,0.491516479791,2.88826011686,2.18974518502,1.07629584498,2.88826011686,0.351612638569,0.458912768647,121,0.0683229813665,0.291765337837,23,23,23,1,0,0.347826086957,0.608695652174,0.0434782608696,23,0.0375494071146,1.48913043478,1.65217391304,2.11111111111,1.35714285714,1.11227431428,0.673218663904,0.361556064073,1.1140496934,1.34858647096,0.659038901602,0.886882892395,1.07359508027,0.521739130435,0.650516669086,0.436843310627,1.75,1.60294117647,0.690667835376,1.75,0,0,0,0,0.0541666666667,23,17,17,0.739130434783,0,0.478260869565,0.130434782609,0.260869565217,23,61,0.120553359684,1.52396172392,5.30434782609,6.77777777778,2.90476190476,3.417000048,0.64418853364,0.356379187455,3.51113418159,1.32387026519,0.655737704918,1.84904633041,0.697181403271,0.379187455453,0.6830684486,0.448218900699,1.72361522681,1.54777816591,0.689299172323,1.72361522681,0.357841573631,0.33064516129,41,0.0231507622812,0.249317657651,23,22,22,0.95652173913,0,0.565217391304,0.347826086957,0.0434782608696,-38,-0.0750988142292,-0.66578346111,-3.30434782609,0.177777777778,-1.59523809524,-1.18279372637,0.109869054798,0.0647674175828,-0.778756499461,0.327228995854,0.114674902986,-1.06541264961,0.0200848725579,0.0234562301562,-0.393227396383,-0.0432975790925,-1.16464489005,-0.641967019114,-0.38699667266,-1.16464489005,0.00622893506189,-0.128267607357,-80,-0.0451722190853,-0.0424476801858,0.217391304348,-0.260869565217,0,54,7,45,400,0.545454545455,0.982800982801,0.017199017199,0.454545454545,0.885245901639,0.545454545455,0.675,0.643596879299,0.528255528256,0.509433962264,42,80,0,23,23,23,1,0,8,0,0.0386050732335,0,0,1,3.88826011686,0,16,NaN,1,ok,2.18974518502,0,23,17,17,0.739130434783,0,9,0,0.14693877551,0,0,1,2.75,0,16,NaN,1,ok,1.60294117647,0,23,22,22,0.95652173913,0,13,0,0.204214066111,0,0,1,2.72361522681,0,16,NaN,1,ok,1.54777816591,0,0,0,0
147,WLNM_dir_neg,0.6430859375,0.591033820321,00:00:02,10,20,47,506381393,fixed,validated_v2,/gpfs/scratch/acw792/wlnm_roleonly_v2_20260910/result_wlnm_dir_neg_roleonly_trophicv2_100x290_train10-90_Apocrita_20260910_011848/ecological_snapshots/Broadstone_Stream_tax_mass_K10_ratio0.2_exp47_seed506381393_threshold0.5_validated_v2.mat,role_only,2,uniform_without_replacement,uniform_remaining_nonlinks,176,0,176,407,198,198,176,22,0,22,0.111111111111,38,160,0.5,0.795454545455,0.4375,0.564516129032,35,9,45,151,0.4375,0.94375,0.05625,0.5625,0.795454545455,0.4375,0.564516129032,0.775,0.605555555556,0.429577464789,0.464472989203,0.38125,99,19,80,0,99,0,19,0,80,23,99,0.195652173913,2.18974518502,8.60869565217,6.6,4.5,4.59979377438,0.534319478842,0.291611769873,4.28989068105,0.996641269334,0.541062801932,2.91445898002,0.677096530713,0.355731225296,1.07629584498,0.491516479791,2.88826011686,2.18974518502,1.07629584498,2.88826011686,0.351612638569,0.458912768647,121,0.0683229813665,0.291765337837,23,23,23,1,0,0.347826086957,0.608695652174,0.0434782608696,23,0.0375494071146,1.48913043478,1.65217391304,2.11111111111,1.35714285714,1.46500684616,0.886714670043,0.469107551487,1.37020814321,1.65867301547,0.736842105263,0.886882892395,1.07359508027,0.521739130435,0.667756849075,0.448420657773,2,1.60416666667,0.669619407959,1.75,0.166666666667,0.0833333333333,1,0.000564652738566,0.0634920634921,23,12,12,0.521739130435,0,0.391304347826,0.217391304348,0.173913043478,23,63,0.124505928854,2.00701552875,5.47826086957,4.84615384615,3,4.16554662153,0.760377557898,0.408557625949,4.21272305915,1.53797825969,0.706694271912,1.7892962381,0.653235134543,0.349206349206,0.973215867695,0.484906994366,2.28703703704,2.05278896188,0.97044677781,2.28703703704,0.541318681319,0.396751740139,57,0.0321852060982,0.184881293083,23,22,22,0.95652173913,0,0.391304347826,0.521739130435,0.0434782608696,-36,-0.0711462450593,-0.18272965627,-3.13043478261,-1.75384615385,-1.5,-0.434247152849,0.226058079056,0.116945856076,-0.0771676218939,0.541336990357,0.165631469979,-1.12516274193,-0.0238613961694,-0.00652487609009,-0.103079977288,-0.00660948542493,-0.601223079821,-0.136956223145,-0.105849067173,-0.601223079821,0.18970604275,-0.0621610285081,-64,-0.0361377752682,-0.106884044754,0.0434782608696,-0.0869565217391,0,54,9,45,398,0.545454545455,0.977886977887,0.022113022113,0.454545454545,0.857142857143,0.545454545455,0.666666666667,0.6288221893,0.523341523342,0.5,44,80,0,23,23,23,1,0,8,0,0.0386050732335,0,0,1,3.88826011686,0,16,NaN,1,ok,2.18974518502,0,23,12,12,0.521739130435,0,6,0,0.0757396449704,0,0,1,2.75,0,16,NaN,1,ok,1.60416666667,0,23,22,22,0.95652173913,0,9,0,0.016761928152,0,0,1,3.28703703704,0,16,NaN,1,ok,2.05278896188,0,0,0,0
148,WLNM_dir_neg,0.690078125,0.516041728904,00:00:02,10,20,48,506381394,fixed,validated_v2,/gpfs/scratch/acw792/wlnm_roleonly_v2_20260910/result_wlnm_dir_neg_roleonly_trophicv2_100x290_train10-90_Apocrita_20260910_011848/ecological_snapshots/Broadstone_Stream_tax_mass_K10_ratio0.2_exp48_seed506381394_threshold0.5_validated_v2.mat,role_only,2,uniform_without_replacement,uniform_remaining_nonlinks,176,0,176,407,198,198,176,22,0,22,0.111111111111,38,160,0.5,0.679245283019,0.45,0.541353383459,36,17,44,143,0.45,0.89375,0.10625,0.55,0.679245283019,0.45,0.541353383459,0.745833333333,0.593055555556,0.37542662116,0.390651011898,0.34375,99,19,80,0,99,0,19,0,80,23,99,0.195652173913,2.18974518502,8.60869565217,6.6,4.5,4.59979377438,0.534319478842,0.291611769873,4.28989068105,0.996641269334,0.541062801932,2.91445898002,0.677096530713,0.355731225296,1.07629584498,0.491516479791,2.88826011686,2.18974518502,1.07629584498,2.88826011686,0.351612638569,0.458912768647,121,0.0683229813665,0.291765337837,23,23,23,1,0,0.347826086957,0.608695652174,0.0434782608696,23,0.0375494071146,1.69875776398,1.65217391304,1.9,1.46153846154,1.49571192086,0.905299320519,0.471395881007,1.230379613,1.48940689995,0.695652173913,0.984062724952,1.19123382494,0.572082379863,0.973669236385,0.573165437141,2.92857142857,2.00510204082,1.10744033073,2.92857142857,0.113333333333,0.162162162162,2,0.00112930547713,0.0539153439153,23,14,14,0.608695652174,0,0.347826086957,0.217391304348,0.217391304348,23,72,0.142292490119,1,6.26086956522,4.5,3.6,4.2556635131,0.679724033343,0.378019323671,3.45496148941,1.10366825356,0.578502415459,2.05170323537,0.655405200186,0.36231884058,0,0,0,NaN,NaN,NaN,0.596643122959,0.47215496368,65,0.0367024280068,0.122601091039,23,21,0,0.913043478261,7,0.217391304348,0.652173913043,0.0434782608696,-27,-0.0533596837945,-1.18974518502,-2.34782608696,-2.1,-0.9,-0.344130261274,0.145404554501,0.0864075537989,-0.834929191641,0.107026984226,0.0374396135266,-0.862755744659,-0.0216913305267,0.00658761528327,-1.07629584498,-0.491516479791,-2.88826011686,NaN,NaN,NaN,0.24503048439,0.0132421950331,-56,-0.0316205533597,-0.169164246798,-0.130434782609,0.0434782608696,0,55,17,44,390,0.555555555556,0.958230958231,0.041769041769,0.444444444444,0.763888888889,0.555555555556,0.643274853801,0.583426819599,0.513786513787,0.474137931034,53,80,0,23,23,23,1,0,8,0,0.0386050732335,0,0,1,3.88826011686,0,16,NaN,1,ok,2.18974518502,0,23,14,14,0.608695652174,0,6,0,0.0872274143302,0,0,1,3.92857142857,0,16,NaN,1,ok,2.00510204082,0,23,21,0,0.913043478261,7,5,2,NaN,NaN,NaN,NaN,NaN,0,0,NaN,0,basal_unreachable_in_lcc,NaN,2,0,0,0
149,WLNM_dir_neg,0.7694921875,0.651145772941,00:00:01,10,20,49,506381395,fixed,validated_v2,/gpfs/scratch/acw792/wlnm_roleonly_v2_20260910/result_wlnm_dir_neg_roleonly_trophicv2_100x290_train10-90_Apocrita_20260910_011848/ecological_snapshots/Broadstone_Stream_tax_mass_K10_ratio0.2_exp49_seed506381395_threshold0.5_validated_v2.mat,role_only,2,uniform_without_replacement,uniform_remaining_nonlinks,176,0,176,407,198,198,176,22,0,22,0.111111111111,38,160,0.5,0.767441860465,0.4125,0.536585365854,33,10,47,150,0.4125,0.9375,0.0625,0.5875,0.767441860465,0.4125,0.536585365854,0.7625,0.606944444444,0.395759717314,0.430234951035,0.35,99,19,80,0,99,0,19,0,80,23,99,0.195652173913,2.18974518502,8.60869565217,6.6,4.5,4.59979377438,0.534319478842,0.291611769873,4.28989068105,0.996641269334,0.541062801932,2.91445898002,0.677096530713,0.355731225296,1.07629584498,0.491516479791,2.88826011686,2.18974518502,1.07629584498,2.88826011686,0.351612638569,0.458912768647,121,0.0683229813665,0.291765337837,23,23,23,1,0,0.347826086957,0.608695652174,0.0434782608696,23,0.0375494071146,1,1.65217391304,1.72727272727,1.26666666667,1.36876505893,0.828463061987,0.443935926773,1.230379613,1.48940689995,0.672768878719,0.777652289268,0.941368560693,0.462242562929,0,0,0,NaN,NaN,NaN,0,0,0,0,0.0339393939394,23,16,0,0.695652173913,7,0.304347826087,0.347826086957,0.130434782609,23,62,0.122529644269,4.159542088,5.39130434783,4.42857142857,3.64705882353,3.76272544398,0.697924880739,0.388499298738,2.70411777932,1.00314046652,0.541374474053,2.18329989213,0.809933830951,0.444600280505,2.67237938615,0.642469610743,6.61755830678,4.82470884337,2.45829819836,6.61755830678,0.265406162465,0.303921568627,31,0.0175042348955,0.158168815312,23,19,19,0.826086956522,0,0.217391304348,0.521739130435,0.0869565217391,-37,-0.0731225296443,1.96979690298,-3.21739130435,-2.17142857143,-0.852941176471,-0.837068330394,0.163605401897,0.0968875288651,-1.58577290173,0.0064991971872,0.000311672120929,-0.731159087895,0.132837300238,0.0888690552085,1.59608354117,0.150953130952,3.72929818992,2.63496365835,1.38200235338,3.72929818992,-0.0862064761042,-0.15499120002,-90,-0.0508187464709,-0.133596522525,-0.130434782609,-0.0869565217391,0.0434782608696,52,10,47,397,0.525252525253,0.97542997543,0.02457002457,0.474747474747,0.838709677419,0.525252525253,0.645962732919,0.605745065201,0.500682500683,0.477064220183,43,80,0,23,23,23,1,0,8,0,0.0386050732335,0,0,1,3.88826011686,0,16,NaN,1,ok,2.18974518502,0,23,16,0,0.695652173913,7,6,2,NaN,NaN,NaN,NaN,NaN,0,0,NaN,0,basal_unreachable_in_lcc,NaN,2,23,19,19,0.826086956522,0,5,0,0.0271987901422,0,0,1,7.61755830678,0,16,NaN,1,ok,4.82470884337,0,0,0,0
150,WLNM_dir_neg,0.7487890625,0.637958748573,00:00:02,10,20,50,506381396,fixed,validated_v2,/gpfs/scratch/acw792/wlnm_roleonly_v2_20260910/result_wlnm_dir_neg_roleonly_trophicv2_100x290_train10-90_Apocrita_20260910_011848/ecological_snapshots/Broadstone_Stream_tax_mass_K10_ratio0.2_exp50_seed506381396_threshold0.5_validated_v2.mat,role_only,2,uniform_without_replacement,uniform_remaining_nonlinks,176,0,176,407,198,198,176,22,0,22,0.111111111111,38,160,0.5,0.777777777778,0.35,0.48275862069,28,8,52,152,0.35,0.95,0.05,0.65,0.777777777778,0.35,0.48275862069,0.75,0.616666666667,0.347826086957,0.396059017191,0.3,99,19,80,0,99,0,19,0,80,23,99,0.195652173913,2.18974518502,8.60869565217,6.6,4.5,4.59979377438,0.534319478842,0.291611769873,4.28989068105,0.996641269334,0.541062801932,2.91445898002,0.677096530713,0.355731225296,1.07629584498,0.491516479791,2.88826011686,2.18974518502,1.07629584498,2.88826011686,0.351612638569,0.458912768647,121,0.0683229813665,0.291765337837,23,23,23,1,0,0.347826086957,0.608695652174,0.0434782608696,23,0.0375494071146,1.59057971014,1.65217391304,2.11111111111,1.26666666667,1.61269665896,0.976105872531,0.462242562929,1.33662308256,1.61801741573,0.732265446224,0.716822148161,0.86773207409,0.448512585812,0.815302293925,0.512581852217,2.16666666667,1.74019607843,0.877912984954,2.16666666667,0,0,0,0,0.0518518518519,23,17,17,0.739130434783,0,0.434782608696,0.217391304348,0.173913043478,23,55,0.108695652174,2.29046470597,4.78260869565,3.66666666667,2.75,3.3160288646,0.69335148987,0.38023715415,2.6923989039,1.1259122689,0.58814229249,1.94793901423,0.814592678678,0.398418972332,1.10959824284,0.484442410286,2.90295740247,2.41336610654,1.08256139726,2.90295740247,0.283929520772,0.316293929712,33,0.0186335403727,0.167854050711,23,21,21,0.913043478261,0,0.260869565217,0.608695652174,0.0434782608696,-44,-0.0869565217391,0.100719520947,-3.82608695652,-2.93333333333,-1.75,-1.28376490978,0.159032011028,0.0886253842776,-1.59749177715,0.129270999568,0.0470794905578,-0.966519965794,0.137496147966,0.0426877470356,0.033302397853,-0.00707406950506,0.0146972856073,0.223620921515,0.00626555228033,0.0146972856073,-0.0676831177975,-0.142618838935,-88,-0.0496894409938,-0.123911287126,-0.0869565217391,0,0,47,8,52,399,0.474747474747,0.980343980344,0.019656019656,0.525252525253,0.854545454545,0.474747474747,0.61038961039,0.580021199872,0.455091455091,0.439252336449,36,80,0,23,23,23,1,0,8,0,0.0386050732335,0,0,1,3.88826011686,0,16,NaN,1,ok,2.18974518502,0,23,17,17,0.739130434783,0,9,0,0.0975609756098,0,0,1,3.16666666667,0,16,NaN,1,ok,1.74019607843,0,23,21,21,0.913043478261,0,6,0,0.0161273598481,0,0,1,3.90295740247,0,16,NaN,1,ok,2.41336610654,0,0,0,0
151,WLNM_dir_neg,0.7254296875,0.592844868838,00:00:00,10,20,51,506381397,fixed,validated_v2,/gpfs/scratch/acw792/wlnm_roleonly_v2_20260910/result_wlnm_dir_neg_roleonly_trophicv2_100x290_train10-90_Apocrita_20260910_011848/ecological_snapshots/Broadstone_Stream_tax_mass_K10_ratio0.2_exp51_seed506381397_threshold0.5_validated_v2.mat,role_only,2,uniform_without_replacement,uniform_remaining_nonlinks,176,0,176,407,198,198,176,22,0,22,0.111111111111,38,160,0.5,0.72,0.45,0.553846153846,36,14,44,146,0.45,0.9125,0.0875,0.55,0.72,0.45,0.553846153846,0.758333333333,0.597222222222,0.4,0.420776225064,0.3625,99,19,80,0,99,0,19,0,80,23,99,0.195652173913,2.18974518502,8.60869565217,6.6,4.5,4.59979377438,0.534319478842,0.291611769873,4.28989068105,0.996641269334,0.541062801932,2.91445898002,0.677096530713,0.355731225296,1.07629584498,0.491516479791,2.88826011686,2.18974518502,1.07629584498,2.88826011686,0.351612638569,0.458912768647,121,0.0683229813665,0.291765337837,23,23,23,1,0,0.347826086957,0.608695652174,0.0434782608696,23,0.0375494071146,1.85230179028,1.65217391304,1.9,1.72727272727,1.64063999852,0.993018946473,0.528604118993,1.15412989316,1.3971046075,0.677345537757,1.1140496934,1.34858647096,0.654462242563,1.1484161572,0.619994086938,3.44117647059,2.32878151261,1.24044936916,3.44117647059,0.259259259259,0.257142857143,3,0.0016939582157,0.111851851852,23,14,14,0.608695652174,0,0.260869565217,0.217391304348,0.217391304348,23,69,0.136363636364,2.44882081779,6,3.63157894737,3.45,3.8376128944,0.639602149067,0.348456206679,2.98481002898,0.994936676326,0.52299936988,2.92326094378,0.974420314595,0.447385003151,0.938221820806,0.383132082998,2.88546118056,2.5146763095,0.904255271096,2.88546118056,0.406306656307,0.386206896552,56,0.0316205533597,0.267888252099,23,22,22,0.95652173913,0,0.130434782609,0.739130434783,0.0869565217391,-30,-0.0592885375494,0.25907563276,-2.60869565217,-2.96842105263,-1.05,-0.762180879976,0.105282670225,0.0568444368066,-1.30508065207,-0.00170459300803,-0.0180634320521,0.00880196375984,0.297323783882,0.0916537778542,-0.138074024177,-0.108384396794,-0.00279893629949,0.324931124478,-0.172040573888,-0.00279893629949,0.0546940177375,-0.0727058720956,-65,-0.0367024280068,-0.023877085738,-0.217391304348,0.130434782609,0.0434782608696,55,14,44,393,0.555555555556,0.965601965602,0.034398034398,0.444444444444,0.797101449275,0.555555555556,0.654761904762,0.602446586228,0.521157521158,0.486725663717,50,80,0,23,23,23,1,0,8,0,0.0386050732335,0,0,1,3.88826011686,0,16,NaN,1,ok,2.18974518502,0,23,14,14,0.608695652174,0,5,0,0.0450928381963,0,0,1,4.44117647059,0,16,NaN,1,ok,2.32878151261,0,23,22,22,0.95652173913,0,3,0,0.0061500463957,0,0,1,3.88546118056,0,16,NaN,1,ok,2.5146763095,0,0,0,0
152,WLNM_dir_neg,0.78359375,0.634154282991,00:00:00,10,20,52,506381398,fixed,validated_v2,/gpfs/scratch/acw792/wlnm_roleonly_v2_20260910/result_wlnm_dir_neg_roleonly_trophicv2_100x290_train10-90_Apocrita_20260910_011848/ecological_snapshots/Broadstone_Stream_tax_mass_K10_ratio0.2_exp52_seed506381398_threshold0.5_validated_v2.mat,role_only,2,uniform_without_replacement,uniform_remaining_nonlinks,176,0,176,407,198,198,176,22,0,22,0.111111111111,38,160,0.5,0.688888888889,0.3875,0.496,31,14,49,146,0.3875,0.9125,0.0875,0.6125,0.688888888889,0.3875,0.496,0.7375,0.604166666667,0.336842105263,0.362328650926,0.3,99,19,80,0,99,0,19,0,80,23,99,0.195652173913,2.18974518502,8.60869565217,6.6,4.5,4.59979377438,0.534319478842,0.291611769873,4.28989068105,0.996641269334,0.541062801932,2.91445898002,0.677096530713,0.355731225296,1.07629584498,0.491516479791,2.88826011686,2.18974518502,1.07629584498,2.88826011686,0.351612638569,0.458912768647,121,0.0683229813665,0.291765337837,23,23,23,1,0,0.347826086957,0.608695652174,0.0434782608696,23,0.0375494071146,1.80072463768,1.65217391304,1.9,1.58333333333,1.74795193537,1.05797090825,0.556064073227,1.15412989316,1.3971046075,0.677345537757,1.02921743939,1.24589479505,0.608695652174,1.13400196204,0.629747568457,3.61111111111,2.33974358974,1.24846376001,3.61111111111,0.06,0.09375,1,0.000564652738566,0.08,23,13,13,0.565217391304,0,0.217391304348,0.304347826087,0.130434782609,23,64,0.126482213439,4.53325696161,5.5652173913,4.92307692308,2.90909090909,5.15069357162,0.925515251151,0.478940217391,3.75325945303,1.34882761593,0.658967391304,2.06610132945,0.742505165271,0.396739130435,3.49628438757,0.771252196196,8.13279123826,4.69385955078,3.49064562482,8.13279123826,0.608948458948,0.429667519182,56,0.0316205533597,0.166683528273,23,22,22,0.95652173913,0,0.391304347826,0.565217391304,0,-35,-0.0691699604743,2.34351177659,-3.04347826087,-1.67692307692,-1.59090909091,0.550899797247,0.39119577231,0.187328447519,-0.53663122802,0.352186346597,0.117904589372,-0.848357650574,0.0654086345585,0.0410079051383,2.41998854258,0.279735716405,5.2445311214,2.50411436575,2.41434977984,5.2445311214,0.257335820379,-0.0292452494657,-65,-0.0367024280068,-0.125081809564,0.0434782608696,-0.0434782608696,-0.0434782608696,50,14,49,393,0.505050505051,0.965601965602,0.034398034398,0.494949494949,0.78125,0.505050505051,0.613496932515,0.561712415369,0.470652470652,0.442477876106,45,80,0,23,23,23,1,0,8,0,0.0386050732335,0,0,1,3.88826011686,0,16,NaN,1,ok,2.18974518502,0,23,13,13,0.565217391304,0,4,0,0.0380952380952,0,0,1,4.61111111111,0,16,NaN,1,ok,2.33974358974,0,23,22,22,0.95652173913,0,9,0,0.0126399449636,0,0,1,9.13279123826,0,16,NaN,1,ok,4.69385955078,0,0,0,0
153,WLNM_dir_neg,0.7553125,0.470553469772,00:00:01,10,20,53,506381399,fixed,validated_v2,/gpfs/scratch/acw792/wlnm_roleonly_v2_20260910/result_wlnm_dir_neg_roleonly_trophicv2_100x290_train10-90_Apocrita_20260910_011848/ecological_snapshots/Broadstone_Stream_tax_mass_K10_ratio0.2_exp53_seed506381399_threshold0.5_validated_v2.mat,role_only,2,uniform_without_replacement,uniform_remaining_nonlinks,176,0,176,407,198,198,176,22,0,22,0.111111111111,38,160,0.5,0.770833333333,0.4625,0.578125,37,11,43,149,0.4625,0.93125,0.06875,0.5375,0.770833333333,0.4625,0.578125,0.775,0.6,0.4375,0.464038825154,0.39375,99,19,80,0,99,0,19,0,80,23,99,0.195652173913,2.18974518502,8.60869565217,6.6,4.5,4.59979377438,0.534319478842,0.291611769873,4.28989068105,0.996641269334,0.541062801932,2.91445898002,0.677096530713,0.355731225296,1.07629584498,0.491516479791,2.88826011686,2.18974518502,1.07629584498,2.88826011686,0.351612638569,0.458912768647,121,0.0683229813665,0.291765337837,23,23,23,1,0,0.347826086957,0.608695652174,0.0434782608696,23,0.0375494071146,1.61322463768,1.65217391304,2.11111111111,1.58333333333,1.55530457854,0.941368560693,0.510297482838,1.19286415873,1.44399345531,0.691075514874,0.984062724952,1.19123382494,0.604118993135,0.845340254262,0.52400653605,2.5,1.94027777778,0.890761760826,2.5,0.175,0.153846153846,2,0.00112930547713,0.0736111111111,23,15,15,0.652173913043,0,0.260869565217,0.260869565217,0.130434782609,23,67,0.132411067194,1,5.82608695652,3.72222222222,3.94117647059,4.99683694417,0.857666042656,0.466580142764,3.43660831051,1.17973121107,0.582738481506,3.18965719843,1.09495694871,0.563270603504,0,0,0,17.244598894,7.35956796236,22.5709691524,0.570435490435,0.492134831461,73,0.0412196499153,0.215618658756,23,21,21,0.913043478261,0,0.130434782609,0.608695652174,0.173913043478,-32,-0.0632411067194,-1.18974518502,-2.78260869565,-2.87777777778,-0.558823529412,0.397043169795,0.323346563815,0.174968372892,-0.853282370541,0.183089941735,0.0416756795731,0.275198218403,0.417860418001,0.207539378208,-1.07629584498,-0.491516479791,-2.88826011686,15.054853709,6.28327211738,19.6827090356,0.218822851866,0.0332220628134,-48,-0.0271033314512,-0.0761466790809,-0.217391304348,0,0.130434782609,56,11,43,396,0.565656565657,0.972972972973,0.027027027027,0.434343434343,0.835820895522,0.565656565657,0.674698795181,0.630427728904,0.53862953863,0.509090909091,48,80,0,23,23,23,1,0,8,0,0.0386050732335,0,0,1,3.88826011686,0,16,NaN,1,ok,2.18974518502,0,23,15,15,0.652173913043,0,6,0,0.0817543112625,0,0,1,3.5,0,16,NaN,1,ok,1.94027777778,0,23,21,21,0.913043478261,0,3,0,0.00178540968645,0,0,1,23.5709691524,1,16,NaN,1,ok,NaN,3,0,0,0
154,WLNM_dir_neg,0.7573046875,0.605445968511,00:00:00,10,20,54,506381400,fixed,validated_v2,/gpfs/scratch/acw792/wlnm_roleonly_v2_20260910/result_wlnm_dir_neg_roleonly_trophicv2_100x290_train10-90_Apocrita_20260910_011848/ecological_snapshots/Broadstone_Stream_tax_mass_K10_ratio0.2_exp54_seed506381400_threshold0.5_validated_v2.mat,role_only,2,uniform_without_replacement,uniform_remaining_nonlinks,176,0,176,407,198,198,176,22,0,22,0.111111111111,38,160,0.5,0.741935483871,0.575,0.647887323944,46,16,34,144,0.575,0.9,0.1,0.425,0.741935483871,0.575,0.647887323944,0.791666666667,0.580555555556,0.503311258278,0.511555488447,0.475,99,19,80,0,99,0,19,0,80,23,99,0.195652173913,2.18974518502,8.60869565217,6.6,4.5,4.59979377438,0.534319478842,0.291611769873,4.28989068105,0.996641269334,0.541062801932,2.91445898002,0.677096530713,0.355731225296,1.07629584498,0.491516479791,2.88826011686,2.18974518502,1.07629584498,2.88826011686,0.351612638569,0.458912768647,121,0.0683229813665,0.291765337837,23,23,23,1,0,0.347826086957,0.608695652174,0.0434782608696,23,0.0375494071146,1.82608695652,1.65217391304,1.46153846154,1.46153846154,1.02729546304,0.62178409605,0.329519450801,0.886882892395,1.07359508027,0.553775743707,0.984062724952,1.19123382494,0.572082379863,0.834057656228,0.456745859363,2,1.91666666667,0.792961461099,2,0.179487179487,0.125,1,0.000564652738566,0.0662393162393,23,12,12,0.521739130435,0,0.304347826087,0.260869565217,0.304347826087,23,81,0.160079051383,1,7.04347826087,3.68181818182,4.05,4.50735016763,0.639932431206,0.344068706388,3.20325920981,0.909567429945,0.463768115942,3.66642710919,1.04108424088,0.473429951691,0,0,0,NaN,NaN,NaN,0.543399278903,0.405537459283,83,0.046866177301,0.267860001951,23,23,0,1,7,0.0434782608696,0.826086956522,0.130434782609,-18,-0.0355731225296,-1.18974518502,-1.5652173913,-2.91818181818,-0.45,-0.0924436067513,0.105612952364,0.0524569365149,-1.08663147124,-0.0870738393888,-0.0772946859903,0.75196812917,0.36398771017,0.117698726394,-1.07629584498,-0.491516479791,-2.88826011686,NaN,NaN,NaN,0.191786640334,-0.0533753093639,-38,-0.0214568040655,-0.0239053358859,-0.304347826087,0.217391304348,0.0869565217391,65,16,34,391,0.656565656566,0.960687960688,0.039312039312,0.343434343434,0.802469135802,0.656565656566,0.722222222222,0.66779239845,0.617253617254,0.565217391304,62,80,0,23,23,23,1,0,8,0,0.0386050732335,0,0,1,3.88826011686,0,16,NaN,1,ok,2.18974518502,0,23,12,12,0.521739130435,0,4,0,0.051724137931,0,0,1,3,0,16,NaN,1,ok,1.91666666667,0,23,23,0,1,7,1,13,NaN,NaN,NaN,NaN,NaN,0,0,NaN,0,basal_unreachable_in_lcc,NaN,2,0,0,0
155,WLNM_dir_neg,0.743984375,0.60050440995,00:00:01,10,20,55,506381401,fixed,validated_v2,/gpfs/scratch/acw792/wlnm_roleonly_v2_20260910/result_wlnm_dir_neg_roleonly_trophicv2_100x290_train10-90_Apocrita_20260910_011848/ecological_snapshots/Broadstone_Stream_tax_mass_K10_ratio0.2_exp55_seed506381401_threshold0.5_validated_v2.mat,role_only,2,uniform_without_replacement,uniform_remaining_nonlinks,176,0,176,407,198,198,176,22,0,22,0.111111111111,38,160,0.5,0.661016949153,0.4875,0.561151079137,39,20,41,140,0.4875,0.875,0.125,0.5125,0.661016949153,0.4875,0.561151079137,0.745833333333,0.584722222222,0.387959866221,0.396869480307,0.3625,99,19,80,0,99,0,19,0,80,23,99,0.195652173913,2.18974518502,8.60869565217,6.6,4.5,4.59979377438,0.534319478842,0.291611769873,4.28989068105,0.996641269334,0.541062801932,2.91445898002,0.677096530713,0.355731225296,1.07629584498,0.491516479791,2.88826011686,2.18974518502,1.07629584498,2.88826011686,0.351612638569,0.458912768647,121,0.0683229813665,0.291765337837,23,23,23,1,0,0.347826086957,0.608695652174,0.0434782608696,23,0.0375494071146,1.8,1.65217391304,1.9,1.72727272727,1.52579921389,0.923510050512,0.50114416476,1.230379613,1.48940689995,0.681922196796,1.1140496934,1.34858647096,0.654462242563,1.15505039463,0.641694663685,3.66666666667,2.15,1.23588324991,3.66666666667,0.136363636364,0.0789473684211,1,0.000564652738566,0.104444444444,23,16,16,0.695652173913,0,0.260869565217,0.217391304348,0.217391304348,23,78,0.154150197628,1,6.78260869565,3.54545454545,3.54545454545,5.03583992939,0.742463579334,0.355629877369,2.75910279282,0.813581592754,0.397993311037,4.22911048497,1.24704539941,0.516164994426,0,0,0,24.5740512755,6.1766973956,27.358778626,0.508210346062,0.336956521739,62,0.0350084697911,0.317138468724,23,23,23,1,0,0.0434782608696,0.913043478261,0.0434782608696,-21,-0.0415019762846,-1.18974518502,-1.82608695652,-3.05454545455,-0.954545454545,0.436046155016,0.208144100492,0.0640181074964,-1.53078788823,-0.18305967658,-0.143069490896,1.31465150494,0.569948868701,0.160433769129,-1.07629584498,-0.491516479791,-2.88826011686,22.3843060905,5.10040155061,24.4705185091,0.156597707493,-0.121956246908,-59,-0.0333145115754,0.0253731308869,-0.304347826087,0.304347826087,0,58,20,41,387,0.585858585859,0.95085995086,0.04914004914,0.414141414141,0.74358974359,0.585858585859,0.655367231638,0.589647159679,0.536718536719,0.487394957983,59,80,0,23,23,23,1,0,8,0,0.0386050732335,0,0,1,3.88826011686,0,16,NaN,1,ok,2.18974518502,0,23,16,16,0.695652173913,0,6,0,0.0696864111498,0,0,1,4.66666666667,0,16,NaN,1,ok,2.15,0,23,23,23,1,0,1,0,0.000717467871585,0,0,1,28.358778626,1,16,NaN,1,ok,NaN,3,0,0,0
156,WLNM_dir_neg,0.840390625,0.730161859002,00:00:01,10,20,56,506381402,fixed,validated_v2,/gpfs/scratch/acw792/wlnm_roleonly_v2_20260910/result_wlnm_dir_neg_roleonly_trophicv2_100x290_train10-90_Apocrita_20260910_011848/ecological_snapshots/Broadstone_Stream_tax_mass_K10_ratio0.2_exp56_seed506381402_threshold0.5_validated_v2.mat,role_only,2,uniform_without_replacement,uniform_remaining_nonlinks,176,0,176,407,198,198,176,22,0,22,0.111111111111,38,160,0.5,0.769230769231,0.5,0.606060606061,40,12,40,148,0.5,0.925,0.075,0.5,0.769230769231,0.5,0.606060606061,0.783333333333,0.594444444444,0.465753424658,0.486310132537,0.425,99,19,80,0,99,0,19,0,80,23,99,0.195652173913,2.18974518502,8.60869565217,6.6,4.5,4.59979377438,0.534319478842,0.291611769873,4.28989068105,0.996641269334,0.541062801932,2.91445898002,0.677096530713,0.355731225296,1.07629584498,0.491516479791,2.88826011686,2.18974518502,1.07629584498,2.88826011686,0.351612638569,0.458912768647,121,0.0683229813665,0.291765337837,23,23,23,1,0,0.347826086957,0.608695652174,0.0434782608696,23,0.0375494071146,1.93913043478,1.65217391304,1.58333333333,1.58333333333,1.26522350351,0.765793173177,0.393592677346,0.936733876686,1.13394100862,0.585812356979,0.936733876686,1.13394100862,0.585812356979,1.12077048597,0.577975811149,3.4,2.30666666667,1.20443624433,3.4,0,0,0,0,0.0454545454545,23,15,15,0.652173913043,0,0.347826086957,0.173913043478,0.347826086957,23,71,0.140316205534,12.4394106118,6.17391304348,3.38095238095,3.73684210526,3.44637060627,0.558214957353,0.296387017759,2.62701080522,0.851003500283,0.455603184323,3.08829231245,1.00043272093,0.51071647275,3.92174957338,0.315268118063,14.4224186308,12.4394106118,3.92174957338,14.4224186308,0.248379902925,0.27621483376,36,0.0203274985884,0.238935667507,23,23,23,1,0,0.0869565217391,0.739130434783,0.173913043478,-28,-0.0553359683794,10.2496654267,-2.4347826087,-3.21904761905,-0.763157894737,-1.15342316811,0.0238954785111,0.00477524788609,-1.66287987583,-0.145637769051,-0.085459617609,0.173833332422,0.323336190221,0.154985247453,2.84545372839,-0.176248361729,11.5341585139,10.2496654267,2.84545372839,11.5341585139,-0.103232735644,-0.182697934888,-85,-0.0479954827781,-0.0528296703297,-0.260869565217,0.130434782609,0.130434782609,59,12,40,395,0.59595959596,0.970515970516,0.029484029484,0.40404040404,0.830985915493,0.59595959596,0.694117647059,0.647026668654,0.566475566476,0.531531531532,52,80,0,23,23,23,1,0,8,0,0.0386050732335,0,0,1,3.88826011686,0,16,NaN,1,ok,2.18974518502,0,23,15,15,0.652173913043,0,5,0,0.063025210084,0,0,1,4.4,0,16,NaN,1,ok,2.30666666667,0,23,23,23,1,0,2,0,0.00127147151914,0,0,1,15.4224186308,0,16,NaN,1,ok,12.4394106118,0,0,0,0
157,WLNM_dir_neg,0.826484375,0.614888879086,00:00:01,10,20,57,506381403,fixed,validated_v2,/gpfs/scratch/acw792/wlnm_roleonly_v2_20260910/result_wlnm_dir_neg_roleonly_trophicv2_100x290_train10-90_Apocrita_20260910_011848/ecological_snapshots/Broadstone_Stream_tax_mass_K10_ratio0.2_exp57_seed506381403_threshold0.5_validated_v2.mat,role_only,2,uniform_without_replacement,uniform_remaining_nonlinks,176,0,176,407,198,198,176,22,0,22,0.111111111111,38,160,0.5,0.78431372549,0.5,0.610687022901,40,11,40,149,0.5,0.93125,0.06875,0.5,0.78431372549,0.5,0.610687022901,0.7875,0.595833333333,0.474226804124,0.496956188057,0.43125,99,19,80,0,99,0,19,0,80,23,99,0.195652173913,2.18974518502,8.60869565217,6.6,4.5,4.59979377438,0.534319478842,0.291611769873,4.28989068105,0.996641269334,0.541062801932,2.91445898002,0.677096530713,0.355731225296,1.07629584498,0.491516479791,2.88826011686,2.18974518502,1.07629584498,2.88826011686,0.351612638569,0.458912768647,121,0.0683229813665,0.291765337837,23,23,23,1,0,0.347826086957,0.608695652174,0.0434782608696,23,0.0375494071146,1.68695652174,1.65217391304,1.9,1.26666666667,1.40158013594,0.848324819123,0.450800915332,1.1140496934,1.34858647096,0.66819221968,0.716822148161,0.86773207409,0.448512585812,0.947390841794,0.56159766395,3,1.87777777778,0.99205998132,3,0,0,0,0,0.022962962963,23,18,18,0.782608695652,0,0.347826086957,0.304347826087,0.130434782609,23,70,0.138339920949,2.59472725282,6.08695652174,5,3.5,3.97621386244,0.653235134543,0.355279503106,3.53525440604,1.16158359056,0.607453416149,1.74455675198,0.573211504221,0.310559006211,1.50243235628,0.579032865456,4.44023241779,2.66721485522,1.49605692386,4.44023241779,0.393336940837,0.37054631829,52,0.0293619424054,0.128059638774,23,22,22,0.95652173913,0,0.347826086957,0.521739130435,0.0869565217391,-29,-0.0573122529644,0.404982067795,-2.52173913043,-1.6,-1,-0.623579911939,0.118915655702,0.063667733233,-0.754636275009,0.164942321221,0.0663906142167,-1.16990222805,-0.103885026492,-0.0451722190853,0.426136511293,0.0875163856645,1.55197230093,0.477469670196,0.419761078879,1.55197230093,0.0417243022678,-0.0883664503575,-69,-0.038961038961,-0.163705699063,0,-0.0869565217391,0.0434782608696,59,11,40,396,0.59595959596,0.972972972973,0.027027027027,0.40404040404,0.842857142857,0.59595959596,0.698224852071,0.653707297652,0.568932568933,0.536363636364,51,80,0,23,23,23,1,0,8,0,0.0386050732335,0,0,1,3.88826011686,0,16,NaN,1,ok,2.18974518502,0,23,18,18,0.782608695652,0,8,0,0.15306122449,0,0,1,4,0,16,NaN,1,ok,1.87777777778,0,23,22,22,0.95652173913,0,8,0,0.0405288367667,0,0,1,5.44023241779,0,16,NaN,1,ok,2.66721485522,0,0,0,0
158,WLNM_dir_neg,0.717890625,0.544973435974,00:00:01,10,20,58,506381404,fixed,validated_v2,/gpfs/scratch/acw792/wlnm_roleonly_v2_20260910/result_wlnm_dir_neg_roleonly_trophicv2_100x290_train10-90_Apocrita_20260910_011848/ecological_snapshots/Broadstone_Stream_tax_mass_K10_ratio0.2_exp58_seed506381404_threshold0.5_validated_v2.mat,role_only,2,uniform_without_replacement,uniform_remaining_nonlinks,176,0,176,407,198,198,176,22,0,22,0.111111111111,38,160,0.5,0.878787878788,0.3625,0.513274336283,29,4,51,156,0.3625,0.975,0.025,0.6375,0.878787878788,0.3625,0.513274336283,0.770833333333,0.620833333333,0.395604395604,0.461994302105,0.3375,99,19,80,0,99,0,19,0,80,23,99,0.195652173913,2.18974518502,8.60869565217,6.6,4.5,4.59979377438,0.534319478842,0.291611769873,4.28989068105,0.996641269334,0.541062801932,2.91445898002,0.677096530713,0.355731225296,1.07629584498,0.491516479791,2.88826011686,2.18974518502,1.07629584498,2.88826011686,0.351612638569,0.458912768647,121,0.0683229813665,0.291765337837,23,23,23,1,0,0.347826086957,0.608695652174,0.0434782608696,23,0.0375494071146,1.71195652174,1.65217391304,1.58333333333,1.1875,1.15241626208,0.697515105996,0.340961098398,1.07247267026,1.29825639032,0.622425629291,0.716822148161,0.86773207409,0.402745995423,0.795436899861,0.464636157379,2.25,1.85416666667,0.820520369321,2.25,0,0,0,0,0.0353535353535,23,18,18,0.782608695652,0,0.391304347826,0.304347826087,0.217391304348,23,52,0.102766798419,1.7450300399,4.52173913043,4.33333333333,2.36363636364,2.5914117812,0.573100682382,0.30602006689,2.84792414519,1.25965875653,0.64381270903,1.17617992224,0.520233427146,0.277591973244,0.795179354496,0.455682329998,2.20229007634,1.7450300399,0.795179354496,2.20229007634,0.213043478261,0.221789883268,19,0.0107284020327,0.113897255943,23,23,23,1,0,0.478260869565,0.478260869565,0.0434782608696,-47,-0.0928853754941,-0.44471514513,-4.08695652174,-2.26666666667,-2.13636363636,-2.00838199317,0.0387812035399,0.014408297017,-1.44196653586,0.263017487192,0.102749907098,-1.73827905778,-0.156863103567,-0.0781392520523,-0.281116490487,-0.0358341497931,-0.685970040522,-0.44471514513,-0.281116490487,-0.685970040522,-0.138569160308,-0.237122885379,-102,-0.0575945793337,-0.177868081894,0.130434782609,-0.130434782609,0,48,4,51,403,0.484848484848,0.990171990172,0.00982800982801,0.515151515152,0.923076923077,0.484848484848,0.635761589404,0.620579654505,0.47502047502,0.466019417476,33,80,0,23,23,23,1,0,8,0,0.0386050732335,0,0,1,3.88826011686,0,16,NaN,1,ok,2.18974518502,0,23,18,18,0.782608695652,0,7,0,0.0816326530612,0,0,1,3.25,0,16,NaN,1,ok,1.85416666667,0,23,23,23,1,0,11,0,0.0564700799449,0,0,1,3.20229007634,0,16,NaN,1,ok,1.7450300399,0,0,0,0
159,WLNM_dir_neg,0.6831640625,0.542505677796,00:00:00,10,20,59,506381405,fixed,validated_v2,/gpfs/scratch/acw792/wlnm_roleonly_v2_20260910/result_wlnm_dir_neg_roleonly_trophicv2_100x290_train10-90_Apocrita_20260910_011848/ecological_snapshots/Broadstone_Stream_tax_mass_K10_ratio0.2_exp59_seed506381405_threshold0.5_validated_v2.mat,role_only,2,uniform_without_replacement,uniform_remaining_nonlinks,176,0,176,407,198,198,176,22,0,22,0.111111111111,38,160,0.5,0.55223880597,0.4625,0.503401360544,37,30,43,130,0.4625,0.8125,0.1875,0.5375,0.55223880597,0.4625,0.503401360544,0.695833333333,0.573611111111,0.28664495114,0.288986280792,0.275,99,19,80,0,99,0,19,0,80,23,99,0.195652173913,2.18974518502,8.60869565217,6.6,4.5,4.59979377438,0.534319478842,0.291611769873,4.28989068105,0.996641269334,0.541062801932,2.91445898002,0.677096530713,0.355731225296,1.07629584498,0.491516479791,2.88826011686,2.18974518502,1.07629584498,2.88826011686,0.351612638569,0.458912768647,121,0.0683229813665,0.291765337837,23,23,23,1,0,0.347826086957,0.608695652174,0.0434782608696,23,0.0375494071146,1.57246376812,1.65217391304,1.9,1.72727272727,1.55530457854,0.941368560693,0.512585812357,1.19286415873,1.44399345531,0.691075514874,1.15412989316,1.3971046075,0.663615560641,0.722695024457,0.459594070853,2,1.87777777778,0.730477846069,2,0.0909090909091,0.153846153846,2,0.00112930547713,0.122592592593,23,15,15,0.652173913043,0,0.217391304348,0.260869565217,0.173913043478,23,86,0.169960474308,12.4625777726,7.47826086957,4.52631578947,3.73913043478,4.35753855892,0.582694109623,0.319009100101,3.49307615543,0.934194785756,0.48432760364,2.9575387695,0.790969670914,0.397371081901,5.69758708743,0.457175649485,17.879647927,12.4625777726,5.69758708743,17.879647927,0.463861643407,0.41679389313,91,0.0513833992095,0.214395152556,23,23,23,1,0,0.173913043478,0.826086956522,0,-13,-0.0256916996047,10.2728325875,-1.13043478261,-2.07368421053,-0.760869565217,-0.242255215455,0.0483746307815,0.0273973302285,-0.796814525612,-0.0624464835784,-0.0567351982923,0.0430797894801,0.113873140201,0.0416398566045,4.62129124244,-0.0343408303067,14.9913878102,10.2728325875,4.62129124244,14.9913878102,0.112249004838,-0.0421188755175,-30,-0.016939582157,-0.0773701852803,-0.173913043478,0.217391304348,-0.0434782608696,56,30,43,377,0.565656565657,0.92628992629,0.0737100737101,0.434343434343,0.651162790698,0.565656565657,0.605405405405,0.519587625145,0.491946491946,0.434108527132,67,80,0,23,23,23,1,0,8,0,0.0386050732335,0,0,1,3.88826011686,0,16,NaN,1,ok,2.18974518502,0,23,15,15,0.652173913043,0,5,0,0.0520325203252,0,0,1,3,0,16,NaN,1,ok,1.87777777778,0,23,23,23,1,0,4,0,0.00392187494869,0,0,1,18.879647927,0,16,NaN,1,ok,12.4625777726,0,0,0,0
160,WLNM_dir_neg,0.7442578125,0.647578473224,00:00:01,10,20,60,506381406,fixed,validated_v2,/gpfs/scratch/acw792/wlnm_roleonly_v2_20260910/result_wlnm_dir_neg_roleonly_trophicv2_100x290_train10-90_Apocrita_20260910_011848/ecological_snapshots/Broadstone_Stream_tax_mass_K10_ratio0.2_exp60_seed506381406_threshold0.5_validated_v2.mat,role_only,2,uniform_without_replacement,uniform_remaining_nonlinks,176,0,176,407,198,198,176,22,0,22,0.111111111111,38,160,0.5,0.888888888889,0.4,0.551724137931,32,4,48,156,0.4,0.975,0.025,0.6,0.888888888889,0.4,0.551724137931,0.783333333333,0.616666666667,0.434782608696,0.495073771488,0.375,99,19,80,0,99,0,19,0,80,23,99,0.195652173913,2.18974518502,8.60869565217,6.6,4.5,4.59979377438,0.534319478842,0.291611769873,4.28989068105,0.996641269334,0.541062801932,2.91445898002,0.677096530713,0.355731225296,1.07629584498,0.491516479791,2.88826011686,2.18974518502,1.07629584498,2.88826011686,0.351612638569,0.458912768647,121,0.0683229813665,0.291765337837,23,23,23,1,0,0.347826086957,0.608695652174,0.0434782608696,23,0.0375494071146,1.69927536232,1.65217391304,1.72727272727,1.72727272727,1.36876505893,0.828463061987,0.453089244851,1.07247267026,1.29825639032,0.645308924485,1.07247267026,1.29825639032,0.645308924485,0.812908456164,0.478385360131,2.16666666667,2.00555555556,0.828837076554,2.16666666667,0.0757575757576,0.0909090909091,1,0.000564652738566,0.0763636363636,23,15,15,0.652173913043,0,0.260869565217,0.217391304348,0.260869565217,23,55,0.108695652174,1.86906683956,4.78260869565,5,3.66666666667,4.66082826954,0.974536819994,0.528853754941,3.40773359014,1.4250522286,0.692490118577,2.14770766664,0.898132296959,0.488537549407,1.02677391794,0.549351096605,2.60115506391,2.17579631235,1.03267702531,2.60115506391,0.597928262214,0.536741214058,56,0.0316205533597,0.188199780018,23,17,17,0.739130434783,0,0.260869565217,0.391304347826,0.0869565217391,-44,-0.0869565217391,-0.320678345463,-3.82608695652,-1.6,-0.833333333333,0.0610344951585,0.440217341152,0.237241985068,-0.882157090911,0.428410959268,0.151427316645,-0.766751313385,0.221035766246,0.132806324111,-0.0495219270414,0.0578346168139,-0.287105052948,-0.0139488726759,-0.043618819675,-0.287105052948,0.246315623645,0.0778284454102,-65,-0.0367024280068,-0.103565557819,-0.0869565217391,-0.217391304348,0.0434782608696,51,4,48,403,0.515151515152,0.990171990172,0.00982800982801,0.484848484848,0.927272727273,0.515151515152,0.662337662338,0.64404273603,0.505323505324,0.495145631068,36,80,0,23,23,23,1,0,8,0,0.0386050732335,0,0,1,3.88826011686,0,16,NaN,1,ok,2.18974518502,0,23,15,15,0.652173913043,0,5,0,0.0497695852535,0,0,1,3.16666666667,0,16,NaN,1,ok,2.00555555556,0,23,17,17,0.739130434783,0,6,0,0.0456125876336,0,0,1,3.60115506391,0,16,NaN,1,ok,2.17579631235,0,0,0,0
161,WLNM_dir_neg,0.771328125,0.680076800337,00:00:00,10,20,61,506381407,fixed,validated_v2,/gpfs/scratch/acw792/wlnm_roleonly_v2_20260910/result_wlnm_dir_neg_roleonly_trophicv2_100x290_train10-90_Apocrita_20260910_011848/ecological_snapshots/Broadstone_Stream_tax_mass_K10_ratio0.2_exp61_seed506381407_threshold0.5_validated_v2.mat,role_only,2,uniform_without_replacement,uniform_remaining_nonlinks,176,0,176,407,198,198,176,22,0,22,0.111111111111,38,160,0.5,0.913043478261,0.2625,0.407766990291,21,2,59,158,0.2625,0.9875,0.0125,0.7375,0.913043478261,0.2625,0.407766990291,0.745833333333,0.634722222222,0.304182509506,0.40036048673,0.25,99,19,80,0,99,0,19,0,80,23,99,0.195652173913,2.18974518502,8.60869565217,6.6,4.5,4.59979377438,0.534319478842,0.291611769873,4.28989068105,0.996641269334,0.541062801932,2.91445898002,0.677096530713,0.355731225296,1.07629584498,0.491516479791,2.88826011686,2.18974518502,1.07629584498,2.88826011686,0.351612638569,0.458912768647,121,0.0683229813665,0.291765337837,23,23,23,1,0,0.347826086957,0.608695652174,0.0434782608696,23,0.0375494071146,1.69565217391,1.65217391304,1.72727272727,1.72727272727,1.58426052874,0.958894530553,0.512585812357,1.230379613,1.48940689995,0.672768878719,1.230379613,1.48940689995,0.672768878719,0.822124885929,0.484842881445,2,2.15384615385,0.800640769025,2,0.0444444444444,0.075,1,0.000564652738566,0.128354978355,23,13,13,0.565217391304,0,0.173913043478,0.304347826087,0.173913043478,23,42,0.0830039525692,2.72333988193,3.65217391304,3.5,2.8,3.78524282459,1.0364355353,0.544513457557,2.7077695268,1.48282616944,0.695652173913,2.10307510593,1.15168398658,0.590062111801,1.89723321966,0.696656789791,5,3.75977266318,1.75121367717,5,0.556349206349,0.541463414634,37,0.0208921513269,0.163048777822,23,14,14,0.608695652174,0,0.173913043478,0.478260869565,0.0434782608696,-57,-0.112648221344,0.53359469691,-4.95652173913,-3.1,-1.7,-0.814550949788,0.502116056462,0.252901687684,-1.58212115425,0.486184900105,0.154589371981,-0.811383874094,0.474587455868,0.234330886505,0.820937374675,0.20514031,2.11173988314,1.57002747815,0.674917832188,2.11173988314,0.20473656778,0.0825506459869,-84,-0.0474308300395,-0.128716560015,-0.173913043478,-0.130434782609,0,40,2,59,405,0.40404040404,0.995085995086,0.004914004914,0.59595959596,0.952380952381,0.40404040404,0.567375886525,0.573907130139,0.399126399126,0.39603960396,23,80,0,23,23,23,1,0,8,0,0.0386050732335,0,0,1,3.88826011686,0,16,NaN,1,ok,2.18974518502,0,23,13,13,0.565217391304,0,3,0,0.0324009072254,0,0,1,3,0,16,NaN,1,ok,2.15384615385,0,23,14,14,0.608695652174,0,3,0,0.0215875157961,0,0,1,6,0,16,NaN,1,ok,3.75977266318,0,0,0,0
162,WLNM_dir_neg,0.7985546875,0.666029403214,00:00:01,10,20,62,506381408,fixed,validated_v2,/gpfs/scratch/acw792/wlnm_roleonly_v2_20260910/result_wlnm_dir_neg_roleonly_trophicv2_100x290_train10-90_Apocrita_20260910_011848/ecological_snapshots/Broadstone_Stream_tax_mass_K10_ratio0.2_exp62_seed506381408_threshold0.5_validated_v2.mat,role_only,2,uniform_without_replacement,uniform_remaining_nonlinks,176,0,176,407,198,198,176,22,0,22,0.111111111111,38,160,0.5,0.75,0.3375,0.465517241379,27,9,53,151,0.3375,0.94375,0.05625,0.6625,0.75,0.3375,0.465517241379,0.741666666667,0.616666666667,0.326086956522,0.371305328616,0.28125,99,19,80,0,99,0,19,0,80,23,99,0.195652173913,2.18974518502,8.60869565217,6.6,4.5,4.59979377438,0.534319478842,0.291611769873,4.28989068105,0.996641269334,0.541062801932,2.91445898002,0.677096530713,0.355731225296,1.07629584498,0.491516479791,2.88826011686,2.18974518502,1.07629584498,2.88826011686,0.351612638569,0.458912768647,121,0.0683229813665,0.291765337837,23,23,23,1,0,0.347826086957,0.608695652174,0.0434782608696,23,0.0375494071146,1.94492753623,1.65217391304,1.58333333333,1.46153846154,1.40158013594,0.848324819123,0.453089244851,0.984062724952,1.19123382494,0.604118993135,0.984062724952,1.19123382494,0.572082379863,1.14497623352,0.588698659558,3.6,2.52121212121,1.30087771458,3.6,0.203703703704,0.214285714286,2,0.00112930547713,0.0580808080808,23,11,11,0.478260869565,0,0.260869565217,0.304347826087,0.217391304348,23,55,0.108695652174,7.1400655524,4.78260869565,4.23076923077,2.89473684211,4.03345691728,0.843359173613,0.464031620553,2.99604482359,1.25289147168,0.621343873518,2.23075874648,0.932862748526,0.479051383399,5.85772681816,0.820402386388,14.1621400858,8.06107538526,5.73456188051,14.1621400858,0.524152236652,0.450980392157,46,0.025974025974,0.174675929484,23,20,20,0.869565217391,0,0.304347826087,0.521739130435,0.0434782608696,-44,-0.0869565217391,4.95032036737,-3.82608695652,-2.36923076923,-1.60526315789,-0.566336857097,0.309039694771,0.172419850681,-1.29384585745,0.25625020235,0.0802810715854,-0.683700233548,0.255766217814,0.123320158103,4.78143097317,0.328885906597,11.2738799689,5.87133020023,4.65826603553,11.2738799689,0.172539598083,-0.00793237649042,-75,-0.0423489553924,-0.117089408353,-0.0434782608696,-0.0869565217391,0,46,9,53,398,0.464646464646,0.977886977887,0.022113022113,0.535353535354,0.836363636364,0.464646464646,0.597402597403,0.564015815832,0.442533442533,0.425925925926,36,80,0,23,23,23,1,0,8,0,0.0386050732335,0,0,1,3.88826011686,0,16,NaN,1,ok,2.18974518502,0,23,11,11,0.478260869565,0,3,0,0.0326086956522,0,0,1,4.6,0,16,NaN,1,ok,2.52121212121,0,23,20,20,0.869565217391,0,7,0,0.00690747293119,0,0,1,15.1621400858,0,16,NaN,1,ok,8.06107538526,0,0,0,0
163,WLNM_dir_neg,0.7887890625,0.591474109019,00:00:01,10,20,63,506381409,fixed,validated_v2,/gpfs/scratch/acw792/wlnm_roleonly_v2_20260910/result_wlnm_dir_neg_roleonly_trophicv2_100x290_train10-90_Apocrita_20260910_011848/ecological_snapshots/Broadstone_Stream_tax_mass_K10_ratio0.2_exp63_seed506381409_threshold0.5_validated_v2.mat,role_only,2,uniform_without_replacement,uniform_remaining_nonlinks,176,0,176,407,198,198,176,22,0,22,0.111111111111,38,160,0.5,0.745762711864,0.55,0.63309352518,44,15,36,145,0.55,0.90625,0.09375,0.45,0.745762711864,0.55,0.63309352518,0.7875,0.584722222222,0.488294314381,0.499508139007,0.45625,99,19,80,0,99,0,19,0,80,23,99,0.195652173913,2.18974518502,8.60869565217,6.6,4.5,4.59979377438,0.534319478842,0.291611769873,4.28989068105,0.996641269334,0.541062801932,2.91445898002,0.677096530713,0.355731225296,1.07629584498,0.491516479791,2.88826011686,2.18974518502,1.07629584498,2.88826011686,0.351612638569,0.458912768647,121,0.0683229813665,0.291765337837,23,23,23,1,0,0.347826086957,0.608695652174,0.0434782608696,23,0.0375494071146,1.73097826087,1.65217391304,1.58333333333,1.72727272727,1.36876505893,0.828463061987,0.441647597254,1.02921743939,1.24589479505,0.608695652174,1.1140496934,1.34858647096,0.654462242563,0.811282913302,0.468684634372,2.5,1.98897058824,0.796180853956,2.5,0.258974358974,0.181818181818,2,0.00112930547713,0.105303030303,23,17,17,0.739130434783,0,0.217391304348,0.260869565217,0.260869565217,23,78,0.154150197628,4.84082012071,6.78260869565,4.875,3.54545454545,4.32704519945,0.637961792227,0.351170568562,3.92820952083,1.15831819204,0.58751393534,2.90358916507,0.856186548675,0.445930880713,2.98009276405,0.615617331307,7.88724450571,4.84082012071,2.98009276405,7.88724450571,0.43663681997,0.426343154246,82,0.0463015245624,0.215190022396,23,23,23,1,0,0.304347826087,0.652173913043,0.0434782608696,-21,-0.0415019762846,2.65107493569,-1.82608695652,-1.725,-0.954545454545,-0.272748574925,0.103642313385,0.0595587986892,-0.361681160219,0.161676922705,0.0464511334077,-0.0108698149521,0.179090017962,0.090199655417,1.90379691907,0.124100851516,4.99898438886,2.65107493569,1.90379691907,4.99898438886,0.085024181401,-0.0325696144012,-39,-0.0220214568041,-0.0765753154409,-0.0434782608696,0.0434782608696,0,63,15,36,392,0.636363636364,0.963144963145,0.036855036855,0.363636363636,0.807692307692,0.636363636364,0.71186440678,0.658629279072,0.599508599509,0.552631578947,59,80,0,23,23,23,1,0,8,0,0.0386050732335,0,0,1,3.88826011686,0,16,NaN,1,ok,2.18974518502,0,23,17,17,0.739130434783,0,5,0,0.0495356037152,0,0,1,3.5,0,16,NaN,1,ok,1.98897058824,0,23,23,23,1,0,7,0,0.0102266289924,0,0,1,8.88724450571,0,16,NaN,1,ok,4.84082012071,0,0,0,0
164,WLNM_dir_neg,0.7920703125,0.634333582635,00:00:01,10,20,64,506381410,fixed,validated_v2,/gpfs/scratch/acw792/wlnm_roleonly_v2_20260910/result_wlnm_dir_neg_roleonly_trophicv2_100x290_train10-90_Apocrita_20260910_011848/ecological_snapshots/Broadstone_Stream_tax_mass_K10_ratio0.2_exp64_seed506381410_threshold0.5_validated_v2.mat,role_only,2,uniform_without_replacement,uniform_remaining_nonlinks,176,0,176,407,198,198,176,22,0,22,0.111111111111,38,160,0.5,0.737704918033,0.5625,0.63829787234,45,16,35,144,0.5625,0.9,0.1,0.4375,0.737704918033,0.5625,0.63829787234,0.7875,0.581944444444,0.491694352159,0.500754993681,0.4625,99,19,80,0,99,0,19,0,80,23,99,0.195652173913,2.18974518502,8.60869565217,6.6,4.5,4.59979377438,0.534319478842,0.291611769873,4.28989068105,0.996641269334,0.541062801932,2.91445898002,0.677096530713,0.355731225296,1.07629584498,0.491516479791,2.88826011686,2.18974518502,1.07629584498,2.88826011686,0.351612638569,0.458912768647,121,0.0683229813665,0.291765337837,23,23,23,1,0,0.347826086957,0.608695652174,0.0434782608696,23,0.0375494071146,1.70652173913,1.65217391304,1.72727272727,1.9,1.46500684616,0.886714670043,0.482837528604,0.984062724952,1.19123382494,0.608695652174,1.1140496934,1.34858647096,0.654462242563,0.83404120133,0.488737519251,2.5,2.015625,0.82788147188,2.5,0.0694444444444,0.0833333333333,1,0.000564652738566,0.0969696969697,23,16,16,0.695652173913,0,0.217391304348,0.217391304348,0.260869565217,23,80,0.158102766798,3.360109117,6.95652173913,5.71428571429,3.63636363636,4.33252247405,0.622800105645,0.347282608696,3.98713345671,1.1463008688,0.601086956522,2.12922446866,0.61215203474,0.340217391304,2.07659156122,0.618013132583,5.7176415487,3.360109117,2.07659156122,5.7176415487,0.536625543768,0.465028355388,82,0.0463015245624,0.166956404222,23,23,23,1,0,0.391304347826,0.565217391304,0.0434782608696,-19,-0.0375494071146,1.17036393197,-1.65217391304,-0.885714285714,-0.863636363636,-0.267271300328,0.0884806268028,0.055670838823,-0.302757224342,0.149659599469,0.0600241545894,-0.785234511363,-0.0649444959727,-0.0155138339921,1.00029571623,0.126496652792,2.82938143184,1.17036393197,1.00029571623,2.82938143184,0.185012905199,0.00611558674024,-39,-0.0220214568041,-0.124808933615,0.0434782608696,-0.0434782608696,0,64,16,35,391,0.646464646465,0.960687960688,0.039312039312,0.353535353535,0.8,0.646464646465,0.715083798883,0.660180774907,0.607152607153,0.55652173913,61,80,0,23,23,23,1,0,8,0,0.0386050732335,0,0,1,3.88826011686,0,16,NaN,1,ok,2.18974518502,0,23,16,16,0.695652173913,0,5,0,0.0454545454545,0,0,1,3.5,0,16,NaN,1,ok,2.015625,0,23,23,23,1,0,9,0,0.0221438889309,0,0,1,6.7176415487,0,16,NaN,1,ok,3.360109117,0,0,0,0
165,WLNM_dir_neg,0.7877734375,0.588301827194,00:00:00,10,20,65,506381411,fixed,validated_v2,/gpfs/scratch/acw792/wlnm_roleonly_v2_20260910/result_wlnm_dir_neg_roleonly_trophicv2_100x290_train10-90_Apocrita_20260910_011848/ecological_snapshots/Broadstone_Stream_tax_mass_K10_ratio0.2_exp65_seed506381411_threshold0.5_validated_v2.mat,role_only,2,uniform_without_replacement,uniform_remaining_nonlinks,176,0,176,407,198,198,176,22,0,22,0.111111111111,38,160,0.5,0.651515151515,0.5375,0.58904109589,43,23,37,137,0.5375,0.85625,0.14375,0.4625,0.651515151515,0.5375,0.58904109589,0.75,0.575,0.411764705882,0.415698980794,0.39375,99,19,80,0,99,0,19,0,80,23,99,0.195652173913,2.18974518502,8.60869565217,6.6,4.5,4.59979377438,0.534319478842,0.291611769873,4.28989068105,0.996641269334,0.541062801932,2.91445898002,0.677096530713,0.355731225296,1.07629584498,0.491516479791,2.88826011686,2.18974518502,1.07629584498,2.88826011686,0.351612638569,0.458912768647,121,0.0683229813665,0.291765337837,23,23,23,1,0,0.347826086957,0.608695652174,0.0434782608696,23,0.0375494071146,1.88043478261,1.65217391304,1.72727272727,1.58333333333,1.40158013594,0.848324819123,0.45766590389,1.1140496934,1.34858647096,0.654462242563,0.984062724952,1.19123382494,0.604118993135,1.20101653255,0.638690872802,3.5,2.19117647059,1.26098117726,3.5,0,0,0,0,0.0784848484848,23,17,17,0.739130434783,0,0.260869565217,0.260869565217,0.217391304348,23,85,0.167984189723,1,7.39130434783,4.04761904762,3.86363636364,4.87795719571,0.659958914713,0.339641943734,3.30886938406,0.895341127452,0.471611253197,3.72259419087,1.00729019282,0.447058823529,0,0,0,NaN,NaN,NaN,0.556163941202,0.405144694534,84,0.0474308300395,0.256113066827,23,23,0,1,7,0.0869565217391,0.869565217391,0.0434782608696,-14,-0.0276679841897,-1.18974518502,-1.21739130435,-2.55238095238,-0.636363636364,0.278163421331,0.125639435872,0.0480301738614,-0.981021296984,-0.101300141882,-0.0694515487354,0.808135210843,0.33019366211,0.091327598233,-1.07629584498,-0.491516479791,-2.88826011686,NaN,NaN,NaN,0.204551302633,-0.0537680741135,-37,-0.0208921513269,-0.0356522710094,-0.260869565217,0.260869565217,0,62,23,37,384,0.626262626263,0.943488943489,0.0565110565111,0.373737373737,0.729411764706,0.626262626263,0.673913043478,0.604574494663,0.569751569752,0.508196721311,66,80,0,23,23,23,1,0,8,0,0.0386050732335,0,0,1,3.88826011686,0,16,NaN,1,ok,2.18974518502,0,23,17,17,0.739130434783,0,6,0,0.0634920634921,0,0,1,4.5,0,16,NaN,1,ok,2.19117647059,0,23,23,0,1,7,2,3,NaN,NaN,NaN,NaN,NaN,0,0,NaN,0,basal_unreachable_in_lcc,NaN,2,0,0,0
166,WLNM_dir_neg,0.6818359375,0.637510111388,00:00:00,10,20,66,506381412,fixed,validated_v2,/gpfs/scratch/acw792/wlnm_roleonly_v2_20260910/result_wlnm_dir_neg_roleonly_trophicv2_100x290_train10-90_Apocrita_20260910_011848/ecological_snapshots/Broadstone_Stream_tax_mass_K10_ratio0.2_exp66_seed506381412_threshold0.5_validated_v2.mat,role_only,2,uniform_without_replacement,uniform_remaining_nonlinks,176,0,176,407,198,198,176,22,0,22,0.111111111111,38,160,0.5,0.878787878788,0.3625,0.513274336283,29,4,51,156,0.3625,0.975,0.025,0.6375,0.878787878788,0.3625,0.513274336283,0.770833333333,0.620833333333,0.395604395604,0.461994302105,0.3375,99,19,80,0,99,0,19,0,80,23,99,0.195652173913,2.18974518502,8.60869565217,6.6,4.5,4.59979377438,0.534319478842,0.291611769873,4.28989068105,0.996641269334,0.541062801932,2.91445898002,0.677096530713,0.355731225296,1.07629584498,0.491516479791,2.88826011686,2.18974518502,1.07629584498,2.88826011686,0.351612638569,0.458912768647,121,0.0683229813665,0.291765337837,23,23,23,1,0,0.347826086957,0.608695652174,0.0434782608696,23,0.0375494071146,1.44565217391,1.65217391304,2.11111111111,1.58333333333,1.40158013594,0.848324819123,0.464530892449,1.30217209842,1.57631359283,0.727688787185,1.02921743939,1.24589479505,0.613272311213,0.593317530248,0.410415133705,1.75,1.640625,0.618928846207,1.75,0,0,0,0,0.1,23,16,16,0.695652173913,0,0.304347826087,0.217391304348,0.173913043478,23,52,0.102766798419,1.85801462101,4.52173913043,4.72727272727,3.05882352941,3.81229548146,0.843103808399,0.467391304348,3.16540089812,1.40008116648,0.682274247492,2.13663693484,0.945050951947,0.511705685619,0.98355945606,0.529360450095,2.49982300885,2.09635201573,0.987543958306,2.49982300885,0.459735449735,0.435483870968,45,0.0254093732355,0.204059425423,23,18,18,0.782608695652,0,0.304347826087,0.434782608696,0.0434782608696,-47,-0.0928853754941,-0.331730564017,-4.08695652174,-1.87272727273,-1.44117647059,-0.787498292919,0.308784329558,0.175779534475,-1.12448978292,0.403439897144,0.141211445559,-0.777822045189,0.267954421234,0.155974460322,-0.0927363889229,0.037843970304,-0.388437108008,-0.0933931692923,-0.0887518866772,-0.388437108008,0.108122811166,-0.0234288976795,-76,-0.042913608131,-0.0877059124137,-0.0434782608696,-0.173913043478,0,48,4,51,403,0.484848484848,0.990171990172,0.00982800982801,0.515151515152,0.923076923077,0.484848484848,0.635761589404,0.620579654505,0.47502047502,0.466019417476,33,80,0,23,23,23,1,0,8,0,0.0386050732335,0,0,1,3.88826011686,0,16,NaN,1,ok,2.18974518502,0,23,16,16,0.695652173913,0,7,0,0.0692640692641,0,0,1,2.75,0,16,NaN,1,ok,1.640625,0,23,18,18,0.782608695652,0,7,0,0.0502922775021,0,0,1,3.49982300885,0,16,NaN,1,ok,2.09635201573,0,0,0,0
167,WLNM_dir_neg,0.8134375,0.725408082102,00:00:01,10,20,67,506381413,fixed,validated_v2,/gpfs/scratch/acw792/wlnm_roleonly_v2_20260910/result_wlnm_dir_neg_roleonly_trophicv2_100x290_train10-90_Apocrita_20260910_011848/ecological_snapshots/Broadstone_Stream_tax_mass_K10_ratio0.2_exp67_seed506381413_threshold0.5_validated_v2.mat,role_only,2,uniform_without_replacement,uniform_remaining_nonlinks,176,0,176,407,198,198,176,22,0,22,0.111111111111,38,160,0.5,0.844827586207,0.6125,0.710144927536,49,9,31,151,0.6125,0.94375,0.05625,0.3875,0.844827586207,0.6125,0.710144927536,0.833333333333,0.586111111111,0.597315436242,0.612527114262,0.55625,99,19,80,0,99,0,19,0,80,23,99,0.195652173913,2.18974518502,8.60869565217,6.6,4.5,4.59979377438,0.534319478842,0.291611769873,4.28989068105,0.996641269334,0.541062801932,2.91445898002,0.677096530713,0.355731225296,1.07629584498,0.491516479791,2.88826011686,2.18974518502,1.07629584498,2.88826011686,0.351612638569,0.458912768647,121,0.0683229813665,0.291765337837,23,23,23,1,0,0.347826086957,0.608695652174,0.0434782608696,23,0.0375494071146,1.68985507246,1.65217391304,1.9,1.46153846154,1.40158013594,0.848324819123,0.453089244851,1.30217209842,1.57631359283,0.70938215103,0.886882892395,1.07359508027,0.553775743707,0.921265860717,0.545174480184,3,1.88148148148,0.958908844906,3,0,0,0,0,0.0557671957672,23,18,18,0.782608695652,0,0.347826086957,0.217391304348,0.217391304348,23,77,0.152173913043,1,6.69565217391,5.92307692308,3.5,4.11686975757,0.614857171585,0.33483907397,4.18448102193,1.24990991564,0.638057594579,1.82429801324,0.544920185773,0.297007340486,0,0,0,NaN,NaN,NaN,0.439274614275,0.382739212008,68,0.0383963862225,0.146417138668,23,23,0,1,7,0.434782608696,0.521739130435,0.0434782608696,-22,-0.0434782608696,-1.18974518502,-1.91304347826,-0.676923076923,-1,-0.482924016808,0.0805376927433,0.0432273040969,-0.105409659113,0.253268646308,0.096994792647,-1.09016096679,-0.13217634494,-0.0587238848108,-1.07629584498,-0.491516479791,-2.88826011686,NaN,NaN,NaN,0.0876619757055,-0.0761735566398,-53,-0.029926595144,-0.145348199168,0.0869565217391,-0.0869565217391,0,68,9,31,398,0.686868686869,0.977886977887,0.022113022113,0.313131313131,0.883116883117,0.686868686869,0.772727272727,0.734180491137,0.664755664756,0.62962962963,58,80,0,23,23,23,1,0,8,0,0.0386050732335,0,0,1,3.88826011686,0,16,NaN,1,ok,2.18974518502,0,23,18,18,0.782608695652,0,8,0,0.0704225352113,0,0,1,4,0,16,NaN,1,ok,1.88148148148,0,23,23,0,1,7,10,2,NaN,NaN,NaN,NaN,NaN,0,0,NaN,0,basal_unreachable_in_lcc,NaN,2,0,0,0
168,WLNM_dir_neg,0.7336328125,0.630629560083,00:00:00,10,20,68,506381414,fixed,validated_v2,/gpfs/scratch/acw792/wlnm_roleonly_v2_20260910/result_wlnm_dir_neg_roleonly_trophicv2_100x290_train10-90_Apocrita_20260910_011848/ecological_snapshots/Broadstone_Stream_tax_mass_K10_ratio0.2_exp68_seed506381414_threshold0.5_validated_v2.mat,role_only,2,uniform_without_replacement,uniform_remaining_nonlinks,176,0,176,407,198,198,176,22,0,22,0.111111111111,38,160,0.5,0.774193548387,0.3,0.432432432432,24,7,56,153,0.3,0.95625,0.04375,0.7,0.774193548387,0.3,0.432432432432,0.7375,0.623611111111,0.30258302583,0.360176081511,0.25625,99,19,80,0,99,0,19,0,80,23,99,0.195652173913,2.18974518502,8.60869565217,6.6,4.5,4.59979377438,0.534319478842,0.291611769873,4.28989068105,0.996641269334,0.541062801932,2.91445898002,0.677096530713,0.355731225296,1.07629584498,0.491516479791,2.88826011686,2.18974518502,1.07629584498,2.88826011686,0.351612638569,0.458912768647,121,0.0683229813665,0.291765337837,23,23,23,1,0,0.347826086957,0.608695652174,0.0434782608696,23,0.0375494071146,1.5231884058,1.65217391304,2.11111111111,1.46153846154,1.52579921389,0.923510050512,0.494279176201,1.40298946776,1.6983556715,0.745995423341,0.886882892395,1.07359508027,0.553775743707,0.728041150922,0.477971830767,2.33333333333,1.73555555556,0.794671407251,2.33333333333,0.0766666666667,0.0789473684211,1,0.000564652738566,0.0435846560847,23,15,15,0.652173913043,0,0.347826086957,0.217391304348,0.173913043478,23,50,0.098814229249,2.41475698301,4.34782608696,4.54545454545,3.125,3.67557905954,0.845383183694,0.460869565217,2.75766986476,1.26852813779,0.645217391304,2.16694535554,0.99679486355,0.535652173913,1.56461901445,0.647940569365,3.99936129883,2.80774503385,1.55429422186,3.99936129883,0.369582378406,0.370212765957,29,0.0163749294184,0.213545192182,23,18,18,0.782608695652,0,0.304347826087,0.391304347826,0.0869565217391,-49,-0.096837944664,0.225011797988,-4.26086956522,-2.05454545455,-1.375,-0.924214714838,0.311063704852,0.169257795345,-1.53222081629,0.271886868455,0.104154589372,-0.747513624481,0.319698332837,0.179920948617,0.48832316947,0.156424089574,1.11110118197,0.617999848826,0.477998376876,1.11110118197,0.0179697398367,-0.0887000026898,-92,-0.0519480519481,-0.0782201456552,-0.0434782608696,-0.217391304348,0.0434782608696,43,7,56,400,0.434343434343,0.982800982801,0.017199017199,0.565656565657,0.86,0.434343434343,0.577181208054,0.554541195034,0.417144417144,0.405660377358,31,80,0,23,23,23,1,0,8,0,0.0386050732335,0,0,1,3.88826011686,0,16,NaN,1,ok,2.18974518502,0,23,15,15,0.652173913043,0,7,0,0.118226600985,0,0,1,3.33333333333,0,16,NaN,1,ok,1.73555555556,0,23,18,18,0.782608695652,0,7,0,0.0319302345164,0,0,1,4.99936129883,0,16,NaN,1,ok,2.80774503385,0,0,0,0
169,WLNM_dir_neg,0.6983984375,0.561206421996,00:00:00,10,20,69,506381415,fixed,validated_v2,/gpfs/scratch/acw792/wlnm_roleonly_v2_20260910/result_wlnm_dir_neg_roleonly_trophicv2_100x290_train10-90_Apocrita_20260910_011848/ecological_snapshots/Broadstone_Stream_tax_mass_K10_ratio0.2_exp69_seed506381415_threshold0.5_validated_v2.mat,role_only,2,uniform_without_replacement,uniform_remaining_nonlinks,176,0,176,407,198,198,176,22,0,22,0.111111111111,38,160,0.5,0.45,0.225,0.3,18,22,62,138,0.225,0.8625,0.1375,0.775,0.45,0.225,0.3,0.65,0.611111111111,0.1,0.110679718106,0.0875,99,19,80,0,99,0,19,0,80,23,99,0.195652173913,2.18974518502,8.60869565217,6.6,4.5,4.59979377438,0.534319478842,0.291611769873,4.28989068105,0.996641269334,0.541062801932,2.91445898002,0.677096530713,0.355731225296,1.07629584498,0.491516479791,2.88826011686,2.18974518502,1.07629584498,2.88826011686,0.351612638569,0.458912768647,121,0.0683229813665,0.291765337837,23,23,23,1,0,0.347826086957,0.608695652174,0.0434782608696,23,0.0375494071146,1.84782608696,1.65217391304,1.58333333333,1.46153846154,1.02729546304,0.62178409605,0.329519450801,1.02921743939,1.24589479505,0.608695652174,0.834057656228,1.00964874175,0.530892448513,0.993556314558,0.537689299643,3,2.22727272727,1.16969304443,3,0.115384615385,0.125,1,0.000564652738566,0.0439393939394,23,11,11,0.478260869565,0,0.347826086957,0.217391304348,0.304347826087,23,59,0.116600790514,3.27693581781,5.13043478261,2.95,4.53846153846,2.66806616768,0.520046795395,0.282240235814,1.59048554498,0.620019788719,0.316875460575,3.05742147683,1.19187616893,0.61459100958,1.22263594053,0.373103413833,4.475,3.27693581781,1.22263594053,4.475,0.417011732229,0.31935483871,33,0.0186335403727,0.192827903091,23,23,23,1,0,0.130434782609,0.434782608696,0.434782608696,-40,-0.0790513833992,1.08719063278,-3.47826086957,-3.65,0.0384615384615,-1.9317276067,-0.0142726834473,-0.00937153405834,-2.69940513607,-0.376621480615,-0.224187341358,0.142962496802,0.514779638219,0.258859784284,0.146340095551,-0.118413065958,1.58673988314,1.08719063278,0.146340095551,1.58673988314,0.06539909366,-0.139557929938,-88,-0.0496894409938,-0.0989374347457,-0.217391304348,-0.173913043478,0.391304347826,37,22,62,385,0.373737373737,0.945945945946,0.0540540540541,0.626262626263,0.627118644068,0.373737373737,0.46835443038,0.39514365342,0.319683319683,0.305785123967,40,80,0,23,23,23,1,0,8,0,0.0386050732335,0,0,1,3.88826011686,0,16,NaN,1,ok,2.18974518502,0,23,11,11,0.478260869565,0,4,0,0.0579710144928,0,0,1,4,0,16,NaN,1,ok,2.22727272727,0,23,23,23,1,0,3,0,0.0103645245592,0,0,1,5.475,0,16,NaN,1,ok,3.27693581781,0,0,0,0
170,WLNM_dir_neg,0.677890625,0.55056282758,00:00:00,10,20,70,506381416,fixed,validated_v2,/gpfs/scratch/acw792/wlnm_roleonly_v2_20260910/result_wlnm_dir_neg_roleonly_trophicv2_100x290_train10-90_Apocrita_20260910_011848/ecological_snapshots/Broadstone_Stream_tax_mass_K10_ratio0.2_exp70_seed506381416_threshold0.5_validated_v2.mat,role_only,2,uniform_without_replacement,uniform_remaining_nonlinks,176,0,176,407,198,198,176,22,0,22,0.111111111111,38,160,0.5,0.707317073171,0.3625,0.479338842975,29,12,51,148,0.3625,0.925,0.075,0.6375,0.707317073171,0.3625,0.479338842975,0.7375,0.609722222222,0.327402135231,0.360101033064,0.2875,99,19,80,0,99,0,19,0,80,23,99,0.195652173913,2.18974518502,8.60869565217,6.6,4.5,4.59979377438,0.534319478842,0.291611769873,4.28989068105,0.996641269334,0.541062801932,2.91445898002,0.677096530713,0.355731225296,1.07629584498,0.491516479791,2.88826011686,2.18974518502,1.07629584498,2.88826011686,0.351612638569,0.458912768647,121,0.0683229813665,0.291765337837,23,23,23,1,0,0.347826086957,0.608695652174,0.0434782608696,23,0.0375494071146,1.4696557971,1.65217391304,2.11111111111,1.46153846154,1.43364429632,0.86773207409,0.462242562929,1.30217209842,1.57631359283,0.727688787185,0.886882892395,1.07359508027,0.553775743707,0.617369080049,0.420077327811,1.59375,1.61263020833,0.65591612704,1.59375,0.06,0.0857142857143,1,0.000564652738566,0.0599867724868,23,16,16,0.695652173913,0,0.391304347826,0.173913043478,0.217391304348,23,60,0.118577075099,2.71948086397,5.21739130435,2.72727272727,4,4.3165276632,0.827334468781,0.422463768116,2.6923989039,1.03208624649,0.479710144928,3.81073997151,1.46078365574,0.608695652174,1.01513642359,0.373283164826,3.99058380414,2.71948086397,1.01513642359,3.99058380414,0.579322638146,0.352078239609,48,0.0271033314512,0.39072387449,23,23,23,1,0,0.0434782608696,0.608695652174,0.347826086957,-39,-0.0770750988142,0.529735678945,-3.39130434783,-3.87272727273,-0.5,-0.283266111174,0.293014989939,0.130851998243,-1.59749177715,0.0354449771598,-0.0613526570048,0.896280991482,0.783687125031,0.252964426877,-0.0611594213963,-0.118233314965,1.10232368729,0.529735678945,-0.0611594213963,1.10232368729,0.227709999577,-0.106834529038,-73,-0.0412196499153,0.0989585366533,-0.304347826087,0,0.304347826087,48,12,51,395,0.484848484848,0.970515970516,0.029484029484,0.515151515152,0.8,0.484848484848,0.603773584906,0.558767161634,0.455364455364,0.432432432432,41,80,0,23,23,23,1,0,8,0,0.0386050732335,0,0,1,3.88826011686,0,16,NaN,1,ok,2.18974518502,0,23,16,16,0.695652173913,0,8,0,0.1,0,0,1,2.59375,0,16,NaN,1,ok,1.61263020833,0,23,23,23,1,0,1,0,0.00305289134251,0,0,1,4.99058380414,0,16,NaN,1,ok,2.71948086397,0,0,0,0
171,WLNM_dir_neg,0.709453125,0.584154709282,00:00:01,10,20,71,506381417,fixed,validated_v2,/gpfs/scratch/acw792/wlnm_roleonly_v2_20260910/result_wlnm_dir_neg_roleonly_trophicv2_100x290_train10-90_Apocrita_20260910_011848/ecological_snapshots/Broadstone_Stream_tax_mass_K10_ratio0.2_exp71_seed506381417_threshold0.5_validated_v2.mat,role_only,2,uniform_without_replacement,uniform_remaining_nonlinks,176,0,176,407,198,198,176,22,0,22,0.111111111111,38,160,0.5,0.6,0.3,0.4,24,16,56,144,0.3,0.9,0.1,0.7,0.6,0.3,0.4,0.7,0.611111111111,0.228571428571,0.252982212813,0.2,99,19,80,0,99,0,19,0,80,23,99,0.195652173913,2.18974518502,8.60869565217,6.6,4.5,4.59979377438,0.534319478842,0.291611769873,4.28989068105,0.996641269334,0.541062801932,2.91445898002,0.677096530713,0.355731225296,1.07629584498,0.491516479791,2.88826011686,2.18974518502,1.07629584498,2.88826011686,0.351612638569,0.458912768647,121,0.0683229813665,0.291765337837,23,23,23,1,0,0.347826086957,0.608695652174,0.0434782608696,23,0.0375494071146,1.72608695652,1.65217391304,1.72727272727,1.58333333333,1.3351436985,0.808113291199,0.432494279176,1.230379613,1.48940689995,0.672768878719,0.936733876686,1.13394100862,0.585812356979,0.878126824193,0.508738462379,2.5,2.04666666667,0.912505707745,2.5,0.458974358974,0.375,4,0.00225861095426,0.0513852813853,23,15,15,0.652173913043,0,0.260869565217,0.260869565217,0.217391304348,23,59,0.116600790514,2.87716959972,5.13043478261,3.27777777778,3.47058823529,2.86522009033,0.558475102352,0.309506263817,2.96687909115,1.15657998469,0.574797347089,2.53746629098,0.98918177445,0.508474576271,1.49448925807,0.519430365944,4.75,3.05594765684,1.43906626419,4.75,0.385952380952,0.333333333333,36,0.0203274985884,0.179262549361,23,21,21,0.913043478261,0,0.130434782609,0.608695652174,0.173913043478,-40,-0.0790513833992,0.687424414699,-3.47826086957,-3.32222222222,-1.02941176471,-1.73457368405,0.0241556235099,0.0178944939446,-1.3230115899,0.159938715351,0.0337345451568,-0.376992689043,0.312085243738,0.152743350975,0.418193413084,0.0279138861528,1.86173988314,0.866202471816,0.362770419204,1.86173988314,0.0343397423832,-0.125579435314,-85,-0.0479954827781,-0.112502788476,-0.217391304348,0,0.130434782609,43,16,56,391,0.434343434343,0.960687960688,0.039312039312,0.565656565657,0.728813559322,0.434343434343,0.544303797468,0.488277426557,0.395031395031,0.373913043478,40,80,0,23,23,23,1,0,8,0,0.0386050732335,0,0,1,3.88826011686,0,16,NaN,1,ok,2.18974518502,0,23,15,15,0.652173913043,0,5,0,0.0520833333333,0,0,1,3.5,0,16,NaN,1,ok,2.04666666667,0,23,21,21,0.913043478261,0,3,0,0.00737069404249,0,0,1,5.75,0,16,NaN,1,ok,3.05594765684,0,0,0,0
172,WLNM_dir_neg,0.7260546875,0.541126349583,00:00:00,10,20,72,506381418,fixed,validated_v2,/gpfs/scratch/acw792/wlnm_roleonly_v2_20260910/result_wlnm_dir_neg_roleonly_trophicv2_100x290_train10-90_Apocrita_20260910_011848/ecological_snapshots/Broadstone_Stream_tax_mass_K10_ratio0.2_exp72_seed506381418_threshold0.5_validated_v2.mat,role_only,2,uniform_without_replacement,uniform_remaining_nonlinks,176,0,176,407,198,198,176,22,0,22,0.111111111111,38,160,0.5,0.5,0.325,0.393939393939,26,26,54,134,0.325,0.8375,0.1625,0.675,0.5,0.325,0.393939393939,0.666666666667,0.594444444444,0.178082191781,0.185942109499,0.1625,99,19,80,0,99,0,19,0,80,23,99,0.195652173913,2.18974518502,8.60869565217,6.6,4.5,4.59979377438,0.534319478842,0.291611769873,4.28989068105,0.996641269334,0.541062801932,2.91445898002,0.677096530713,0.355731225296,1.07629584498,0.491516479791,2.88826011686,2.18974518502,1.07629584498,2.88826011686,0.351612638569,0.458912768647,121,0.0683229813665,0.291765337837,23,23,23,1,0,0.347826086957,0.608695652174,0.0434782608696,23,0.0375494071146,1.71014492754,1.65217391304,1.58333333333,1.72727272727,1.30065352986,0.787237662811,0.425629290618,0.984062724952,1.19123382494,0.604118993135,1.1140496934,1.34858647096,0.654462242563,0.791714338763,0.46295160487,2.66666666667,1.90740740741,0.78844229281,2.66666666667,0.166666666667,0.193548387097,2,0.00112930547713,0.0926767676768,23,18,18,0.782608695652,0,0.260869565217,0.217391304348,0.304347826087,23,71,0.140316205534,NaN,6.17391304348,3.08695652174,4.4375,4.33434669412,0.702042070174,0.344151867728,1.78154793466,0.577121161931,0.313533374158,3.95328452025,1.28064146431,0.603796693203,NaN,NaN,NaN,NaN,NaN,NaN,0.456340484912,0.343049327354,51,0.0287972896669,0.217780429935,23,23,0,1,6,0,0.695652173913,0.304347826087,-28,-0.0553359683794,NaN,-2.4347826087,-3.51304347826,-0.0625,-0.265447080258,0.167722591332,0.0525400978555,-2.50834274639,-0.419520107403,-0.227529427774,1.03882554022,0.603544933593,0.248065467906,NaN,NaN,NaN,NaN,NaN,NaN,0.104727846343,-0.115863441293,-70,-0.0395256916996,-0.0739849079022,-0.347826086957,0.0869565217391,0.260869565217,45,26,54,381,0.454545454545,0.936117936118,0.0638820638821,0.545454545455,0.633802816901,0.454545454545,0.529411764706,0.446214536311,0.390663390663,0.36,52,80,0,23,23,23,1,0,8,0,0.0386050732335,0,0,1,3.88826011686,0,16,NaN,1,ok,2.18974518502,0,23,18,18,0.782608695652,0,6,0,0.0478723404255,0,0,1,3.66666666667,0,16,NaN,1,ok,1.90740740741,0,23,23,0,1,6,0,23,NaN,NaN,NaN,NaN,NaN,0,0,NaN,0,no_basal_in_lcc,NaN,2,0,0,0
173,WLNM_dir_neg,0.6388671875,0.5218656707,00:00:01,10,20,73,506381419,fixed,validated_v2,/gpfs/scratch/acw792/wlnm_roleonly_v2_20260910/result_wlnm_dir_neg_roleonly_trophicv2_100x290_train10-90_Apocrita_20260910_011848/ecological_snapshots/Broadstone_Stream_tax_mass_K10_ratio0.2_exp73_seed506381419_threshold0.5_validated_v2.mat,role_only,2,uniform_without_replacement,uniform_remaining_nonlinks,176,0,176,407,198,198,176,22,0,22,0.111111111111,38,160,0.5,0.666666666667,0.2,0.307692307692,16,8,64,152,0.2,0.95,0.05,0.8,0.666666666667,0.2,0.307692307692,0.7,0.633333333333,0.181818181818,0.235702260396,0.15,99,19,80,0,99,0,19,0,80,23,99,0.195652173913,2.18974518502,8.60869565217,6.6,4.5,4.59979377438,0.534319478842,0.291611769873,4.28989068105,0.996641269334,0.541062801932,2.91445898002,0.677096530713,0.355731225296,1.07629584498,0.491516479791,2.88826011686,2.18974518502,1.07629584498,2.88826011686,0.351612638569,0.458912768647,121,0.0683229813665,0.291765337837,23,23,23,1,0,0.347826086957,0.608695652174,0.0434782608696,23,0.0375494071146,1.97101449275,1.65217391304,1.46153846154,1.1875,1.15241626208,0.697515105996,0.340961098398,1.15412989316,1.3971046075,0.590389016018,0.716822148161,0.86773207409,0.402745995423,1.10514427724,0.560698199482,3.66666666667,2.14583333333,1.19857168082,3.66666666667,0,0,0,0,0.0205128205128,23,16,16,0.695652173913,0,0.347826086957,0.347826086957,0.217391304348,23,43,0.0849802371542,2.19474637681,3.73913043478,2.38888888889,2.6875,3.34687630899,0.895094826822,0.442871587462,2.28242988195,1.22083458802,0.533872598584,2.9741973375,1.59084973866,0.62891809909,0.817335065036,0.372405246306,2.66666666667,2.19474637681,0.817335065036,2.66666666667,0.568978428978,0.323651452282,26,0.0146809712027,0.264630902866,23,23,23,1,0,0.217391304348,0.478260869565,0.304347826087,-56,-0.110671936759,0.00500119178671,-4.86956521739,-4.21111111111,-1.8125,-1.25291746539,0.360775347981,0.151259817589,-2.0074607991,0.224193318684,-0.00719020334794,0.0597383574721,0.913753207948,0.273186873794,-0.258960779948,-0.119111233485,-0.221593450191,0.00500119178671,-0.258960779948,-0.221593450191,0.217365790409,-0.135261316365,-95,-0.0536420101637,-0.0271344349706,-0.130434782609,-0.130434782609,0.260869565217,35,8,64,399,0.353535353535,0.980343980344,0.019656019656,0.646464646465,0.813953488372,0.353535353535,0.492957746479,0.474984696105,0.333879333879,0.327102803738,24,80,0,23,23,23,1,0,8,0,0.0386050732335,0,0,1,3.88826011686,0,16,NaN,1,ok,2.18974518502,0,23,16,16,0.695652173913,0,6,0,0.0669642857143,0,0,1,4.66666666667,0,16,NaN,1,ok,2.14583333333,0,23,23,23,1,0,5,0,0.00743608804965,0,0,1,3.66666666667,0,16,NaN,1,ok,2.19474637681,0,0,0,0
174,WLNM_dir_neg,0.791875,0.716553425516,00:00:00,10,20,74,506381420,fixed,validated_v2,/gpfs/scratch/acw792/wlnm_roleonly_v2_20260910/result_wlnm_dir_neg_roleonly_trophicv2_100x290_train10-90_Apocrita_20260910_011848/ecological_snapshots/Broadstone_Stream_tax_mass_K10_ratio0.2_exp74_seed506381420_threshold0.5_validated_v2.mat,role_only,2,uniform_without_replacement,uniform_remaining_nonlinks,176,0,176,407,198,198,176,22,0,22,0.111111111111,38,160,0.5,0.853658536585,0.4375,0.578512396694,35,6,45,154,0.4375,0.9625,0.0375,0.5625,0.853658536585,0.4375,0.578512396694,0.7875,0.609722222222,0.455516014235,0.501010132959,0.4,99,19,80,0,99,0,19,0,80,23,99,0.195652173913,2.18974518502,8.60869565217,6.6,4.5,4.59979377438,0.534319478842,0.291611769873,4.28989068105,0.996641269334,0.541062801932,2.91445898002,0.677096530713,0.355731225296,1.07629584498,0.491516479791,2.88826011686,2.18974518502,1.07629584498,2.88826011686,0.351612638569,0.458912768647,121,0.0683229813665,0.291765337837,23,23,23,1,0,0.347826086957,0.608695652174,0.0434782608696,23,0.0375494071146,1.54468599034,1.65217391304,2.11111111111,1.72727272727,1.72175110788,1.04211251266,0.530892448513,1.230379613,1.48940689995,0.70938215103,1.230379613,1.48940689995,0.672768878719,0.748208631824,0.484375877366,2.33333333333,1.87731481481,0.847642993156,2.33333333333,0.354166666667,0.333333333333,5,0.00282326369283,0.112962962963,23,12,12,0.521739130435,0,0.347826086957,0.130434782609,0.260869565217,23,60,0.118577075099,1.89430824373,5.21739130435,4.61538461538,2.72727272727,3.72895941784,0.714717221753,0.374637681159,3.71409025243,1.42373459676,0.684057971014,1.82754506063,0.700558939906,0.334782608696,0.893767804058,0.471817512814,2.54129749104,1.93495861844,0.892773056177,2.54129749104,0.398299584014,0.334196891192,43,0.0242800677583,0.181252543753,23,22,22,0.95652173913,0,0.391304347826,0.565217391304,0,-39,-0.0770750988142,-0.295436941297,-3.39130434783,-1.98461538462,-1.77272727273,-0.870834356534,0.180397742911,0.0830259112868,-0.575800428622,0.427093327429,0.142995169082,-1.0869139194,0.0234624091937,-0.0209486166008,-0.182528040925,-0.0196989669773,-0.346962625818,-0.254786566582,-0.183522788806,-0.346962625818,0.0466869454447,-0.124715877456,-78,-0.0440429136081,-0.110512794084,0.0434782608696,-0.0434782608696,-0.0434782608696,54,6,45,401,0.545454545455,0.985257985258,0.014742014742,0.454545454545,0.9,0.545454545455,0.679245283019,0.6512250373,0.530712530713,0.514285714286,41,80,0,23,23,23,1,0,8,0,0.0386050732335,0,0,1,3.88826011686,0,16,NaN,1,ok,2.18974518502,0,23,12,12,0.521739130435,0,5,0,0.0569545154911,0,0,1,3.33333333333,0,16,NaN,1,ok,1.87731481481,0,23,22,22,0.95652173913,0,9,0,0.0218409068044,0,0,1,3.54129749104,0,16,NaN,1,ok,1.93495861844,0,0,0,0
175,WLNM_dir_neg,0.77890625,0.613097113788,00:00:01,10,20,75,506381421,fixed,validated_v2,/gpfs/scratch/acw792/wlnm_roleonly_v2_20260910/result_wlnm_dir_neg_roleonly_trophicv2_100x290_train10-90_Apocrita_20260910_011848/ecological_snapshots/Broadstone_Stream_tax_mass_K10_ratio0.2_exp75_seed506381421_threshold0.5_validated_v2.mat,role_only,2,uniform_without_replacement,uniform_remaining_nonlinks,176,0,176,407,198,198,176,22,0,22,0.111111111111,38,160,0.5,0.846153846154,0.275,0.415094339623,22,4,58,156,0.275,0.975,0.025,0.725,0.846153846154,0.275,0.415094339623,0.741666666667,0.630555555556,0.300751879699,0.379185247857,0.25,99,19,80,0,99,0,19,0,80,23,99,0.195652173913,2.18974518502,8.60869565217,6.6,4.5,4.59979377438,0.534319478842,0.291611769873,4.28989068105,0.996641269334,0.541062801932,2.91445898002,0.677096530713,0.355731225296,1.07629584498,0.491516479791,2.88826011686,2.18974518502,1.07629584498,2.88826011686,0.351612638569,0.458912768647,121,0.0683229813665,0.291765337837,23,23,23,1,0,0.347826086957,0.608695652174,0.0434782608696,23,0.0375494071146,1.55797101449,1.65217391304,1.9,1.46153846154,1.61269665896,0.976105872531,0.505720823799,1.43502213835,1.73713206221,0.723112128146,0.936733876686,1.13394100862,0.567505720824,0.699221601216,0.448802702176,2,1.83333333333,0.757676760944,2,0.313333333333,0.219512195122,3,0.0016939582157,0.0583333333333,23,13,13,0.565217391304,0,0.304347826087,0.260869565217,0.173913043478,23,45,0.0889328063241,1.5777484472,3.91304347826,4.5,3.21428571429,3.46296041873,0.884978773674,0.488888888889,2.96154537162,1.51367874549,0.714975845411,2.24576896872,1.1478374729,0.593236714976,0.705669899713,0.447263884787,1.79892857143,1.78165966387,0.717884227247,1.79892857143,0.442698412698,0.524714828897,46,0.025974025974,0.230152316819,23,17,17,0.739130434783,0,0.304347826087,0.304347826087,0.130434782609,-54,-0.106719367589,-0.61199673782,-4.69565217391,-2.1,-1.28571428571,-1.13683335565,0.350659294833,0.197277119016,-1.32834530943,0.517037476159,0.173913043478,-0.668690011304,0.470740942189,0.237505489679,-0.370625945271,-0.0442525950048,-1.08933154543,-0.408085521159,-0.358411617736,-1.08933154543,0.0910857741293,0.0658020602501,-75,-0.0423489553924,-0.0616130210178,-0.0434782608696,-0.304347826087,0.0869565217391,41,4,58,403,0.414141414141,0.990171990172,0.00982800982801,0.585858585859,0.911111111111,0.414141414141,0.569444444444,0.563477036939,0.404313404313,0.398058252427,26,80,0,23,23,23,1,0,8,0,0.0386050732335,0,0,1,3.88826011686,0,16,NaN,1,ok,2.18974518502,0,23,13,13,0.565217391304,0,5,0,0.0617848970252,0,0,1,3,0,16,NaN,1,ok,1.83333333333,0,23,17,17,0.739130434783,0,7,0,0.0713586564298,0,0,1,2.79892857143,0,16,NaN,1,ok,1.78165966387,0,0,0,0
176,WLNM_dir_neg,0.650078125,0.488412333289,00:00:00,10,20,76,506381422,fixed,validated_v2,/gpfs/scratch/acw792/wlnm_roleonly_v2_20260910/result_wlnm_dir_neg_roleonly_trophicv2_100x290_train10-90_Apocrita_20260910_011848/ecological_snapshots/Broadstone_Stream_tax_mass_K10_ratio0.2_exp76_seed506381422_threshold0.5_validated_v2.mat,role_only,2,uniform_without_replacement,uniform_remaining_nonlinks,176,0,176,407,198,198,176,22,0,22,0.111111111111,38,160,0.5,0.555555555556,0.3125,0.4,25,20,55,140,0.3125,0.875,0.125,0.6875,0.555555555556,0.3125,0.4,0.6875,0.604166666667,0.210526315789,0.226455406829,0.1875,99,19,80,0,99,0,19,0,80,23,99,0.195652173913,2.18974518502,8.60869565217,6.6,4.5,4.59979377438,0.534319478842,0.291611769873,4.28989068105,0.996641269334,0.541062801932,2.91445898002,0.677096530713,0.355731225296,1.07629584498,0.491516479791,2.88826011686,2.18974518502,1.07629584498,2.88826011686,0.351612638569,0.458912768647,121,0.0683229813665,0.291765337837,23,23,23,1,0,0.347826086957,0.608695652174,0.0434782608696,23,0.0375494071146,1.50652173913,1.65217391304,2.11111111111,1.72727272727,1.64063999852,0.993018946473,0.510297482838,1.37020814321,1.65867301547,0.736842105263,1.02921743939,1.24589479505,0.631578947368,0.68929383295,0.457539917975,2,1.76071428571,0.74689834841,2,0.35,0.285714285714,4,0.00225861095426,0.0696759259259,23,14,14,0.608695652174,0,0.347826086957,0.130434782609,0.260869565217,23,64,0.126482213439,1,5.5652173913,3.04761904762,3.76470588235,4.65955603578,0.83726397518,0.446331521739,2.79539429223,1.00459482377,0.494565217391,3.17599693352,1.14137389798,0.563858695652,0,0,0,30.3457175286,9.34745056351,33.7642524724,0.431477346183,0.406340057637,47,0.0265386787126,0.209833473405,23,23,23,1,0,0.0869565217391,0.652173913043,0.260869565217,-35,-0.0691699604743,-1.18974518502,-3.04347826087,-3.55238095238,-0.735294117647,0.0597622614049,0.302944496338,0.154719751866,-1.49449638882,0.00795355443465,-0.0464975845411,0.261537953497,0.464277367272,0.208127470356,-1.07629584498,-0.491516479791,-2.88826011686,28.1559723436,8.27115471853,30.8759923555,0.0798647076141,-0.0525727110104,-74,-0.0417843026539,-0.0819318644319,-0.260869565217,0.0434782608696,0.217391304348,44,20,55,387,0.444444444444,0.95085995086,0.04914004914,0.555555555556,0.6875,0.444444444444,0.539877300613,0.471786297827,0.395304395304,0.36974789916,45,80,0,23,23,23,1,0,8,0,0.0386050732335,0,0,1,3.88826011686,0,16,NaN,1,ok,2.18974518502,0,23,14,14,0.608695652174,0,6,0,0.0962000962001,0,0,1,3,0,16,NaN,1,ok,1.76071428571,0,23,23,23,1,0,2,0,0.000751918638726,0,0,1,34.7642524724,1,16,NaN,1,ok,NaN,3,0,0,0
177,WLNM_dir_neg,0.689375,0.66566216673,00:00:00,10,20,77,506381423,fixed,validated_v2,/gpfs/scratch/acw792/wlnm_roleonly_v2_20260910/result_wlnm_dir_neg_roleonly_trophicv2_100x290_train10-90_Apocrita_20260910_011848/ecological_snapshots/Broadstone_Stream_tax_mass_K10_ratio0.2_exp77_seed506381423_threshold0.5_validated_v2.mat,role_only,2,uniform_without_replacement,uniform_remaining_nonlinks,176,0,176,407,198,198,176,22,0,22,0.111111111111,38,160,0.5,0.846153846154,0.4125,0.554621848739,33,6,47,154,0.4125,0.9625,0.0375,0.5875,0.846153846154,0.4125,0.554621848739,0.779166666667,0.6125,0.430107526882,0.479187985183,0.375,99,19,80,0,99,0,19,0,80,23,99,0.195652173913,2.18974518502,8.60869565217,6.6,4.5,4.59979377438,0.534319478842,0.291611769873,4.28989068105,0.996641269334,0.541062801932,2.91445898002,0.677096530713,0.355731225296,1.07629584498,0.491516479791,2.88826011686,2.18974518502,1.07629584498,2.88826011686,0.351612638569,0.458912768647,121,0.0683229813665,0.291765337837,23,23,23,1,0,0.347826086957,0.608695652174,0.0434782608696,23,0.0375494071146,1.52898550725,1.65217391304,1.9,1.72727272727,1.40158013594,0.848324819123,0.455377574371,1.1140496934,1.34858647096,0.66819221968,1.230379613,1.48940689995,0.672768878719,0.646771652508,0.423007052351,1.83333333333,1.74444444444,0.672199264989,1.83333333333,0.181818181818,0.176470588235,2,0.00112930547713,0.164814814815,23,15,15,0.652173913043,0,0.304347826087,0.173913043478,0.260869565217,23,58,0.114624505929,3.71458031701,5.04347826087,4.83333333333,2.7619047619,4.00543109551,0.79418030342,0.427286356822,3.59127180837,1.42412502746,0.68215892054,2.04204810774,0.809777697895,0.424287856072,2.89226040895,0.778623737305,7.52452073116,3.71458031701,2.89226040895,7.52452073116,0.407825181355,0.368098159509,40,0.0225861095426,0.195486857419,23,23,23,1,0,0.478260869565,0.434782608696,0.0869565217391,-41,-0.0810276679842,1.52483513199,-3.5652173913,-1.76666666667,-1.7380952381,-0.594362678868,0.259860824578,0.135674586949,-0.698618872679,0.427483758122,0.141096118607,-0.872410872288,0.132681167183,0.0685566307755,1.81596456397,0.287107257514,4.63626061431,1.52483513199,1.81596456397,4.63626061431,0.0562125427854,-0.0908146091381,-81,-0.0457368718238,-0.0962784804181,0.130434782609,-0.173913043478,0.0434782608696,52,6,47,401,0.525252525253,0.985257985258,0.014742014742,0.474747474747,0.896551724138,0.525252525253,0.662420382166,0.635720894796,0.510510510511,0.495238095238,39,80,0,23,23,23,1,0,8,0,0.0386050732335,0,0,1,3.88826011686,0,16,NaN,1,ok,2.18974518502,0,23,15,15,0.652173913043,0,6,0,0.0318302387268,0,0,1,2.83333333333,0,16,NaN,1,ok,1.74444444444,0,23,23,23,1,0,11,0,0.0145423575497,0,0,1,8.52452073116,0,16,NaN,1,ok,3.71458031701,0,0,0,0
178,WLNM_dir_neg,0.696484375,0.575604240831,00:00:00,10,20,78,506381424,fixed,validated_v2,/gpfs/scratch/acw792/wlnm_roleonly_v2_20260910/result_wlnm_dir_neg_roleonly_trophicv2_100x290_train10-90_Apocrita_20260910_011848/ecological_snapshots/Broadstone_Stream_tax_mass_K10_ratio0.2_exp78_seed506381424_threshold0.5_validated_v2.mat,role_only,2,uniform_without_replacement,uniform_remaining_nonlinks,176,0,176,407,198,198,176,22,0,22,0.111111111111,38,160,0.5,0.672727272727,0.4625,0.548148148148,37,18,43,142,0.4625,0.8875,0.1125,0.5375,0.672727272727,0.4625,0.548148148148,0.745833333333,0.590277777778,0.379661016949,0.39255979685,0.35,99,19,80,0,99,0,19,0,80,23,99,0.195652173913,2.18974518502,8.60869565217,6.6,4.5,4.59979377438,0.534319478842,0.291611769873,4.28989068105,0.996641269334,0.541062801932,2.91445898002,0.677096530713,0.355731225296,1.07629584498,0.491516479791,2.88826011686,2.18974518502,1.07629584498,2.88826011686,0.351612638569,0.458912768647,121,0.0683229813665,0.291765337837,23,23,23,1,0,0.347826086957,0.608695652174,0.0434782608696,23,0.0375494071146,1.72463768116,1.65217391304,1.9,1.58333333333,1.58426052874,0.958894530553,0.517162471396,1.19286415873,1.44399345531,0.691075514874,0.984062724952,1.19123382494,0.604118993135,0.924701283533,0.536171332469,2.33333333333,2.11111111111,0.939998874254,2.33333333333,0,0,0,0,0.0748148148148,23,15,15,0.652173913043,0,0.217391304348,0.304347826087,0.130434782609,23,74,0.146245059289,16.8606456752,6.4347826087,3.89473684211,3.7,5.02562603026,0.781009450649,0.412455934195,3.27464809683,1.0177960301,0.529964747356,3.52853976673,1.09670830587,0.51116333725,7.77804578607,0.461313637444,21.8967375007,17.581584115,7.13129016286,21.8967375007,0.469282833569,0.428571428571,68,0.0383963862225,0.300392427585,23,22,22,0.95652173913,0,0.130434782609,0.739130434783,0.0869565217391,-25,-0.0494071146245,14.6709004902,-2.17391304348,-2.70526315789,-0.8,0.425832255885,0.246689971807,0.120844164322,-1.01524258421,0.021154760763,-0.0110980545763,0.614080786703,0.419611775162,0.155432111954,6.70174994109,-0.0302028423475,19.0084773838,15.3918389299,6.05499431787,19.0084773838,0.117670194999,-0.0303413400759,-53,-0.029926595144,0.00862708974864,-0.217391304348,0.130434782609,0.0434782608696,56,18,43,389,0.565656565657,0.955773955774,0.044226044226,0.434343434343,0.756756756757,0.565656565657,0.647398843931,0.585401077167,0.521430521431,0.478632478632,55,80,0,23,23,23,1,0,8,0,0.0386050732335,0,0,1,3.88826011686,0,16,NaN,1,ok,2.18974518502,0,23,15,15,0.652173913043,0,5,0,0.0605296343001,0,0,1,3.33333333333,0,16,NaN,1,ok,2.11111111111,0,23,22,22,0.95652173913,0,3,0,0.000721781504685,0,0,1,22.8967375007,1,16,NaN,1,ok,NaN,3,0,0,0
179,WLNM_dir_neg,0.7035546875,0.548840894705,00:00:00,10,20,79,506381425,fixed,validated_v2,/gpfs/scratch/acw792/wlnm_roleonly_v2_20260910/result_wlnm_dir_neg_roleonly_trophicv2_100x290_train10-90_Apocrita_20260910_011848/ecological_snapshots/Broadstone_Stream_tax_mass_K10_ratio0.2_exp79_seed506381425_threshold0.5_validated_v2.mat,role_only,2,uniform_without_replacement,uniform_remaining_nonlinks,176,0,176,407,198,198,176,22,0,22,0.111111111111,38,160,0.5,0.617647058824,0.2625,0.368421052632,21,13,59,147,0.2625,0.91875,0.08125,0.7375,0.617647058824,0.2625,0.368421052632,0.7,0.619444444444,0.211678832117,0.245024736802,0.18125,99,19,80,0,99,0,19,0,80,23,99,0.195652173913,2.18974518502,8.60869565217,6.6,4.5,4.59979377438,0.534319478842,0.291611769873,4.28989068105,0.996641269334,0.541062801932,2.91445898002,0.677096530713,0.355731225296,1.07629584498,0.491516479791,2.88826011686,2.18974518502,1.07629584498,2.88826011686,0.351612638569,0.458912768647,121,0.0683229813665,0.291765337837,23,23,23,1,0,0.347826086957,0.608695652174,0.0434782608696,23,0.0375494071146,2.0652173913,1.65217391304,1.46153846154,1.72727272727,1.3351436985,0.808113291199,0.439359267735,0.936733876686,1.13394100862,0.567505720824,1.07247267026,1.29825639032,0.645308924485,1.22060294179,0.591028792866,4,2.56666666667,1.2264447263,4,0,0,0,0,0.0897435897436,23,15,15,0.652173913043,0,0.217391304348,0.260869565217,0.304347826087,23,53,0.104743083004,NaN,4.60869565217,2.30434782609,4.41666666667,4.06469422349,0.881961954152,0.447908121411,1.71715363343,0.745179878657,0.36751435603,3.50888201062,1.52272238197,0.708777686628,NaN,NaN,NaN,NaN,NaN,NaN,0.435620915033,0.345794392523,37,0.0208921513269,0.255864546082,23,23,0,1,6,0,0.521739130435,0.478260869565,-46,-0.0909090909091,NaN,-4,-4.29565217391,-0.0833333333333,-0.535099550892,0.347642475311,0.156296351538,-2.57273704762,-0.251461390677,-0.173548445903,0.594423030592,0.845625851253,0.353046461332,NaN,NaN,NaN,NaN,NaN,NaN,0.0840082764635,-0.113118376124,-84,-0.0474308300395,-0.0359007917548,-0.347826086957,-0.0869565217391,0.434782608696,40,13,59,394,0.40404040404,0.968058968059,0.031941031941,0.59595959596,0.754716981132,0.40404040404,0.526315789474,0.482044024092,0.372099372099,0.357142857143,34,80,0,23,23,23,1,0,8,0,0.0386050732335,0,0,1,3.88826011686,0,16,NaN,1,ok,2.18974518502,0,23,15,15,0.652173913043,0,3,0,0.0263157894737,0,0,1,5,0,16,NaN,1,ok,2.56666666667,0,23,23,0,1,6,0,23,NaN,NaN,NaN,NaN,NaN,0,0,NaN,0,no_basal_in_lcc,NaN,2,0,0,0
180,WLNM_dir_neg,0.8028125,0.745176923017,00:00:01,10,20,80,506381426,fixed,validated_v2,/gpfs/scratch/acw792/wlnm_roleonly_v2_20260910/result_wlnm_dir_neg_roleonly_trophicv2_100x290_train10-90_Apocrita_20260910_011848/ecological_snapshots/Broadstone_Stream_tax_mass_K10_ratio0.2_exp80_seed506381426_threshold0.5_validated_v2.mat,role_only,2,uniform_without_replacement,uniform_remaining_nonlinks,176,0,176,407,198,198,176,22,0,22,0.111111111111,38,160,0.5,0.905660377358,0.6,0.721804511278,48,5,32,155,0.6,0.96875,0.03125,0.4,0.905660377358,0.6,0.721804511278,0.845833333333,0.593055555556,0.621160409556,0.646349856049,0.56875,99,19,80,0,99,0,19,0,80,23,99,0.195652173913,2.18974518502,8.60869565217,6.6,4.5,4.59979377438,0.534319478842,0.291611769873,4.28989068105,0.996641269334,0.541062801932,2.91445898002,0.677096530713,0.355731225296,1.07629584498,0.491516479791,2.88826011686,2.18974518502,1.07629584498,2.88826011686,0.351612638569,0.458912768647,121,0.0683229813665,0.291765337837,23,23,23,1,0,0.347826086957,0.608695652174,0.0434782608696,23,0.0375494071146,1.82789855072,1.65217391304,1.72727272727,1.35714285714,1.15241626208,0.697515105996,0.370709382151,1.1140496934,1.34858647096,0.654462242563,0.777652289268,0.941368560693,0.494279176201,1.12368781133,0.614742984987,4,2.0612745098,1.20924154509,4,0,0,0,0,0.04,23,17,17,0.739130434783,0,0.347826086957,0.260869565217,0.217391304348,23,72,0.142292490119,1.88810308727,6.26086956522,5.53846153846,3.13043478261,3.49307615543,0.557921885938,0.300120772947,3.93474439306,1.25693223667,0.642512077295,1.39167485185,0.444562799898,0.239130434783,0.893500407038,0.473226495451,2.35887173623,1.88810308727,0.893500407038,2.35887173623,0.307858083945,0.297297297297,44,0.0248447204969,0.136057786482,23,23,23,1,0,0.434782608696,0.565217391304,0,-27,-0.0533596837945,-0.301642097756,-2.34782608696,-1.06153846154,-1.36956521739,-1.10671761894,0.0236024070957,0.00850900307422,-0.355146287985,0.260290967338,0.101449275362,-1.52278412817,-0.232533730815,-0.116600790514,-0.182795437945,-0.0182899843405,-0.529388380628,-0.301642097756,-0.182795437945,-0.529388380628,-0.0437545546241,-0.16161547135,-77,-0.0434782608696,-0.155707551355,0.0869565217391,-0.0434782608696,-0.0434782608696,67,5,32,402,0.676767676768,0.987714987715,0.012285012285,0.323232323232,0.930555555556,0.676767676768,0.783625730994,0.754548819822,0.664482664483,0.644230769231,53,80,0,23,23,23,1,0,8,0,0.0386050732335,0,0,1,3.88826011686,0,16,NaN,1,ok,2.18974518502,0,23,17,17,0.739130434783,0,7,0,0.0634920634921,0,0,1,5,0,16,NaN,1,ok,2.0612745098,0,23,23,23,1,0,10,0,0.0698144751587,0,0,1,3.35887173623,0,16,NaN,1,ok,1.88810308727,0,0,0,0
181,WLNM_dir_neg,0.80578125,0.713625957564,00:00:00,10,20,81,506381427,fixed,validated_v2,/gpfs/scratch/acw792/wlnm_roleonly_v2_20260910/result_wlnm_dir_neg_roleonly_trophicv2_100x290_train10-90_Apocrita_20260910_011848/ecological_snapshots/Broadstone_Stream_tax_mass_K10_ratio0.2_exp81_seed506381427_threshold0.5_validated_v2.mat,role_only,2,uniform_without_replacement,uniform_remaining_nonlinks,176,0,176,407,198,198,176,22,0,22,0.111111111111,38,160,0.5,0.829787234043,0.4875,0.614173228346,39,8,41,152,0.4875,0.95,0.05,0.5125,0.829787234043,0.4875,0.614173228346,0.795833333333,0.601388888889,0.487804878049,0.5197032811,0.4375,99,19,80,0,99,0,19,0,80,23,99,0.195652173913,2.18974518502,8.60869565217,6.6,4.5,4.59979377438,0.534319478842,0.291611769873,4.28989068105,0.996641269334,0.541062801932,2.91445898002,0.677096530713,0.355731225296,1.07629584498,0.491516479791,2.88826011686,2.18974518502,1.07629584498,2.88826011686,0.351612638569,0.458912768647,121,0.0683229813665,0.291765337837,23,23,23,1,0,0.347826086957,0.608695652174,0.0434782608696,23,0.0375494071146,1.73260869565,1.65217391304,1.72727272727,1.72727272727,1.3351436985,0.808113291199,0.430205949657,0.984062724952,1.19123382494,0.608695652174,1.02921743939,1.24589479505,0.631578947368,0.888513658724,0.512818422852,2.8,2.14230769231,0.946450860198,2.8,0.263888888889,0.24,2,0.00112930547713,0.0651515151515,23,13,13,0.565217391304,0,0.304347826087,0.173913043478,0.304347826087,23,66,0.130434782609,8.13719126624,5.73913043478,4.71428571429,3.3,4.10340647073,0.714987491112,0.393280632411,3.19522865629,1.11348877416,0.590250329381,2.56381015866,0.893448994684,0.471673254282,6.56733331717,0.807076189105,15.9947320577,8.46160905106,6.53052226025,15.9947320577,0.50059015059,0.539845758355,70,0.0395256916996,0.19681191824,23,22,22,0.95652173913,0,0.347826086957,0.521739130435,0.0869565217391,-33,-0.0652173913043,5.94744608121,-2.86956521739,-1.88571428571,-1.2,-0.496387303647,0.18066801227,0.101668862538,-1.09466202475,0.116847504829,0.0491875274484,-0.350648821365,0.216352463972,0.115942028986,5.49103747219,0.315559709314,13.1064719408,6.27186386604,5.45422641527,13.1064719408,0.148977512021,0.0809329897075,-51,-0.0287972896669,-0.0949534195963,0,-0.0869565217391,0.0434782608696,58,8,41,399,0.585858585859,0.980343980344,0.019656019656,0.414141414141,0.878787878788,0.585858585859,0.70303030303,0.666942401965,0.566202566203,0.542056074766,47,80,0,23,23,23,1,0,8,0,0.0386050732335,0,0,1,3.88826011686,0,16,NaN,1,ok,2.18974518502,0,23,13,13,0.565217391304,0,4,0,0.0882352941176,0,0,1,3.8,0,16,NaN,1,ok,2.14230769231,0,23,22,22,0.95652173913,0,8,0,0.006874812403,0,0,1,16.9947320577,0,16,NaN,1,ok,8.46160905106,0,0,0,0
182,WLNM_dir_neg,0.661015625,0.580968344606,00:00:01,10,20,82,506381428,fixed,validated_v2,/gpfs/scratch/acw792/wlnm_roleonly_v2_20260910/result_wlnm_dir_neg_roleonly_trophicv2_100x290_train10-90_Apocrita_20260910_011848/ecological_snapshots/Broadstone_Stream_tax_mass_K10_ratio0.2_exp82_seed506381428_threshold0.5_validated_v2.mat,role_only,2,uniform_without_replacement,uniform_remaining_nonlinks,176,0,176,407,198,198,176,22,0,22,0.111111111111,38,160,0.5,0.674418604651,0.3625,0.471544715447,29,14,51,146,0.3625,0.9125,0.0875,0.6375,0.674418604651,0.3625,0.471544715447,0.729166666667,0.606944444444,0.310954063604,0.338041747241,0.275,99,19,80,0,99,0,19,0,80,23,99,0.195652173913,2.18974518502,8.60869565217,6.6,4.5,4.59979377438,0.534319478842,0.291611769873,4.28989068105,0.996641269334,0.541062801932,2.91445898002,0.677096530713,0.355731225296,1.07629584498,0.491516479791,2.88826011686,2.18974518502,1.07629584498,2.88826011686,0.351612638569,0.458912768647,121,0.0683229813665,0.291765337837,23,23,23,1,0,0.347826086957,0.608695652174,0.0434782608696,23,0.0375494071146,1.64492753623,1.65217391304,1.72727272727,1.46153846154,1.22877232347,0.743730616837,0.379862700229,1.15412989316,1.3971046075,0.663615560641,0.886882892395,1.07359508027,0.553775743707,0.785449025258,0.477497645311,2.66666666667,1.78888888889,0.878460654607,2.66666666667,0,0,0,0,0.0469696969697,23,15,15,0.652173913043,0,0.391304347826,0.173913043478,0.304347826087,23,62,0.122529644269,2.42016045549,5.39130434783,3.64705882353,2.81818181818,2.55376959228,0.473683069535,0.24824684432,3.0812450643,1.14304252385,0.558204768583,1.84476612483,0.684348723729,0.352033660589,1.19381048627,0.493277412067,3.82142857143,2.42016045549,1.19381048627,3.82142857143,0.358789760964,0.251497005988,28,0.0158102766798,0.126910660826,23,23,23,1,0,0.260869565217,0.695652173913,0.0434782608696,-37,-0.0731225296443,0.230415270462,-3.21739130435,-2.95294117647,-1.68181818182,-2.0460241821,-0.0606364093067,-0.0433649255529,-1.20864561675,0.146401254517,0.0171419666511,-1.06969285519,0.00725219301609,-0.00369756470738,0.117514641287,0.00176093227622,0.933168454571,0.230415270462,0.117514641287,0.933168454571,0.00717712239451,-0.207415762659,-93,-0.0525127046866,-0.164854677011,-0.0869565217391,0.0869565217391,0,48,14,51,393,0.484848484848,0.965601965602,0.034398034398,0.515151515152,0.774193548387,0.484848484848,0.596273291925,0.544972386904,0.45045045045,0.424778761062,43,80,0,23,23,23,1,0,8,0,0.0386050732335,0,0,1,3.88826011686,0,16,NaN,1,ok,2.18974518502,0,23,15,15,0.652173913043,0,7,0,0.105571847507,0,0,1,3.66666666667,0,16,NaN,1,ok,1.78888888889,0,23,23,23,1,0,6,0,0.0332676520489,0,0,1,4.82142857143,0,16,NaN,1,ok,2.42016045549,0,0,0,0
183,WLNM_dir_neg,0.7422265625,0.611440782907,00:00:00,10,20,83,506381429,fixed,validated_v2,/gpfs/scratch/acw792/wlnm_roleonly_v2_20260910/result_wlnm_dir_neg_roleonly_trophicv2_100x290_train10-90_Apocrita_20260910_011848/ecological_snapshots/Broadstone_Stream_tax_mass_K10_ratio0.2_exp83_seed506381429_threshold0.5_validated_v2.mat,role_only,2,uniform_without_replacement,uniform_remaining_nonlinks,176,0,176,407,198,198,176,22,0,22,0.111111111111,38,160,0.5,0.666666666667,0.35,0.459016393443,28,14,52,146,0.35,0.9125,0.0875,0.65,0.666666666667,0.35,0.459016393443,0.725,0.608333333333,0.297872340426,0.325669473639,0.2625,99,19,80,0,99,0,19,0,80,23,99,0.195652173913,2.18974518502,8.60869565217,6.6,4.5,4.59979377438,0.534319478842,0.291611769873,4.28989068105,0.996641269334,0.541062801932,2.91445898002,0.677096530713,0.355731225296,1.07629584498,0.491516479791,2.88826011686,2.18974518502,1.07629584498,2.88826011686,0.351612638569,0.458912768647,121,0.0683229813665,0.291765337837,23,23,23,1,0,0.347826086957,0.608695652174,0.0434782608696,23,0.0375494071146,1.67572463768,1.65217391304,1.58333333333,1.72727272727,1.3351436985,0.808113291199,0.439359267735,1.07247267026,1.29825639032,0.622425629291,1.07247267026,1.29825639032,0.636155606407,0.737260974121,0.4399654678,2.16666666667,1.90885416667,0.741341806194,2.16666666667,0,0,0,0,0.0785353535354,23,16,16,0.695652173913,0,0.260869565217,0.217391304348,0.304347826087,23,61,0.120553359684,NaN,5.30434782609,2.65217391304,3.38888888889,4.43575126986,0.836248190219,0.431931575196,3.1566480446,1.1902115578,0.491803278689,3.17101497448,1.19562859694,0.55737704918,NaN,NaN,NaN,NaN,NaN,NaN,0.478221778222,0.354755784062,46,0.025974025974,0.221512984161,23,23,0,1,6,0,0.782608695652,0.217391304348,-38,-0.0750988142292,NaN,-3.30434782609,-3.94782608696,-1.11111111111,-0.164042504517,0.301928711378,0.140319805323,-1.13324263645,0.193570288465,-0.0492595232438,0.256555994456,0.518532066223,0.201645823884,NaN,NaN,NaN,NaN,NaN,NaN,0.126609139653,-0.104156984586,-75,-0.0423489553924,-0.0702523536756,-0.347826086957,0.173913043478,0.173913043478,47,14,52,393,0.474747474747,0.965601965602,0.034398034398,0.525252525253,0.770491803279,0.474747474747,0.5875,0.536497036852,0.440349440349,0.41592920354,42,80,0,23,23,23,1,0,8,0,0.0386050732335,0,0,1,3.88826011686,0,16,NaN,1,ok,2.18974518502,0,23,16,16,0.695652173913,0,5,0,0.0512820512821,0,0,1,3.16666666667,0,16,NaN,1,ok,1.90885416667,0,23,23,0,1,6,0,23,NaN,NaN,NaN,NaN,NaN,0,0,NaN,0,no_basal_in_lcc,NaN,2,0,0,0
184,WLNM_dir_neg,0.8608984375,0.817286980304,00:00:00,10,20,84,506381430,fixed,validated_v2,/gpfs/scratch/acw792/wlnm_roleonly_v2_20260910/result_wlnm_dir_neg_roleonly_trophicv2_100x290_train10-90_Apocrita_20260910_011848/ecological_snapshots/Broadstone_Stream_tax_mass_K10_ratio0.2_exp84_seed506381430_threshold0.5_validated_v2.mat,role_only,2,uniform_without_replacement,uniform_remaining_nonlinks,176,0,176,407,198,198,176,22,0,22,0.111111111111,38,160,0.5,0.953488372093,0.5125,0.666666666667,41,2,39,158,0.5125,0.9875,0.0125,0.4875,0.953488372093,0.5125,0.666666666667,0.829166666667,0.606944444444,0.565371024735,0.614621358621,0.5,99,19,80,0,99,0,19,0,80,23,99,0.195652173913,2.18974518502,8.60869565217,6.6,4.5,4.59979377438,0.534319478842,0.291611769873,4.28989068105,0.996641269334,0.541062801932,2.91445898002,0.677096530713,0.355731225296,1.07629584498,0.491516479791,2.88826011686,2.18974518502,1.07629584498,2.88826011686,0.351612638569,0.458912768647,121,0.0683229813665,0.291765337837,23,23,23,1,0,0.347826086957,0.608695652174,0.0434782608696,23,0.0375494071146,1.55434782609,1.65217391304,2.11111111111,1.58333333333,1.64063999852,0.993018946473,0.517162471396,1.26678454482,1.53347602794,0.718535469108,0.984062724952,1.19123382494,0.604118993135,0.776614762723,0.499640266927,2.625,1.94166666667,0.924461805393,2.625,0.460606060606,0.428571428571,6,0.00338791643139,0.0768518518519,23,10,10,0.434782608696,0,0.304347826087,0.217391304348,0.173913043478,23,62,0.122529644269,1.76361985365,5.39130434783,6.2,2.95238095238,4.08699857013,0.758072315428,0.415848527349,3.73478467931,1.3854846391,0.683029453015,2.14125669576,0.794337161332,0.417952314165,0.938307916665,0.532035242585,2.21670810542,1.76361985365,0.938307916665,2.21670810542,0.358781088193,0.389502762431,47,0.0265386787126,0.232886804553,23,23,23,1,0,0.565217391304,0.347826086957,0.0869565217391,-37,-0.0731225296443,-0.426125331374,-3.21739130435,-0.4,-1.54761904762,-0.512795204246,0.223752836586,0.124236757477,-0.55510600174,0.388843369764,0.141966651083,-0.77320228426,0.117240630619,0.0622210888691,-0.137987928318,0.040518762794,-0.671552011438,-0.426125331374,-0.137987928318,-0.671552011438,0.00716844962369,-0.0694100062163,-74,-0.0417843026539,-0.0588785332833,0.217391304348,-0.260869565217,0.0434782608696,60,2,39,405,0.606060606061,0.995085995086,0.004914004914,0.393939393939,0.967741935484,0.606060606061,0.745341614907,0.727290421795,0.601146601147,0.594059405941,43,80,0,23,23,23,1,0,8,0,0.0386050732335,0,0,1,3.88826011686,0,16,NaN,1,ok,2.18974518502,0,23,10,10,0.434782608696,0,4,0,0.154285714286,0,0,1,3.625,0,16,NaN,1,ok,1.94166666667,0,23,23,23,1,0,13,0,0.0979972929666,0,0,1,3.21670810542,0,16,NaN,1,ok,1.76361985365,0,0,0,0
185,WLNM_dir_neg,0.7334765625,0.659068265521,00:00:00,10,20,85,506381431,fixed,validated_v2,/gpfs/scratch/acw792/wlnm_roleonly_v2_20260910/result_wlnm_dir_neg_roleonly_trophicv2_100x290_train10-90_Apocrita_20260910_011848/ecological_snapshots/Broadstone_Stream_tax_mass_K10_ratio0.2_exp85_seed506381431_threshold0.5_validated_v2.mat,role_only,2,uniform_without_replacement,uniform_remaining_nonlinks,176,0,176,407,198,198,176,22,0,22,0.111111111111,38,160,0.5,0.765957446809,0.45,0.566929133858,36,11,44,149,0.45,0.93125,0.06875,0.55,0.765957446809,0.45,0.566929133858,0.770833333333,0.601388888889,0.425087108014,0.452884287815,0.38125,99,19,80,0,99,0,19,0,80,23,99,0.195652173913,2.18974518502,8.60869565217,6.6,4.5,4.59979377438,0.534319478842,0.291611769873,4.28989068105,0.996641269334,0.541062801932,2.91445898002,0.677096530713,0.355731225296,1.07629584498,0.491516479791,2.88826011686,2.18974518502,1.07629584498,2.88826011686,0.351612638569,0.458912768647,121,0.0683229813665,0.291765337837,23,23,23,1,0,0.347826086957,0.608695652174,0.0434782608696,23,0.0375494071146,1.82246376812,1.65217391304,1.72727272727,1.58333333333,1.3351436985,0.808113291199,0.437070938215,0.984062724952,1.19123382494,0.608695652174,0.936733876686,1.13394100862,0.585812356979,1.00638879237,0.552213333387,3,2.11274509804,1.02441598219,3,0.166666666667,0.09375,1,0.000564652738566,0.0575757575758,23,17,17,0.739130434783,0,0.260869565217,0.260869565217,0.217391304348,23,66,0.130434782609,1,5.73913043478,3.3,4.4,4.32978470286,0.754432183074,0.409749670619,2.63377274898,0.917829897373,0.482213438735,3.6093860952,1.25781636651,0.607378129117,0,0,0,NaN,NaN,NaN,0.452011713776,0.407766990291,56,0.0316205533597,0.257898154477,23,21,0,0.913043478261,7,0.0434782608696,0.608695652174,0.260869565217,-33,-0.0652173913043,-1.18974518502,-2.86956521739,-3.3,-0.1,-0.270009071517,0.220112704232,0.118137900747,-1.65611793207,-0.0788113719617,-0.0588493631972,0.694927115171,0.580719835795,0.251646903821,-1.07629584498,-0.491516479791,-2.88826011686,NaN,NaN,NaN,0.100399075207,-0.051145778356,-65,-0.0367024280068,-0.0338671833597,-0.304347826087,0,0.217391304348,55,11,44,396,0.555555555556,0.972972972973,0.027027027027,0.444444444444,0.833333333333,0.555555555556,0.666666666667,0.622565327968,0.528528528529,0.5,47,80,0,23,23,23,1,0,8,0,0.0386050732335,0,0,1,3.88826011686,0,16,NaN,1,ok,2.18974518502,0,23,17,17,0.739130434783,0,6,0,0.0827586206897,0,0,1,4,0,16,NaN,1,ok,2.11274509804,0,23,21,0,0.913043478261,7,1,11,NaN,NaN,NaN,NaN,NaN,0,0,NaN,0,basal_unreachable_in_lcc,NaN,2,0,0,0
186,WLNM_dir_neg,0.801875,0.753565630797,00:00:01,10,20,86,506381432,fixed,validated_v2,/gpfs/scratch/acw792/wlnm_roleonly_v2_20260910/result_wlnm_dir_neg_roleonly_trophicv2_100x290_train10-90_Apocrita_20260910_011848/ecological_snapshots/Broadstone_Stream_tax_mass_K10_ratio0.2_exp86_seed506381432_threshold0.5_validated_v2.mat,role_only,2,uniform_without_replacement,uniform_remaining_nonlinks,176,0,176,407,198,198,176,22,0,22,0.111111111111,38,160,0.5,1,0.35,0.518518518519,28,0,52,160,0.35,1,0,0.65,1,0.35,0.518518518519,0.783333333333,0.627777777778,0.417910447761,0.51395616875,0.35,99,19,80,0,99,0,19,0,80,23,99,0.195652173913,2.18974518502,8.60869565217,6.6,4.5,4.59979377438,0.534319478842,0.291611769873,4.28989068105,0.996641269334,0.541062801932,2.91445898002,0.677096530713,0.355731225296,1.07629584498,0.491516479791,2.88826011686,2.18974518502,1.07629584498,2.88826011686,0.351612638569,0.458912768647,121,0.0683229813665,0.291765337837,23,23,23,1,0,0.347826086957,0.608695652174,0.0434782608696,23,0.0375494071146,1.44565217391,1.65217391304,2.375,1.35714285714,1.72175110788,1.04211251266,0.514874141876,1.5270939101,1.84858736486,0.773455377574,0.886882892395,1.07359508027,0.521739130435,0.684242141249,0.473310353345,2.41666666667,1.61666666667,0.763632713178,2.41666666667,0.0766666666667,0.0666666666667,1,0.000564652738566,0.0397959183673,23,15,15,0.652173913043,0,0.391304347826,0.217391304348,0.130434782609,23,47,0.0928853754941,1.46584809447,4.08695652174,5.875,3.35714285714,3.97621386244,0.972903391873,0.506012950971,3.44407608497,1.6853989352,0.758556891767,1.89444788958,0.927070243836,0.50138760407,0.664510953096,0.453328660454,1.58487654321,1.63026506899,0.705026553616,1.58487654321,0.506837606838,0.446564885496,39,0.0220214568041,0.226337551338,23,17,17,0.739130434783,0,0.391304347826,0.217391304348,0.130434782609,-52,-0.102766798419,-0.723897090554,-4.52173913043,-0.725,-1.14285714286,-0.623579911939,0.438583913031,0.214401181099,-0.845814596079,0.688757665863,0.217494089835,-1.02001109045,0.249973713123,0.145656378774,-0.411784891887,-0.0381878193372,-1.30338357365,-0.559480116034,-0.371269291368,-1.30338357365,0.155224968268,-0.0123478831511,-82,-0.0463015245624,-0.0654277864992,0.0434782608696,-0.391304347826,0.0869565217391,47,0,52,407,0.474747474747,1,0,0.525252525253,1,0.474747474747,0.643835616438,0.648816959633,0.474747474747,0.474747474747,28,80,0,23,23,23,1,0,8,0,0.0386050732335,0,0,1,3.88826011686,0,16,NaN,1,ok,2.18974518502,0,23,15,15,0.652173913043,0,8,0,0.205128205128,0,0,1,3.41666666667,0,16,NaN,1,ok,1.61666666667,0,23,17,17,0.739130434783,0,9,0,0.181555081164,0,0,1,2.58487654321,0,16,NaN,1,ok,1.63026506899,0,0,0,0
187,WLNM_dir_neg,0.7362109375,0.595241619608,00:00:00,10,20,87,506381433,fixed,validated_v2,/gpfs/scratch/acw792/wlnm_roleonly_v2_20260910/result_wlnm_dir_neg_roleonly_trophicv2_100x290_train10-90_Apocrita_20260910_011848/ecological_snapshots/Broadstone_Stream_tax_mass_K10_ratio0.2_exp87_seed506381433_threshold0.5_validated_v2.mat,role_only,2,uniform_without_replacement,uniform_remaining_nonlinks,176,0,176,407,198,198,176,22,0,22,0.111111111111,38,160,0.5,0.866666666667,0.4875,0.624,39,6,41,154,0.4875,0.9625,0.0375,0.5125,0.866666666667,0.4875,0.624,0.804166666667,0.604166666667,0.505263157895,0.543492976389,0.45,99,19,80,0,99,0,19,0,80,23,99,0.195652173913,2.18974518502,8.60869565217,6.6,4.5,4.59979377438,0.534319478842,0.291611769873,4.28989068105,0.996641269334,0.541062801932,2.91445898002,0.677096530713,0.355731225296,1.07629584498,0.491516479791,2.88826011686,2.18974518502,1.07629584498,2.88826011686,0.351612638569,0.458912768647,121,0.0683229813665,0.291765337837,23,23,23,1,0,0.347826086957,0.608695652174,0.0434782608696,23,0.0375494071146,1.52657004831,1.65217391304,1.9,1.46153846154,1.26522350351,0.765793173177,0.411899313501,1.1140496934,1.34858647096,0.66819221968,0.936733876686,1.13394100862,0.567505720824,0.641763311017,0.420395586647,1.77777777778,1.63742690058,0.654824980296,1.77777777778,0.0833333333333,0.1,1,0.000564652738566,0.0777777777778,23,19,19,0.826086956522,0,0.391304347826,0.173913043478,0.260869565217,23,64,0.126482213439,1.82710527805,5.5652173913,5.33333333333,3.2,3.21680370663,0.578019416034,0.316576086957,3.35689956709,1.20638578192,0.618206521739,1.73090942306,0.622045573911,0.34375,0.880985685974,0.482175655973,2.30397727273,1.8647009725,0.882631034312,2.30397727273,0.425623582766,0.338028169014,40,0.0225861095426,0.157931588613,23,22,22,0.95652173913,0,0.434782608696,0.434782608696,0.0869565217391,-35,-0.0691699604743,-0.362639906978,-3.04347826087,-1.26666666667,-1.3,-1.38299006775,0.0436999371924,0.0249643170839,-0.932991113953,0.20974451259,0.0771437198068,-1.18354955697,-0.0550509568014,-0.0119812252964,-0.195310159009,-0.00934082381802,-0.584282844131,-0.325044212522,-0.193664810672,-0.584282844131,0.0740109441973,-0.120884599633,-81,-0.0457368718238,-0.133833749223,0.0869565217391,-0.173913043478,0.0434782608696,58,6,41,401,0.585858585859,0.985257985258,0.014742014742,0.414141414141,0.90625,0.585858585859,0.711656441718,0.681613905425,0.571116571117,0.552380952381,45,80,0,23,23,23,1,0,8,0,0.0386050732335,0,0,1,3.88826011686,0,16,NaN,1,ok,2.18974518502,0,23,19,19,0.826086956522,0,9,0,0.0683544303797,0,0,1,2.77777777778,0,16,NaN,1,ok,1.63742690058,0,23,22,22,0.95652173913,0,10,0,0.0637810460195,0,0,1,3.30397727273,0,16,NaN,1,ok,1.8647009725,0,0,0,0
188,WLNM_dir_neg,0.7433984375,0.623979859346,00:00:00,10,20,88,506381434,fixed,validated_v2,/gpfs/scratch/acw792/wlnm_roleonly_v2_20260910/result_wlnm_dir_neg_roleonly_trophicv2_100x290_train10-90_Apocrita_20260910_011848/ecological_snapshots/Broadstone_Stream_tax_mass_K10_ratio0.2_exp88_seed506381434_threshold0.5_validated_v2.mat,role_only,2,uniform_without_replacement,uniform_remaining_nonlinks,176,0,176,407,198,198,176,22,0,22,0.111111111111,38,160,0.5,0.762711864407,0.5625,0.647482014388,45,14,35,146,0.5625,0.9125,0.0875,0.4375,0.762711864407,0.5625,0.647482014388,0.795833333333,0.584722222222,0.508361204013,0.520035870747,0.475,99,19,80,0,99,0,19,0,80,23,99,0.195652173913,2.18974518502,8.60869565217,6.6,4.5,4.59979377438,0.534319478842,0.291611769873,4.28989068105,0.996641269334,0.541062801932,2.91445898002,0.677096530713,0.355731225296,1.07629584498,0.491516479791,2.88826011686,2.18974518502,1.07629584498,2.88826011686,0.351612638569,0.458912768647,121,0.0683229813665,0.291765337837,23,23,23,1,0,0.347826086957,0.608695652174,0.0434782608696,23,0.0375494071146,1.77225672878,1.65217391304,1.9,1.46153846154,1.55530457854,0.941368560693,0.453089244851,1.15412989316,1.3971046075,0.677345537757,0.886882892395,1.07359508027,0.553775743707,1.02684604784,0.579400281667,2.85714285714,2.11746031746,1.10786373527,2.85714285714,0,0,0,0,0.0722222222222,23,15,15,0.652173913043,0,0.304347826087,0.260869565217,0.173913043478,23,78,0.154150197628,3.33815968012,6.78260869565,3.71428571429,4.58823529412,4.16649538515,0.614290986272,0.33723522854,3.25770597528,0.960605608094,0.496098104794,3.46067689694,1.02045600807,0.481605351171,1.10946411374,0.332358011615,4.02390438247,3.44443966558,1.00864225963,4.02390438247,0.541553454715,0.452127659574,85,0.0479954827781,0.312041199541,23,22,22,0.95652173913,0,0.0434782608696,0.695652173913,0.217391304348,-21,-0.0415019762846,1.1484144951,-1.82608695652,-2.88571428571,0.0882352941176,-0.433298389228,0.0799715074302,0.0456234586669,-1.03218470577,-0.0360356612402,-0.0449646971386,0.546217916911,0.343359477358,0.125874125874,0.0331682687536,-0.159158468177,1.13564426561,1.25469448056,-0.067653585352,1.13564426561,0.189940816146,-0.00678510907281,-36,-0.0203274985884,0.0202758617044,-0.304347826087,0.0869565217391,0.173913043478,64,14,35,393,0.646464646465,0.965601965602,0.034398034398,0.353535353535,0.820512820513,0.646464646465,0.723163841808,0.67242570295,0.612066612067,0.566371681416,59,80,0,23,23,23,1,0,8,0,0.0386050732335,0,0,1,3.88826011686,0,16,NaN,1,ok,2.18974518502,0,23,15,15,0.652173913043,0,6,0,0.0576923076923,0,0,1,3.85714285714,0,16,NaN,1,ok,2.11746031746,0,23,22,22,0.95652173913,0,1,0,0.00386847195358,0,0,1,5.02390438247,0,16,NaN,1,ok,3.44443966558,0,0,0,0
189,WLNM_dir_neg,0.7049609375,0.648167925112,00:00:00,10,20,89,506381435,fixed,validated_v2,/gpfs/scratch/acw792/wlnm_roleonly_v2_20260910/result_wlnm_dir_neg_roleonly_trophicv2_100x290_train10-90_Apocrita_20260910_011848/ecological_snapshots/Broadstone_Stream_tax_mass_K10_ratio0.2_exp89_seed506381435_threshold0.5_validated_v2.mat,role_only,2,uniform_without_replacement,uniform_remaining_nonlinks,176,0,176,407,198,198,176,22,0,22,0.111111111111,38,160,0.5,0.810810810811,0.375,0.512820512821,30,7,50,153,0.375,0.95625,0.04375,0.625,0.810810810811,0.375,0.512820512821,0.7625,0.615277777778,0.382671480144,0.432426191541,0.33125,99,19,80,0,99,0,19,0,80,23,99,0.195652173913,2.18974518502,8.60869565217,6.6,4.5,4.59979377438,0.534319478842,0.291611769873,4.28989068105,0.996641269334,0.541062801932,2.91445898002,0.677096530713,0.355731225296,1.07629584498,0.491516479791,2.88826011686,2.18974518502,1.07629584498,2.88826011686,0.351612638569,0.458912768647,121,0.0683229813665,0.291765337837,23,23,23,1,0,0.347826086957,0.608695652174,0.0434782608696,23,0.0375494071146,1.67149758454,1.65217391304,1.9,1.46153846154,1.40158013594,0.848324819123,0.45766590389,1.15412989316,1.3971046075,0.677345537757,0.886882892395,1.07359508027,0.553775743707,0.917150628822,0.548699942677,3.22222222222,1.90849673203,0.963240491263,3.22222222222,0.136363636364,0.103448275862,1,0.000564652738566,0.0488888888889,23,17,17,0.739130434783,0,0.304347826087,0.260869565217,0.173913043478,23,56,0.110671936759,7.3133253822,4.86956521739,3.73333333333,3.29411764706,4.27789612507,0.878496525685,0.47049689441,2.87348516545,1.18018140724,0.597826086957,2.10683060018,0.865305425075,0.475155279503,6.88043979807,0.940808652493,17.0126606561,9.06702687725,6.80329121136,17.0126606561,0.60937950938,0.521276595745,49,0.0276679841897,0.130364133221,23,18,18,0.782608695652,0,0.130434782609,0.608695652174,0.0434782608696,-43,-0.0849802371542,5.12358019717,-3.73913043478,-2.86666666667,-1.20588235294,-0.321897649304,0.344177046843,0.178885124537,-1.4164055156,0.183540137903,0.0567632850242,-0.807628379842,0.188208894362,0.119424054207,5.80414395308,0.449292172702,14.1244005392,6.87728169223,5.72699536638,14.1244005392,0.25776687081,0.0623638270974,-72,-0.0406549971767,-0.161401204615,-0.217391304348,0,0,49,7,50,400,0.494949494949,0.982800982801,0.017199017199,0.505050505051,0.875,0.494949494949,0.632258064516,0.604109494723,0.47775047775,0.462264150943,37,80,0,23,23,23,1,0,8,0,0.0386050732335,0,0,1,3.88826011686,0,16,NaN,1,ok,2.18974518502,0,23,17,17,0.739130434783,0,7,0,0.114832535885,0,0,1,4.22222222222,0,16,NaN,1,ok,1.90849673203,0,23,18,18,0.782608695652,0,3,0,0.00980015384531,0,0,1,18.0126606561,0,16,NaN,1,ok,9.06702687725,0,0,0,0
190,WLNM_dir_neg,0.8194921875,0.75236768911,00:00:00,10,20,90,506381436,fixed,validated_v2,/gpfs/scratch/acw792/wlnm_roleonly_v2_20260910/result_wlnm_dir_neg_roleonly_trophicv2_100x290_train10-90_Apocrita_20260910_011848/ecological_snapshots/Broadstone_Stream_tax_mass_K10_ratio0.2_exp90_seed506381436_threshold0.5_validated_v2.mat,role_only,2,uniform_without_replacement,uniform_remaining_nonlinks,176,0,176,407,198,198,176,22,0,22,0.111111111111,38,160,0.5,0.77027027027,0.7125,0.74025974026,57,17,23,143,0.7125,0.89375,0.10625,0.2875,0.77027027027,0.7125,0.74025974026,0.833333333333,0.563888888889,0.617834394904,0.61885204805,0.60625,99,19,80,0,99,0,19,0,80,23,99,0.195652173913,2.18974518502,8.60869565217,6.6,4.5,4.59979377438,0.534319478842,0.291611769873,4.28989068105,0.996641269334,0.541062801932,2.91445898002,0.677096530713,0.355731225296,1.07629584498,0.491516479791,2.88826011686,2.18974518502,1.07629584498,2.88826011686,0.351612638569,0.458912768647,121,0.0683229813665,0.291765337837,23,23,23,1,0,0.347826086957,0.608695652174,0.0434782608696,23,0.0375494071146,2.01811594203,1.65217391304,1.46153846154,1.46153846154,1.43364429632,0.86773207409,0.437070938215,0.886882892395,1.07359508027,0.553775743707,0.984062724952,1.19123382494,0.572082379863,1.06332232638,0.526888621332,3.25,2.27604166667,1.08513472026,3.25,0,0,0,0,0.0662393162393,23,16,16,0.695652173913,0,0.260869565217,0.304347826087,0.260869565217,23,93,0.183794466403,18.9821623252,8.08695652174,4.42857142857,4.22727272727,4.38917100765,0.542746952559,0.290322580645,3.67396566606,0.908615164725,0.476858345021,2.85208473783,0.705354290002,0.365591397849,5.81442638026,0.30631001256,21.3806646526,18.9821623252,5.81442638026,21.3806646526,0.400656107178,0.370481927711,82,0.0463015245624,0.218504782643,23,23,23,1,0,0.0869565217391,0.869565217391,0.0434782608696,-6,-0.0118577075099,16.7924171402,-0.521739130435,-2.17142857143,-0.272727272727,-0.210622766728,0.00842747371697,-0.00128918922748,-0.615925014984,-0.0880261046088,-0.0642044569113,-0.0623742421917,0.0282577592889,0.00986017255302,4.73813053528,-0.185206467231,18.4924045357,16.7924171402,4.73813053528,18.4924045357,0.0490434686087,-0.0884308409364,-39,-0.0220214568041,-0.0732605551933,-0.260869565217,0.260869565217,0,76,17,23,390,0.767676767677,0.958230958231,0.041769041769,0.232323232323,0.817204301075,0.767676767677,0.791666666667,0.743497855955,0.725907725908,0.655172413793,74,80,0,23,23,23,1,0,8,0,0.0386050732335,0,0,1,3.88826011686,0,16,NaN,1,ok,2.18974518502,0,23,16,16,0.695652173913,0,5,0,0.0426035502959,0,0,1,4.25,0,16,NaN,1,ok,2.27604166667,0,23,23,23,1,0,2,0,0.000739581960901,0,0,1,22.3806646526,0,16,NaN,1,ok,18.9821623252,0,0,0,0
191,WLNM_dir_neg,0.633359375,0.554794458004,00:00:01,10,20,91,506381437,fixed,validated_v2,/gpfs/scratch/acw792/wlnm_roleonly_v2_20260910/result_wlnm_dir_neg_roleonly_trophicv2_100x290_train10-90_Apocrita_20260910_011848/ecological_snapshots/Broadstone_Stream_tax_mass_K10_ratio0.2_exp91_seed506381437_threshold0.5_validated_v2.mat,role_only,2,uniform_without_replacement,uniform_remaining_nonlinks,176,0,176,407,198,198,176,22,0,22,0.111111111111,38,160,0.5,0.848484848485,0.35,0.495575221239,28,5,52,155,0.35,0.96875,0.03125,0.65,0.848484848485,0.35,0.495575221239,0.7625,0.620833333333,0.373626373626,0.436327951988,0.31875,99,19,80,0,99,0,19,0,80,23,99,0.195652173913,2.18974518502,8.60869565217,6.6,4.5,4.59979377438,0.534319478842,0.291611769873,4.28989068105,0.996641269334,0.541062801932,2.91445898002,0.677096530713,0.355731225296,1.07629584498,0.491516479791,2.88826011686,2.18974518502,1.07629584498,2.88826011686,0.351612638569,0.458912768647,121,0.0683229813665,0.291765337837,23,23,23,1,0,0.347826086957,0.608695652174,0.0434782608696,23,0.0375494071146,1.75845410628,1.65217391304,1.9,1.9,1.66811531246,1.00964874175,0.54233409611,1.15412989316,1.3971046075,0.677345537757,1.1140496934,1.34858647096,0.66819221968,1.02296973871,0.581743779982,2.83333333333,2.26495726496,1.09740477763,2.83333333333,0.2,0.166666666667,2,0.00112930547713,0.0885185185185,23,13,13,0.565217391304,0,0.217391304348,0.217391304348,0.217391304348,23,52,0.102766798419,1.89515347202,4.52173913043,5.2,3.05882352941,4.18731379741,0.926040551349,0.504180602007,3.25041803332,1.43768489935,0.695652173913,2.22010219471,0.981968278428,0.52508361204,1.13304105506,0.597862427391,3.04761904762,2.14380721424,1.16628595318,3.04761904762,0.478201058201,0.531772575251,53,0.029926595144,0.21593622427,23,18,18,0.782608695652,0,0.347826086957,0.391304347826,0.0434782608696,-47,-0.0928853754941,-0.294591713008,-4.08695652174,-1.4,-1.44117647059,-0.412479976971,0.391721072508,0.212568832134,-1.03947264773,0.441043630017,0.154589371981,-0.694356785318,0.304871747715,0.169352386744,0.056745210075,0.1063459476,0.159358930761,-0.0459379707812,0.0899901082008,0.159358930761,0.126588419632,0.0728598066036,-68,-0.0383963862225,-0.0758291135672,0,-0.217391304348,0,47,5,52,402,0.474747474747,0.987714987715,0.012285012285,0.525252525253,0.903846153846,0.474747474747,0.622516556291,0.604173525708,0.462462462462,0.451923076923,33,80,0,23,23,23,1,0,8,0,0.0386050732335,0,0,1,3.88826011686,0,16,NaN,1,ok,2.18974518502,0,23,13,13,0.565217391304,0,4,0,0.0612244897959,0,0,1,3.83333333333,0,16,NaN,1,ok,2.26495726496,0,23,18,18,0.782608695652,0,8,0,0.100027991038,0,0,1,4.04761904762,0,16,NaN,1,ok,2.14380721424,0,0,0,0
192,WLNM_dir_neg,0.70171875,0.559128446801,00:00:00,10,20,92,506381438,fixed,validated_v2,/gpfs/scratch/acw792/wlnm_roleonly_v2_20260910/result_wlnm_dir_neg_roleonly_trophicv2_100x290_train10-90_Apocrita_20260910_011848/ecological_snapshots/Broadstone_Stream_tax_mass_K10_ratio0.2_exp92_seed506381438_threshold0.5_validated_v2.mat,role_only,2,uniform_without_replacement,uniform_remaining_nonlinks,176,0,176,407,198,198,176,22,0,22,0.111111111111,38,160,0.5,0.573333333333,0.5375,0.554838709677,43,32,37,128,0.5375,0.8,0.2,0.4625,0.573333333333,0.5375,0.554838709677,0.7125,0.5625,0.342857142857,0.343246532128,0.3375,99,19,80,0,99,0,19,0,80,23,99,0.195652173913,2.18974518502,8.60869565217,6.6,4.5,4.59979377438,0.534319478842,0.291611769873,4.28989068105,0.996641269334,0.541062801932,2.91445898002,0.677096530713,0.355731225296,1.07629584498,0.491516479791,2.88826011686,2.18974518502,1.07629584498,2.88826011686,0.351612638569,0.458912768647,121,0.0683229813665,0.291765337837,23,23,23,1,0,0.347826086957,0.608695652174,0.0434782608696,23,0.0375494071146,2.16304347826,1.65217391304,1.72727272727,1.9,1.58426052874,0.958894530553,0.519450800915,1.02921743939,1.24589479505,0.631578947368,1.1140496934,1.34858647096,0.66819221968,1.58043559813,0.730653643357,5,2.78333333333,1.65525857569,5,0.069696969697,0.0857142857143,1,0.000564652738566,0.0778787878788,23,15,15,0.652173913043,0,0.173913043478,0.260869565217,0.217391304348,23,94,0.185770750988,1,8.17391304348,4.27272727273,4.7,5.39066679897,0.659496470087,0.351526364477,2.64425695833,0.646999042995,0.350601295097,4.53183731031,1.10885380997,0.512488436633,0,0,0,NaN,NaN,NaN,0.544759407259,0.394101876676,98,0.0553359683794,0.287750669244,23,22,0,0.95652173913,6,0,0.869565217391,0.0869565217391,-5,-0.0098814229249,-1.18974518502,-0.434782608696,-2.32727272727,0.2,0.790873024596,0.125176991245,0.0599145946047,-1.64563372272,-0.349642226339,-0.190461506835,1.61737833029,0.431757279257,0.156757211336,-1.07629584498,-0.491516479791,-2.88826011686,NaN,NaN,NaN,0.19314676869,-0.0648108919717,-23,-0.012987012987,-0.00401466859259,-0.347826086957,0.260869565217,0.0434782608696,62,32,37,375,0.626262626263,0.921375921376,0.0786240786241,0.373737373737,0.659574468085,0.626262626263,0.642487046632,0.558594013624,0.547638547639,0.473282442748,75,80,0,23,23,23,1,0,8,0,0.0386050732335,0,0,1,3.88826011686,0,16,NaN,1,ok,2.18974518502,0,23,15,15,0.652173913043,0,4,0,0.0535714285714,0,0,1,6,0,16,NaN,1,ok,2.78333333333,0,23,22,0,0.95652173913,6,0,22,NaN,NaN,NaN,NaN,NaN,0,0,NaN,0,no_basal_in_lcc,NaN,2,0,0,0
193,WLNM_dir_neg,0.8237890625,0.63998487769,00:00:00,10,20,93,506381439,fixed,validated_v2,/gpfs/scratch/acw792/wlnm_roleonly_v2_20260910/result_wlnm_dir_neg_roleonly_trophicv2_100x290_train10-90_Apocrita_20260910_011848/ecological_snapshots/Broadstone_Stream_tax_mass_K10_ratio0.2_exp93_seed506381439_threshold0.5_validated_v2.mat,role_only,2,uniform_without_replacement,uniform_remaining_nonlinks,176,0,176,407,198,198,176,22,0,22,0.111111111111,38,160,0.5,0.486486486486,0.675,0.565445026178,54,57,26,103,0.675,0.64375,0.35625,0.325,0.486486486486,0.675,0.565445026178,0.654166666667,0.5125,0.290598290598,0.301369178121,0.31875,99,19,80,0,99,0,19,0,80,23,99,0.195652173913,2.18974518502,8.60869565217,6.6,4.5,4.59979377438,0.534319478842,0.291611769873,4.28989068105,0.996641269334,0.541062801932,2.91445898002,0.677096530713,0.355731225296,1.07629584498,0.491516479791,2.88826011686,2.18974518502,1.07629584498,2.88826011686,0.351612638569,0.458912768647,121,0.0683229813665,0.291765337837,23,23,23,1,0,0.347826086957,0.608695652174,0.0434782608696,23,0.0375494071146,1.75,1.65217391304,1.58333333333,1.58333333333,1.15241626208,0.697515105996,0.379862700229,0.886882892395,1.07359508027,0.558352402746,0.936733876686,1.13394100862,0.585812356979,0.842749828079,0.481571330331,2.5,1.95588235294,0.867086059912,2.5,0,0,0,0,0.0555555555556,23,17,17,0.739130434783,0,0.304347826087,0.217391304348,0.304347826087,23,130,0.256916996047,11.2936016481,11.3043478261,6.19047619048,5.90909090909,4.34254620124,0.384148317802,0.212040133779,3.17101497448,0.561025726254,0.302341137124,4.41699914228,0.781469079019,0.425418060201,3.46844458355,0.307115895499,12.8955350772,11.2936016481,3.46844458355,12.8955350772,0.548252472166,0.507007419621,205,0.115753811406,0.277346476275,23,23,23,1,0,0.0869565217391,0.869565217391,0.0434782608696,31,0.0612648221344,9.10385646303,2.69565217391,-0.409523809524,1.40909090909,-0.25724757314,-0.15017116104,-0.0795716360934,-1.11887570657,-0.43561554308,-0.238721664809,1.50254016226,0.104372548306,0.0696868349042,2.39214873857,-0.184400584292,10.0072749603,9.10385646303,2.39214873857,10.0072749603,0.196639833596,0.0480946509735,84,0.0474308300395,-0.0144188615617,-0.260869565217,0.260869565217,0,73,57,26,350,0.737373737374,0.859950859951,0.140049140049,0.262626262626,0.561538461538,0.737373737374,0.637554585153,0.542324971735,0.597324597325,0.467948717949,111,80,0,23,23,23,1,0,8,0,0.0386050732335,0,0,1,3.88826011686,0,16,NaN,1,ok,2.18974518502,0,23,17,17,0.739130434783,0,6,0,0.0579710144928,0,0,1,3.5,0,16,NaN,1,ok,1.95588235294,0,23,23,23,1,0,2,0,0.00519207925598,0,0,1,13.8955350772,0,16,NaN,1,ok,11.2936016481,0,0,0,0
194,WLNM_dir_neg,0.8123828125,0.732256220091,00:00:00,10,20,94,506381440,fixed,validated_v2,/gpfs/scratch/acw792/wlnm_roleonly_v2_20260910/result_wlnm_dir_neg_roleonly_trophicv2_100x290_train10-90_Apocrita_20260910_011848/ecological_snapshots/Broadstone_Stream_tax_mass_K10_ratio0.2_exp94_seed506381440_threshold0.5_validated_v2.mat,role_only,2,uniform_without_replacement,uniform_remaining_nonlinks,176,0,176,407,198,198,176,22,0,22,0.111111111111,38,160,0.5,0.7,0.6125,0.653333333333,49,21,31,139,0.6125,0.86875,0.13125,0.3875,0.7,0.6125,0.653333333333,0.783333333333,0.569444444444,0.496774193548,0.499116867135,0.48125,99,19,80,0,99,0,19,0,80,23,99,0.195652173913,2.18974518502,8.60869565217,6.6,4.5,4.59979377438,0.534319478842,0.291611769873,4.28989068105,0.996641269334,0.541062801932,2.91445898002,0.677096530713,0.355731225296,1.07629584498,0.491516479791,2.88826011686,2.18974518502,1.07629584498,2.88826011686,0.351612638569,0.458912768647,121,0.0683229813665,0.291765337837,23,23,23,1,0,0.347826086957,0.608695652174,0.0434782608696,23,0.0375494071146,1.81884057971,1.65217391304,1.58333333333,1.72727272727,1.22877232347,0.743730616837,0.402745995423,0.936733876686,1.13394100862,0.585812356979,1.02921743939,1.24589479505,0.631578947368,0.911366278525,0.501069906121,2.5,2.18888888889,0.906035027413,2.5,0.102564102564,0.103448275862,1,0.000564652738566,0.0694444444444,23,15,15,0.652173913043,0,0.260869565217,0.217391304348,0.304347826087,23,89,0.175889328063,NaN,7.73913043478,3.86956521739,4.04545454545,4.02511875945,0.520099614985,0.282852955545,3.00460779207,0.776471676603,0.410356619443,3.59677062005,0.929502519789,0.437713727406,NaN,NaN,NaN,NaN,NaN,NaN,0.417327237979,0.33014354067,69,0.038961038961,0.217472382282,23,23,0,1,6,0,0.95652173913,0.0434782608696,-10,-0.0197628458498,NaN,-0.869565217391,-2.73043478261,-0.454545454545,-0.574675014928,-0.0142198638568,-0.00875881432794,-1.28528288897,-0.220169592731,-0.130706182489,0.682311640029,0.252405989076,0.0819825021095,NaN,NaN,NaN,NaN,NaN,NaN,0.0657145994103,-0.128769227977,-52,-0.0293619424054,-0.0742929555545,-0.347826086957,0.347826086957,0,68,21,31,386,0.686868686869,0.948402948403,0.0515970515971,0.313131313131,0.76404494382,0.686868686869,0.723404255319,0.661928736618,0.635271635272,0.566666666667,70,80,0,23,23,23,1,0,8,0,0.0386050732335,0,0,1,3.88826011686,0,16,NaN,1,ok,2.18974518502,0,23,15,15,0.652173913043,0,4,0,0.0733944954128,0,0,1,3.5,0,16,NaN,1,ok,2.18888888889,0,23,23,0,1,6,0,23,NaN,NaN,NaN,NaN,NaN,0,0,NaN,0,no_basal_in_lcc,NaN,2,0,0,0
195,WLNM_dir_neg,0.764296875,0.624705701928,00:00:01,10,20,95,506381441,fixed,validated_v2,/gpfs/scratch/acw792/wlnm_roleonly_v2_20260910/result_wlnm_dir_neg_roleonly_trophicv2_100x290_train10-90_Apocrita_20260910_011848/ecological_snapshots/Broadstone_Stream_tax_mass_K10_ratio0.2_exp95_seed506381441_threshold0.5_validated_v2.mat,role_only,2,uniform_without_replacement,uniform_remaining_nonlinks,176,0,176,407,198,198,176,22,0,22,0.111111111111,38,160,0.5,0.539682539683,0.425,0.475524475524,34,29,46,131,0.425,0.81875,0.18125,0.575,0.539682539683,0.425,0.475524475524,0.6875,0.579166666667,0.257425742574,0.261151606199,0.24375,99,19,80,0,99,0,19,0,80,23,99,0.195652173913,2.18974518502,8.60869565217,6.6,4.5,4.59979377438,0.534319478842,0.291611769873,4.28989068105,0.996641269334,0.541062801932,2.91445898002,0.677096530713,0.355731225296,1.07629584498,0.491516479791,2.88826011686,2.18974518502,1.07629584498,2.88826011686,0.351612638569,0.458912768647,121,0.0683229813665,0.291765337837,23,23,23,1,0,0.347826086957,0.608695652174,0.0434782608696,23,0.0375494071146,1.64130434783,1.65217391304,1.72727272727,1.72727272727,1.19120625083,0.720993257081,0.389016018307,1.02921743939,1.24589479505,0.631578947368,1.02921743939,1.24589479505,0.631578947368,0.749340948906,0.45655210132,2.25,1.75,0.790569415042,2.25,0.111111111111,0.107142857143,1,0.000564652738566,0.069696969697,23,13,13,0.565217391304,0,0.347826086957,0.130434782609,0.347826086957,23,82,0.162055335968,4.39279954918,7.13043478261,4.1,4.31578947368,4.05982923763,0.569366295522,0.3032873807,2.87348516545,0.805977546406,0.377518557794,4.02069744014,1.12775659906,0.569459172853,1.45452217602,0.331115080425,5.44444444444,4.39279954918,1.45452217602,5.44444444444,0.444411648957,0.336787564767,65,0.0367024280068,0.292981780431,23,23,23,1,0,0.130434782609,0.695652173913,0.173913043478,-17,-0.0335968379447,2.20305436416,-1.47826086957,-2.5,-0.184210526316,-0.539964536745,0.0350468166798,0.0116756108273,-1.4164055156,-0.190663722928,-0.163544244138,1.10623846011,0.450660068351,0.213727947556,0.378226331036,-0.160401399366,2.55618432759,2.20305436416,0.378226331036,2.55618432759,0.0927990103879,-0.12212520388,-56,-0.0316205533597,0.0012164425947,-0.217391304348,0.0869565217391,0.130434782609,53,29,46,378,0.535353535354,0.928746928747,0.0712530712531,0.464646464646,0.646341463415,0.535353535354,0.585635359116,0.499616704174,0.4641004641,0.4140625,63,80,0,23,23,23,1,0,8,0,0.0386050732335,0,0,1,3.88826011686,0,16,NaN,1,ok,2.18974518502,0,23,13,13,0.565217391304,0,6,0,0.0743034055728,0,0,1,3.25,0,16,NaN,1,ok,1.75,0,23,23,23,1,0,3,0,0.0082467366954,0,0,1,6.44444444444,0,16,NaN,1,ok,4.39279954918,0,0,0,0
196,WLNM_dir_neg,0.7937109375,0.620224283731,00:00:00,10,20,96,506381442,fixed,validated_v2,/gpfs/scratch/acw792/wlnm_roleonly_v2_20260910/result_wlnm_dir_neg_roleonly_trophicv2_100x290_train10-90_Apocrita_20260910_011848/ecological_snapshots/Broadstone_Stream_tax_mass_K10_ratio0.2_exp96_seed506381442_threshold0.5_validated_v2.mat,role_only,2,uniform_without_replacement,uniform_remaining_nonlinks,176,0,176,407,198,198,176,22,0,22,0.111111111111,38,160,0.5,0.666666666667,0.4,0.5,32,16,48,144,0.4,0.9,0.1,0.6,0.666666666667,0.4,0.5,0.733333333333,0.6,0.333333333333,0.353553390593,0.3,99,19,80,0,99,0,19,0,80,23,99,0.195652173913,2.18974518502,8.60869565217,6.6,4.5,4.59979377438,0.534319478842,0.291611769873,4.28989068105,0.996641269334,0.541062801932,2.91445898002,0.677096530713,0.355731225296,1.07629584498,0.491516479791,2.88826011686,2.18974518502,1.07629584498,2.88826011686,0.351612638569,0.458912768647,121,0.0683229813665,0.291765337837,23,23,23,1,0,0.347826086957,0.608695652174,0.0434782608696,23,0.0375494071146,1.69565217391,1.65217391304,1.9,1.72727272727,1.61269665896,0.976105872531,0.514874141876,1.1140496934,1.34858647096,0.66819221968,1.07247267026,1.29825639032,0.645308924485,0.899673304781,0.530576564358,2.625,2.27272727273,0.954951212462,2.625,0.281818181818,0.272727272727,3,0.0016939582157,0.0996296296296,23,11,11,0.478260869565,0,0.260869565217,0.217391304348,0.217391304348,23,67,0.132411067194,1,5.82608695652,3.19047619048,3.72222222222,5.10482992249,0.876202150875,0.45360155743,3.08829231245,1.06016004756,0.491888384166,3.74060086907,1.2840868655,0.563270603504,0,0,0,111.845051435,25.0406828035,119.716751465,0.549775173227,0.429577464789,61,0.0344438170525,0.296317016317,23,22,22,0.95652173913,0,0.0434782608696,0.739130434783,0.173913043478,-32,-0.0632411067194,-1.18974518502,-2.78260869565,-3.40952380952,-0.777777777778,0.505036148113,0.341882672033,0.161989787558,-1.2015983686,0.063518778222,-0.0491744177662,0.826141889042,0.606990334788,0.207539378208,-1.07629584498,-0.491516479791,-2.88826011686,109.65530625,23.9643869585,116.828491348,0.198162534658,-0.0293353038585,-60,-0.0338791643139,0.00455167848025,-0.304347826087,0.130434782609,0.130434782609,51,16,48,391,0.515151515152,0.960687960688,0.039312039312,0.484848484848,0.761194029851,0.515151515152,0.614457831325,0.556936407237,0.475839475839,0.44347826087,48,80,0,23,23,23,1,0,8,0,0.0386050732335,0,0,1,3.88826011686,0,16,NaN,1,ok,2.18974518502,0,23,11,11,0.478260869565,0,3,0,0.0451127819549,0,0,1,3.625,0,16,NaN,1,ok,2.27272727273,0,23,22,22,0.95652173913,0,1,0,0.000131836694807,0,0,1,120.716751465,1,16,NaN,1,ok,NaN,3,0,0,0
197,WLNM_dir_neg,0.7997265625,0.740603017447,00:00:00,10,20,97,506381443,fixed,validated_v2,/gpfs/scratch/acw792/wlnm_roleonly_v2_20260910/result_wlnm_dir_neg_roleonly_trophicv2_100x290_train10-90_Apocrita_20260910_011848/ecological_snapshots/Broadstone_Stream_tax_mass_K10_ratio0.2_exp97_seed506381443_threshold0.5_validated_v2.mat,role_only,2,uniform_without_replacement,uniform_remaining_nonlinks,176,0,176,407,198,198,176,22,0,22,0.111111111111,38,160,0.5,0.811320754717,0.5375,0.646616541353,43,10,37,150,0.5375,0.9375,0.0625,0.4625,0.811320754717,0.5375,0.646616541353,0.804166666667,0.593055555556,0.518771331058,0.539808670986,0.475,99,19,80,0,99,0,19,0,80,23,99,0.195652173913,2.18974518502,8.60869565217,6.6,4.5,4.59979377438,0.534319478842,0.291611769873,4.28989068105,0.996641269334,0.541062801932,2.91445898002,0.677096530713,0.355731225296,1.07629584498,0.491516479791,2.88826011686,2.18974518502,1.07629584498,2.88826011686,0.351612638569,0.458912768647,121,0.0683229813665,0.291765337837,23,23,23,1,0,0.347826086957,0.608695652174,0.0434782608696,23,0.0375494071146,1.71557971014,1.65217391304,1.58333333333,2.11111111111,1.84904633041,1.11915962104,0.569794050343,1.07247267026,1.29825639032,0.622425629291,1.58550748724,1.91929853719,0.759725400458,0.78361658462,0.456764894097,2.08333333333,2.09722222222,0.718530706137,2.08333333333,0.0795238095238,0.12,2,0.00112930547713,0.207575757576,23,15,15,0.652173913043,0,0.130434782609,0.260869565217,0.260869565217,23,72,0.142292490119,3.54138099825,6.26086956522,5.14285714286,3.42857142857,3.82833207575,0.611469706543,0.337560386473,3.3616060532,1.07384637811,0.571256038647,2.4918840595,0.796018519008,0.402173913043,2.4312332063,0.686521220819,6.98847338719,3.65689831635,2.42298022887,6.98847338719,0.320428309065,0.383408071749,57,0.0321852060982,0.188423997894,23,22,22,0.95652173913,0,0.347826086957,0.565217391304,0.0434782608696,-27,-0.0533596837945,1.35163581322,-2.34782608696,-1.45714285714,-1.07142857143,-0.771461698627,0.0771502277016,0.0459486166008,-0.928284627846,0.0772051087716,0.030193236715,-0.422574920521,0.118921988295,0.046442687747,1.35493736132,0.195004741027,4.10021327034,1.46715313132,1.34668438389,4.10021327034,-0.0311843295045,-0.0755046968984,-64,-0.0361377752682,-0.103341339943,0,-0.0434782608696,0,62,10,37,397,0.626262626263,0.97542997543,0.02457002457,0.373737373737,0.861111111111,0.626262626263,0.72514619883,0.683247986396,0.601692601693,0.56880733945,53,80,0,23,23,23,1,0,8,0,0.0386050732335,0,0,1,3.88826011686,0,16,NaN,1,ok,2.18974518502,0,23,15,15,0.652173913043,0,3,0,0.0184787141895,0,0,1,3.08333333333,0,16,NaN,1,ok,2.09722222222,0,23,22,22,0.95652173913,0,8,0,0.0187997634822,0,0,1,7.98847338719,0,16,NaN,1,ok,3.65689831635,0,0,0,0
198,WLNM_dir_neg,0.7230078125,0.613195309397,00:00:01,10,20,98,506381444,fixed,validated_v2,/gpfs/scratch/acw792/wlnm_roleonly_v2_20260910/result_wlnm_dir_neg_roleonly_trophicv2_100x290_train10-90_Apocrita_20260910_011848/ecological_snapshots/Broadstone_Stream_tax_mass_K10_ratio0.2_exp98_seed506381444_threshold0.5_validated_v2.mat,role_only,2,uniform_without_replacement,uniform_remaining_nonlinks,176,0,176,407,198,198,176,22,0,22,0.111111111111,38,160,0.5,0.796296296296,0.5375,0.641791044776,43,11,37,149,0.5375,0.93125,0.06875,0.4625,0.796296296296,0.5375,0.641791044776,0.8,0.591666666667,0.510204081633,0.529167195834,0.46875,99,19,80,0,99,0,19,0,80,23,99,0.195652173913,2.18974518502,8.60869565217,6.6,4.5,4.59979377438,0.534319478842,0.291611769873,4.28989068105,0.996641269334,0.541062801932,2.91445898002,0.677096530713,0.355731225296,1.07629584498,0.491516479791,2.88826011686,2.18974518502,1.07629584498,2.88826011686,0.351612638569,0.458912768647,121,0.0683229813665,0.291765337837,23,23,23,1,0,0.347826086957,0.608695652174,0.0434782608696,23,0.0375494071146,1,1.65217391304,1.9,1.1875,1.15241626208,0.697515105996,0.356979405034,1.230379613,1.48940689995,0.681922196796,0.650326764931,0.787237662811,0.393592677346,0,0,0,NaN,NaN,NaN,0.194444444444,0.111111111111,1,0.000564652738566,0.0192592592593,23,13,0,0.565217391304,7,0.434782608696,0.260869565217,0.173913043478,23,73,0.144268774704,5.14799272837,6.34782608696,4.86666666667,3.84210526316,4.24915708916,0.669387760621,0.372245384157,3.61376376338,1.13858310353,0.594401429422,2.34815544462,0.73982979762,0.407385348422,3.73985159823,0.72646792557,9.97987871373,5.77019163763,3.61533734913,9.97987871373,0.376861150545,0.445205479452,65,0.0367024280068,0.155500927644,23,20,20,0.869565217391,0,0.217391304348,0.608695652174,0.0434782608696,-26,-0.0513833992095,2.95824754335,-2.26086956522,-1.73333333333,-0.657894736842,-0.350636685215,0.13506828178,0.0806336142846,-0.676126917663,0.141941834198,0.0533386274899,-0.566303535405,0.062733266907,0.0516541231252,2.66355575325,0.234951445779,7.09161859687,3.58044645261,2.53904150414,7.09161859687,0.0252485119762,-0.0137072891952,-56,-0.0316205533597,-0.136264410193,-0.130434782609,0,0,62,11,37,396,0.626262626263,0.972972972973,0.027027027027,0.373737373737,0.849315068493,0.626262626263,0.720930232558,0.676561109188,0.599235599236,0.563636363636,54,80,0,23,23,23,1,0,8,0,0.0386050732335,0,0,1,3.88826011686,0,16,NaN,1,ok,2.18974518502,0,23,13,0,0.565217391304,7,6,3,NaN,NaN,NaN,NaN,NaN,0,0,NaN,0,basal_unreachable_in_lcc,NaN,2,23,20,20,0.869565217391,0,5,0,0.0145518341023,0,0,1,10.9798787137,0,16,NaN,1,ok,5.77019163763,0,0,0,0
199,WLNM_dir_neg,0.794375,0.728742023627,00:00:00,10,20,99,506381445,fixed,validated_v2,/gpfs/scratch/acw792/wlnm_roleonly_v2_20260910/result_wlnm_dir_neg_roleonly_trophicv2_100x290_train10-90_Apocrita_20260910_011848/ecological_snapshots/Broadstone_Stream_tax_mass_K10_ratio0.2_exp99_seed506381445_threshold0.5_validated_v2.mat,role_only,2,uniform_without_replacement,uniform_remaining_nonlinks,176,0,176,407,198,198,176,22,0,22,0.111111111111,38,160,0.5,0.952380952381,0.5,0.655737704918,40,2,40,158,0.5,0.9875,0.0125,0.5,0.952380952381,0.5,0.655737704918,0.825,0.608333333333,0.553191489362,0.604814736759,0.4875,99,19,80,0,99,0,19,0,80,23,99,0.195652173913,2.18974518502,8.60869565217,6.6,4.5,4.59979377438,0.534319478842,0.291611769873,4.28989068105,0.996641269334,0.541062801932,2.91445898002,0.677096530713,0.355731225296,1.07629584498,0.491516479791,2.88826011686,2.18974518502,1.07629584498,2.88826011686,0.351612638569,0.458912768647,121,0.0683229813665,0.291765337837,23,23,23,1,0,0.347826086957,0.608695652174,0.0434782608696,23,0.0375494071146,1.51449275362,1.65217391304,2.11111111111,1.1875,1.19120625083,0.720993257081,0.37528604119,1.30217209842,1.57631359283,0.727688787185,0.650326764931,0.787237662811,0.393592677346,0.697964290059,0.460856803962,2,1.75641025641,0.783556069442,2,0,0,0,0,0.0217592592593,23,13,13,0.565217391304,0,0.478260869565,0.217391304348,0.173913043478,23,61,0.120553359684,1.64160568231,5.30434782609,6.1,2.90476190476,3.84275921949,0.724454606953,0.3977191732,3.76114943326,1.4181383109,0.689950106914,1.72175110788,0.649184843953,0.359230220955,0.795813512718,0.484777508567,1.9004950495,1.67076957696,0.801862464826,1.9004950495,0.469978354978,0.471428571429,55,0.0310559006211,0.199415522749,23,22,22,0.95652173913,0,0.521739130435,0.391304347826,0.0434782608696,-38,-0.0750988142292,-0.548139502718,-3.30434782609,-0.5,-1.59523809524,-0.757034554888,0.190135128111,0.106107403328,-0.52874124779,0.421497041566,0.148887304981,-1.19270787215,-0.0279116867597,0.00349899565865,-0.280482332265,-0.00673897122454,-0.987765067353,-0.518975608067,-0.274433380157,-0.987765067353,0.118365716409,0.0125158027813,-66,-0.0372670807453,-0.0923498150879,0.173913043478,-0.217391304348,0,59,2,40,405,0.59595959596,0.995085995086,0.004914004914,0.40404040404,0.967213114754,0.59595959596,0.7375,0.720096766761,0.591045591046,0.584158415842,42,80,0,23,23,23,1,0,8,0,0.0386050732335,0,0,1,3.88826011686,0,16,NaN,1,ok,2.18974518502,0,23,13,13,0.565217391304,0,6,0,0.12543554007,0,0,1,3,0,16,NaN,1,ok,1.75641025641,0,23,22,22,0.95652173913,0,12,0,0.0627604032634,0,0,1,2.9004950495,0,16,NaN,1,ok,1.67076957696,0,0,0,0
200,WLNM_dir_neg,0.727421875,0.699705286703,00:00:01,10,20,100,506381446,fixed,validated_v2,/gpfs/scratch/acw792/wlnm_roleonly_v2_20260910/result_wlnm_dir_neg_roleonly_trophicv2_100x290_train10-90_Apocrita_20260910_011848/ecological_snapshots/Broadstone_Stream_tax_mass_K10_ratio0.2_exp100_seed506381446_threshold0.5_validated_v2.mat,role_only,2,uniform_without_replacement,uniform_remaining_nonlinks,176,0,176,407,198,198,176,22,0,22,0.111111111111,38,160,0.5,0.77358490566,0.5125,0.616541353383,41,12,39,148,0.5125,0.925,0.075,0.4875,0.77358490566,0.5125,0.616541353383,0.7875,0.593055555556,0.477815699659,0.49719219696,0.4375,99,19,80,0,99,0,19,0,80,23,99,0.195652173913,2.18974518502,8.60869565217,6.6,4.5,4.59979377438,0.534319478842,0.291611769873,4.28989068105,0.996641269334,0.541062801932,2.91445898002,0.677096530713,0.355731225296,1.07629584498,0.491516479791,2.88826011686,2.18974518502,1.07629584498,2.88826011686,0.351612638569,0.458912768647,121,0.0683229813665,0.291765337837,23,23,23,1,0,0.347826086957,0.608695652174,0.0434782608696,23,0.0375494071146,1.55797101449,1.65217391304,1.9,1.46153846154,1.19120625083,0.720993257081,0.391304347826,1.1140496934,1.34858647096,0.66819221968,0.936733876686,1.13394100862,0.567505720824,0.688301774264,0.441793696969,2,1.71296296296,0.704341243136,2,0.138888888889,0.107142857143,1,0.000564652738566,0.0559259259259,23,18,18,0.782608695652,0,0.347826086957,0.217391304348,0.217391304348,23,72,0.142292490119,1,6.26086956522,5.14285714286,3.27272727273,3.80451157186,0.607665042727,0.339371980676,3.41526450228,1.09098727156,0.579710144928,2.07373943805,0.66244454271,0.357487922705,0,0,0,NaN,NaN,NaN,0.401985844843,0.397260273973,58,0.0327498588368,0.153575530087,23,22,0,0.95652173913,7,0.347826086957,0.608695652174,0,-27,-0.0533596837945,-1.18974518502,-2.34782608696,-1.45714285714,-1.22727272727,-0.79528220252,0.0733455638854,0.0477602108037,-0.874626178764,0.0943460022284,0.0386473429952,-0.840719541976,-0.0146519880029,0.00175669740887,-1.07629584498,-0.491516479791,-2.88826011686,NaN,NaN,NaN,0.0503732062738,-0.0616524946747,-63,-0.0355731225296,-0.13818980775,0,0,-0.0434782608696,60,12,39,395,0.606060606061,0.970515970516,0.029484029484,0.393939393939,0.833333333333,0.606060606061,0.701754385965,0.654727653025,0.576576576577,0.540540540541,53,80,0,23,23,23,1,0,8,0,0.0386050732335,0,0,1,3.88826011686,0,16,NaN,1,ok,2.18974518502,0,23,18,18,0.782608695652,0,8,0,0.0869565217391,0,0,1,3,0,16,NaN,1,ok,1.71296296296,0,23,22,0,0.95652173913,7,8,2,NaN,NaN,NaN,NaN,NaN,0,0,NaN,0,basal_unreachable_in_lcc,NaN,2,0,0,0
201,WLNM_dir_neg,0.832397959184,0.669660173226,00:00:05,10,30,1,507298647,fixed,validated_v2,/gpfs/scratch/acw792/wlnm_roleonly_v2_20260910/result_wlnm_dir_neg_roleonly_trophicv2_100x290_train10-90_Apocrita_20260910_011848/ecological_snapshots/Broadstone_Stream_tax_mass_K10_ratio0.3_exp1_seed507298647_threshold0.5_validated_v2.mat,role_only,2,uniform_without_replacement,uniform_remaining_nonlinks,176,0,176,407,198,198,176,22,0,22,0.111111111111,58,140,0.5,0.775862068966,0.642857142857,0.703125,45,13,25,127,0.642857142857,0.907142857143,0.0928571428571,0.357142857143,0.775862068966,0.642857142857,0.703125,0.819047619048,0.574603174603,0.574626865672,0.579882411886,0.55,99,29,70,0,99,0,29,0,70,23,99,0.195652173913,2.18974518502,8.60869565217,6.6,4.5,4.59979377438,0.534319478842,0.291611769873,4.28989068105,0.996641269334,0.541062801932,2.91445898002,0.677096530713,0.355731225296,1.07629584498,0.491516479791,2.88826011686,2.18974518502,1.07629584498,2.88826011686,0.351612638569,0.458912768647,121,0.0683229813665,0.291765337837,23,23,23,1,0,0.347826086957,0.608695652174,0.0434782608696,23,0.0573122529644,2.03550724638,2.52173913043,2.23076923077,2.07142857143,1.90381352261,0.754960534826,0.404797601199,1.48377256602,1.17678513857,0.605697151424,1.38883179505,1.10148728573,0.569715142429,1.11982033583,0.550143134015,3.33333333333,2.19083333333,1.12129148335,3.33333333333,0.0830357142857,0.142857142857,4,0.00225861095426,0.0851953601954,23,20,20,0.869565217391,0,0.304347826087,0.304347826087,0.260869565217,23,87,0.171936758893,4.03920250549,7.5652173913,5.11764705882,4.14285714286,4.58085032754,0.605514698468,0.331334332834,3.61758987749,0.956374335429,0.513743128436,2.95352673225,0.780817411974,0.422788605697,2.34983467665,0.581757085329,5.87155425881,4.17734807393,2.30755799535,5.87155425881,0.474938672439,0.489499192246,101,0.0570299265951,0.188836423693,23,22,22,0.95652173913,0,0.217391304348,0.695652173913,0.0434782608696,-12,-0.0237154150198,1.84945732047,-1.04347826087,-1.48235294118,-0.357142857143,-0.0189434468375,0.0711952196261,0.0397225629609,-0.672300803554,-0.040266933905,-0.0273196734966,0.0390677522234,0.103720881261,0.0670573804007,1.27353883167,0.0902406055376,2.98329414196,1.9876028889,1.23126215036,2.98329414196,0.12332603387,0.0305864235983,-20,-0.0112930547713,-0.102928914144,-0.130434782609,0.0869565217391,0,74,13,25,394,0.747474747475,0.968058968059,0.031941031941,0.252525252525,0.850574712644,0.747474747475,0.795698924731,0.752277835658,0.715533715534,0.660714285714,58,70,0,23,23,23,1,0,8,0,0.0386050732335,0,0,1,3.88826011686,0,16,NaN,1,ok,2.18974518502,0,23,20,20,0.869565217391,0,7,0,0.0549488289031,0,0,1,4.33333333333,0,16,NaN,1,ok,2.19083333333,0,23,22,22,0.95652173913,0,5,0,0.0179576170251,0,0,1,6.87155425881,0,16,NaN,1,ok,4.17734807393,0,0,0,0
202,WLNM_dir_neg,0.795816326531,0.626712905927,00:00:02,10,30,2,507298648,fixed,validated_v2,/gpfs/scratch/acw792/wlnm_roleonly_v2_20260910/result_wlnm_dir_neg_roleonly_trophicv2_100x290_train10-90_Apocrita_20260910_011848/ecological_snapshots/Broadstone_Stream_tax_mass_K10_ratio0.3_exp2_seed507298648_threshold0.5_validated_v2.mat,role_only,2,uniform_without_replacement,uniform_remaining_nonlinks,176,0,176,407,198,198,176,22,0,22,0.111111111111,58,140,0.5,0.783783783784,0.414285714286,0.542056074766,29,8,41,132,0.414285714286,0.942857142857,0.0571428571429,0.585714285714,0.783783783784,0.414285714286,0.542056074766,0.766666666667,0.607936507937,0.404858299595,0.441907215589,0.357142857143,99,29,70,0,99,0,29,0,70,23,99,0.195652173913,2.18974518502,8.60869565217,6.6,4.5,4.59979377438,0.534319478842,0.291611769873,4.28989068105,0.996641269334,0.541062801932,2.91445898002,0.677096530713,0.355731225296,1.07629584498,0.491516479791,2.88826011686,2.18974518502,1.07629584498,2.88826011686,0.351612638569,0.458912768647,121,0.0683229813665,0.291765337837,23,23,23,1,0,0.347826086957,0.608695652174,0.0434782608696,23,0.0573122529644,1.8115942029,2.52173913043,2.41666666667,1.8125,1.72862439312,0.685488983479,0.362818590705,1.51409712984,1.2008356547,0.620689655172,1.25108648434,0.992241004823,0.512743628186,0.909134825465,0.501842423657,2.66666666667,1.92592592593,0.96714359807,2.66666666667,0.108253968254,0.194805194805,5,0.00282326369283,0.0795454545455,23,18,18,0.782608695652,0,0.434782608696,0.260869565217,0.260869565217,23,66,0.130434782609,2.18150699234,5.73913043478,4.125,3.3,3.40076717687,0.592557917183,0.32279314888,3.29330378228,1.14766646958,0.592885375494,1.98412673317,0.691438103984,0.379446640316,0.97883124419,0.448694983617,2.82205882353,2.24641242019,0.98896569036,2.82205882353,0.533707681208,0.454767726161,62,0.0350084697911,0.154502962315,23,21,21,0.913043478261,0,0.304347826087,0.565217391304,0.130434782609,-33,-0.0652173913043,-0.0082381926803,-2.86956521739,-2.475,-1.2,-1.1990265975,0.0582384383408,0.0311813790075,-0.996586898768,0.151025200248,0.0518225735617,-0.930332246854,0.0143415732708,0.0237154150198,-0.0974646007936,-0.0428214961746,-0.0662012933284,0.056667235162,-0.0873301546234,-0.0662012933284,0.182095042639,-0.00414504248591,-59,-0.0333145115754,-0.137262375521,-0.0434782608696,-0.0434782608696,0.0869565217391,58,8,41,399,0.585858585859,0.980343980344,0.019656019656,0.414141414141,0.878787878788,0.585858585859,0.70303030303,0.666942401965,0.566202566203,0.542056074766,37,70,0,23,23,23,1,0,8,0,0.0386050732335,0,0,1,3.88826011686,0,16,NaN,1,ok,2.18974518502,0,23,18,18,0.782608695652,0,8,0,0.0749609578345,0,0,1,3.66666666667,0,16,NaN,1,ok,1.92592592593,0,23,21,21,0.913043478261,0,6,0,0.0214429573324,0,0,1,3.82205882353,0,16,NaN,1,ok,2.24641242019,0,0,0,0
203,WLNM_dir_neg,0.717704081633,0.580319101276,00:00:02,10,30,3,507298649,fixed,validated_v2,/gpfs/scratch/acw792/wlnm_roleonly_v2_20260910/result_wlnm_dir_neg_roleonly_trophicv2_100x290_train10-90_Apocrita_20260910_011848/ecological_snapshots/Broadstone_Stream_tax_mass_K10_ratio0.3_exp3_seed507298649_threshold0.5_validated_v2.mat,role_only,2,uniform_without_replacement,uniform_remaining_nonlinks,176,0,176,407,198,198,176,22,0,22,0.111111111111,58,140,0.5,0.785714285714,0.314285714286,0.448979591837,22,6,48,134,0.314285714286,0.957142857143,0.0428571428571,0.685714285714,0.785714285714,0.314285714286,0.448979591837,0.742857142857,0.622222222222,0.319327731092,0.376403704581,0.271428571429,99,29,70,0,99,0,29,0,70,23,99,0.195652173913,2.18974518502,8.60869565217,6.6,4.5,4.59979377438,0.534319478842,0.291611769873,4.28989068105,0.996641269334,0.541062801932,2.91445898002,0.677096530713,0.355731225296,1.07629584498,0.491516479791,2.88826011686,2.18974518502,1.07629584498,2.88826011686,0.351612638569,0.458912768647,121,0.0683229813665,0.291765337837,23,23,23,1,0,0.347826086957,0.608695652174,0.0434782608696,23,0.0573122529644,2.08487712665,2.52173913043,2.41666666667,1.93333333333,1.97414113011,0.782849068836,0.427286356822,1.62976270733,1.29257042306,0.64167916042,1.2869057783,1.02064941037,0.524737631184,1.30888267646,0.627798472979,3.43043478261,2.31327231121,1.33314308164,3.43043478261,0.186666666667,0.236842105263,6,0.00338791643139,0.0965428090428,23,19,19,0.826086956522,0,0.304347826087,0.347826086957,0.173913043478,23,57,0.112648221344,2.72558198038,4.95652173913,4.38461538462,3,4.21553685646,0.850503049987,0.453089244851,3.23151477593,1.30394455871,0.645308924485,1.95098029479,0.787237662811,0.427154843631,1.68423374718,0.617935457198,4.23683038963,3.0888623973,1.63279140131,4.23683038963,0.442239858907,0.434482758621,42,0.0237154150198,0.13892877066,23,19,19,0.826086956522,0,0.260869565217,0.565217391304,0,-42,-0.0830039525692,0.535836795357,-3.65217391304,-2.21538461538,-1.5,-0.384256917921,0.316183571145,0.161477474979,-1.05837590512,0.307303289373,0.104246122553,-0.963478685231,0.110141132099,0.0714236183344,0.607937902194,0.126418977407,1.34857027278,0.899117212279,0.556495556331,1.34857027278,0.0906272203374,-0.0244300100266,-79,-0.0446075663467,-0.152836567177,-0.0869565217391,-0.0434782608696,-0.0434782608696,51,6,48,401,0.515151515152,0.985257985258,0.014742014742,0.484848484848,0.894736842105,0.515151515152,0.653846153846,0.627884482223,0.50040950041,0.485714285714,28,70,0,23,23,23,1,0,8,0,0.0386050732335,0,0,1,3.88826011686,0,16,NaN,1,ok,2.18974518502,0,23,19,19,0.826086956522,0,7,0,0.0523054181591,0,0,1,4.43043478261,0,16,NaN,1,ok,2.31327231121,0,23,19,19,0.826086956522,0,6,0,0.0436211858122,0,0,1,5.23683038963,0,16,NaN,1,ok,3.0888623973,0,0,0,0
204,WLNM_dir_neg,0.761836734694,0.648208253829,00:00:02,10,30,4,507298650,fixed,validated_v2,/gpfs/scratch/acw792/wlnm_roleonly_v2_20260910/result_wlnm_dir_neg_roleonly_trophicv2_100x290_train10-90_Apocrita_20260910_011848/ecological_snapshots/Broadstone_Stream_tax_mass_K10_ratio0.3_exp4_seed507298650_threshold0.5_validated_v2.mat,role_only,2,uniform_without_replacement,uniform_remaining_nonlinks,176,0,176,407,198,198,176,22,0,22,0.111111111111,58,140,0.5,0.833333333333,0.428571428571,0.566037735849,30,6,40,134,0.428571428571,0.957142857143,0.0428571428571,0.571428571429,0.833333333333,0.428571428571,0.566037735849,0.780952380952,0.609523809524,0.439024390244,0.482450640677,0.385714285714,99,29,70,0,99,0,29,0,70,23,99,0.195652173913,2.18974518502,8.60869565217,6.6,4.5,4.59979377438,0.534319478842,0.291611769873,4.28989068105,0.996641269334,0.541062801932,2.91445898002,0.677096530713,0.355731225296,1.07629584498,0.491516479791,2.88826011686,2.18974518502,1.07629584498,2.88826011686,0.351612638569,0.458912768647,121,0.0683229813665,0.291765337837,23,23,23,1,0,0.347826086957,0.608695652174,0.0434782608696,23,0.0573122529644,1.67013232514,2.52173913043,2.63636363636,1.61111111111,2.10776842823,0.835839204297,0.44227886057,1.68462003551,1.3360779592,0.665667166417,1.21421097854,0.962994914011,0.449775112444,0.79217205452,0.474316940398,2.3115942029,1.77065217391,0.803167663156,2.3115942029,0.252014652015,0.25,7,0.00395256916996,0.0858513708514,23,20,20,0.869565217391,0,0.391304347826,0.391304347826,0.0869565217391,23,65,0.128458498024,6.14515093816,5.65217391304,4.64285714286,3.25,4.37564224535,0.774152089562,0.429431438127,3.40657351058,1.20540293451,0.619397993311,2.4982207107,0.88398578994,0.472240802676,4.42240992456,0.719658470404,10.8333333333,6.63516531323,4.31440643485,10.8333333333,0.475992063492,0.498812351544,70,0.0395256916996,0.199461466494,23,21,21,0.913043478261,0,0.304347826087,0.565217391304,0.0434782608696,-34,-0.0671936758893,3.95540575314,-2.95652173913,-1.95714285714,-1.25,-0.224151529027,0.23983261072,0.137819668254,-0.883317170465,0.20876166518,0.0783351913787,-0.416238269325,0.206889259227,0.116509577379,3.34611407958,0.228141990613,7.94507321648,4.4454201282,3.23811058987,7.94507321648,0.124379424923,0.0398995828967,-51,-0.0287972896669,-0.0923038713423,-0.0434782608696,-0.0434782608696,0,59,6,40,401,0.59595959596,0.985257985258,0.014742014742,0.40404040404,0.907692307692,0.59595959596,0.719512195122,0.689092576952,0.581217581218,0.561904761905,36,70,0,23,23,23,1,0,8,0,0.0386050732335,0,0,1,3.88826011686,0,16,NaN,1,ok,2.18974518502,0,23,20,20,0.869565217391,0,9,0,0.0684053014109,0,0,1,3.3115942029,0,16,NaN,1,ok,1.77065217391,0,23,21,21,0.913043478261,0,7,0,0.00499152589074,0,0,1,11.8333333333,0,16,NaN,1,ok,6.63516531323,0,0,0,0
205,WLNM_dir_neg,0.724081632653,0.481005863472,00:00:01,10,30,5,507298651,fixed,validated_v2,/gpfs/scratch/acw792/wlnm_roleonly_v2_20260910/result_wlnm_dir_neg_roleonly_trophicv2_100x290_train10-90_Apocrita_20260910_011848/ecological_snapshots/Broadstone_Stream_tax_mass_K10_ratio0.3_exp5_seed507298651_threshold0.5_validated_v2.mat,role_only,2,uniform_without_replacement,uniform_remaining_nonlinks,176,0,176,407,198,198,176,22,0,22,0.111111111111,58,140,0.5,0.666666666667,0.542857142857,0.59842519685,38,19,32,121,0.542857142857,0.864285714286,0.135714285714,0.457142857143,0.666666666667,0.542857142857,0.59842519685,0.757142857143,0.57619047619,0.426966292135,0.431595307903,0.407142857143,99,29,70,0,99,0,29,0,70,23,99,0.195652173913,2.18974518502,8.60869565217,6.6,4.5,4.59979377438,0.534319478842,0.291611769873,4.28989068105,0.996641269334,0.541062801932,2.91445898002,0.677096530713,0.355731225296,1.07629584498,0.491516479791,2.88826011686,2.18974518502,1.07629584498,2.88826011686,0.351612638569,0.458912768647,121,0.0683229813665,0.291765337837,23,23,23,1,0,0.347826086957,0.608695652174,0.0434782608696,23,0.0573122529644,1.97101449275,2.52173913043,2.41666666667,2.07142857143,2.08609171805,0.827243267504,0.454272863568,1.45281517639,1.15223272611,0.602698650675,1.38883179505,1.10148728573,0.572713643178,1.14087281811,0.578825179775,3.33333333333,2.25490196078,1.18716431635,3.33333333333,0.174358974359,0.228260869565,7,0.00395256916996,0.0974747474747,23,17,17,0.739130434783,0,0.304347826087,0.304347826087,0.217391304348,23,86,0.169960474308,3.84748679926,7.47826086957,5.73333333333,4.09523809524,4.93475213725,0.659879646261,0.361981799798,3.94527785984,1.05513245089,0.564206268959,2.37826123086,0.636046608253,0.347826086957,2.46696831494,0.641189546228,6.40339814241,3.84748679926,2.46696831494,6.40339814241,0.448758246584,0.467845659164,97,0.0547713156409,0.16847247446,23,23,23,1,0,0.347826086957,0.565217391304,0.0869565217391,-13,-0.0256916996047,1.65774161424,-1.13043478261,-0.866666666667,-0.404761904762,0.334958362876,0.125560167419,0.0703700299251,-0.344612821212,0.0584911815519,0.0231434670262,-0.536197749164,-0.0410499224594,-0.00790513833992,1.39067246995,0.149673066436,3.51513802555,1.65774161424,1.39067246995,3.51513802555,0.0971456080152,0.00893289051671,-24,-0.0135516657256,-0.123292863377,0,-0.0434782608696,0.0434782608696,67,19,32,388,0.676767676768,0.953316953317,0.046683046683,0.323232323232,0.779069767442,0.676767676768,0.724324324324,0.665487368943,0.630084630085,0.567796610169,57,70,0,23,23,23,1,0,8,0,0.0386050732335,0,0,1,3.88826011686,0,16,NaN,1,ok,2.18974518502,0,23,17,17,0.739130434783,0,6,0,0.0622837370242,0,0,1,4.33333333333,0,16,NaN,1,ok,2.25490196078,0,23,23,23,1,0,8,0,0.0301266439278,0,0,1,7.40339814241,0,16,NaN,1,ok,3.84748679926,0,0,0,0
206,WLNM_dir_neg,0.876479591837,0.704110783933,00:00:02,10,30,6,507298652,fixed,validated_v2,/gpfs/scratch/acw792/wlnm_roleonly_v2_20260910/result_wlnm_dir_neg_roleonly_trophicv2_100x290_train10-90_Apocrita_20260910_011848/ecological_snapshots/Broadstone_Stream_tax_mass_K10_ratio0.3_exp6_seed507298652_threshold0.5_validated_v2.mat,role_only,2,uniform_without_replacement,uniform_remaining_nonlinks,176,0,176,407,198,198,176,22,0,22,0.111111111111,58,140,0.5,0.819672131148,0.714285714286,0.763358778626,50,11,20,129,0.714285714286,0.921428571429,0.0785714285714,0.285714285714,0.819672131148,0.714285714286,0.763358778626,0.852380952381,0.569841269841,0.656826568266,0.660110980644,0.635714285714,99,29,70,0,99,0,29,0,70,23,99,0.195652173913,2.18974518502,8.60869565217,6.6,4.5,4.59979377438,0.534319478842,0.291611769873,4.28989068105,0.996641269334,0.541062801932,2.91445898002,0.677096530713,0.355731225296,1.07629584498,0.491516479791,2.88826011686,2.18974518502,1.07629584498,2.88826011686,0.351612638569,0.458912768647,121,0.0683229813665,0.291765337837,23,23,23,1,0,0.347826086957,0.608695652174,0.0434782608696,23,0.0573122529644,1.8768115942,2.52173913043,2.41666666667,1.70588235294,1.56291002525,0.619774665186,0.335832083958,1.45281517639,1.15223272611,0.602698650675,1.09616651457,0.869373442591,0.455772113943,1.04593657139,0.55729438939,3.5,1.96031746032,1.05791298989,3.5,0.0791666666667,0.051724137931,1,0.000564652738566,0.0661616161616,23,21,21,0.913043478261,0,0.391304347826,0.347826086957,0.173913043478,23,90,0.177865612648,2.18391565927,7.82608695652,6.42857142857,4.09090909091,4.68704378544,0.598900039251,0.333333333333,4.17691756158,1.06743448796,0.570048309179,2.67841614457,0.684484125834,0.370048309179,1.0762416723,0.492803679357,2.60890467796,2.18391565927,1.0762416723,2.60890467796,0.372902494331,0.447115384615,93,0.0525127046866,0.238651597215,23,23,23,1,0,0.391304347826,0.565217391304,0.0434782608696,-9,-0.0177865612648,-0.00582952575127,-0.782608695652,-0.171428571429,-0.409090909091,0.0872500110638,0.064580560409,0.0417215634607,-0.112973119471,0.0707932186242,0.0289855072464,-0.236042835457,0.00738759512109,0.0143170838823,-5.4172687372e-05,0.00128719956598,-0.279355438901,-0.00582952575127,-5.4172687372e-05,-0.279355438901,0.0212898557619,-0.0117973840319,-28,-0.0158102766798,-0.0531137406219,0.0434782608696,-0.0434782608696,0,79,11,20,396,0.79797979798,0.972972972973,0.027027027027,0.20202020202,0.877777777778,0.79797979798,0.835978835979,0.79978757992,0.770952770953,0.718181818182,61,70,0,23,23,23,1,0,8,0,0.0386050732335,0,0,1,3.88826011686,0,16,NaN,1,ok,2.18974518502,0,23,21,21,0.913043478261,0,9,0,0.071097944825,0,0,1,4.5,0,16,NaN,1,ok,1.96031746032,0,23,23,23,1,0,9,0,0.0275714729907,0,0,1,3.60890467796,0,16,NaN,1,ok,2.18391565927,0,0,0,0
207,WLNM_dir_neg,0.842091836735,0.703449804576,00:00:01,10,30,7,507298653,fixed,validated_v2,/gpfs/scratch/acw792/wlnm_roleonly_v2_20260910/result_wlnm_dir_neg_roleonly_trophicv2_100x290_train10-90_Apocrita_20260910_011848/ecological_snapshots/Broadstone_Stream_tax_mass_K10_ratio0.3_exp7_seed507298653_threshold0.5_validated_v2.mat,role_only,2,uniform_without_replacement,uniform_remaining_nonlinks,176,0,176,407,198,198,176,22,0,22,0.111111111111,58,140,0.5,0.8,0.514285714286,0.626086956522,36,9,34,131,0.514285714286,0.935714285714,0.0642857142857,0.485714285714,0.8,0.514285714286,0.626086956522,0.795238095238,0.595238095238,0.494117647059,0.516984262113,0.45,99,29,70,0,99,0,29,0,70,23,99,0.195652173913,2.18974518502,8.60869565217,6.6,4.5,4.59979377438,0.534319478842,0.291611769873,4.28989068105,0.996641269334,0.541062801932,2.91445898002,0.677096530713,0.355731225296,1.07629584498,0.491516479791,2.88826011686,2.18974518502,1.07629584498,2.88826011686,0.351612638569,0.458912768647,121,0.0683229813665,0.291765337837,23,23,23,1,0,0.347826086957,0.608695652174,0.0434782608696,23,0.0573122529644,1.92512077295,2.52173913043,2.63636363636,1.8125,1.95098029479,0.773664599659,0.40179910045,1.83940186188,1.45883595942,0.689655172414,1.13687735424,0.901661349912,0.48275862069,1.23064233404,0.639254612664,4,2.01322751323,1.25387113682,4,0.0809523809524,0.0759493670886,2,0.00112930547713,0.0796103896104,23,21,21,0.913043478261,0,0.434782608696,0.260869565217,0.217391304348,23,74,0.146245059289,1,6.4347826087,4.35294117647,4.11111111111,3.61595061004,0.561938270479,0.313160987074,3.3160288646,1.03065762008,0.548766157462,2.44868279506,0.761077084952,0.403055229142,0,0,0,NaN,NaN,NaN,0.331952174809,0.44226044226,60,0.0338791643139,0.159297983471,23,23,0,1,7,0.260869565217,0.521739130435,0.217391304348,-25,-0.0494071146245,-1.18974518502,-2.17391304348,-2.24705882353,-0.388888888889,-0.98384316434,0.027618791637,0.0215492172014,-0.973861816452,0.0340163507427,0.00770335552944,-0.465776184963,0.0839805542388,0.0473240038457,-1.07629584498,-0.491516479791,-2.88826011686,NaN,NaN,NaN,-0.0196604637598,-0.0166523263868,-61,-0.0344438170525,-0.132467354366,-0.0869565217391,-0.0869565217391,0.173913043478,65,9,34,398,0.656565656566,0.977886977887,0.022113022113,0.343434343434,0.878378378378,0.656565656566,0.751445086705,0.712289059338,0.634452634453,0.601851851852,45,70,0,23,23,23,1,0,8,0,0.0386050732335,0,0,1,3.88826011686,0,16,NaN,1,ok,2.18974518502,0,23,21,21,0.913043478261,0,10,0,0.0577540106952,0,0,1,5,0,16,NaN,1,ok,2.01322751323,0,23,23,0,1,7,6,2,NaN,NaN,NaN,NaN,NaN,0,0,NaN,0,basal_unreachable_in_lcc,NaN,2,0,0,0
208,WLNM_dir_neg,0.793928571429,0.547458825082,00:00:01,10,30,8,507298654,fixed,validated_v2,/gpfs/scratch/acw792/wlnm_roleonly_v2_20260910/result_wlnm_dir_neg_roleonly_trophicv2_100x290_train10-90_Apocrita_20260910_011848/ecological_snapshots/Broadstone_Stream_tax_mass_K10_ratio0.3_exp8_seed507298654_threshold0.5_validated_v2.mat,role_only,2,uniform_without_replacement,uniform_remaining_nonlinks,176,0,176,407,198,198,176,22,0,22,0.111111111111,58,140,0.5,0.672413793103,0.557142857143,0.609375,39,19,31,121,0.557142857143,0.864285714286,0.135714285714,0.442857142857,0.672413793103,0.557142857143,0.609375,0.761904761905,0.574603174603,0.440298507463,0.444325484432,0.421428571429,99,29,70,0,99,0,29,0,70,23,99,0.195652173913,2.18974518502,8.60869565217,6.6,4.5,4.59979377438,0.534319478842,0.291611769873,4.28989068105,0.996641269334,0.541062801932,2.91445898002,0.677096530713,0.355731225296,1.07629584498,0.491516479791,2.88826011686,2.18974518502,1.07629584498,2.88826011686,0.351612638569,0.458912768647,121,0.0683229813665,0.291765337837,23,23,23,1,0,0.347826086957,0.608695652174,0.0434782608696,23,0.0573122529644,2.19710144928,2.52173913043,2.23076923077,1.93333333333,2.01966615642,0.800902096512,0.416791604198,1.57299342033,1.24754650578,0.617691154423,1.35570817805,1.07521683087,0.545727136432,1.43656833818,0.653847066848,4.66666666667,2.37666666667,1.45923556051,4.66666666667,0.166666666667,0.125,3,0.0016939582157,0.0948717948718,23,20,20,0.869565217391,0,0.304347826087,0.347826086957,0.217391304348,23,87,0.171936758893,2.98195005959,7.5652173913,4.83333333333,4.35,4.4906578477,0.593592704007,0.330334832584,3.5156341952,0.929420534363,0.503748125937,3.34333151402,0.883869250833,0.453773113443,1.38644320605,0.464945146076,3.8802119331,3.07203869867,1.34840766015,3.8802119331,0.448364135864,0.3984,83,0.046866177301,0.228326230777,23,22,22,0.95652173913,0,0.173913043478,0.695652173913,0.0869565217391,-12,-0.0237154150198,0.792204874569,-1.04347826087,-1.76666666667,-0.15,-0.109135926674,0.059273225165,0.0387230627111,-0.774256485846,-0.0672207349707,-0.0373146759953,0.428872533997,0.20677272012,0.0980418881468,0.310147361066,-0.0265713337152,0.99195181624,0.882293513642,0.272111815166,0.99195181624,0.096751497295,-0.0605127686473,-38,-0.0214568040655,-0.0634391070596,-0.173913043478,0.0869565217391,0.0434782608696,68,19,31,388,0.686868686869,0.953316953317,0.046683046683,0.313131313131,0.781609195402,0.686868686869,0.731182795699,0.673060482495,0.640185640186,0.576271186441,58,70,0,23,23,23,1,0,8,0,0.0386050732335,0,0,1,3.88826011686,0,16,NaN,1,ok,2.18974518502,0,23,20,20,0.869565217391,0,7,0,0.0348432055749,0,0,1,5.66666666667,0,16,NaN,1,ok,2.37666666667,0,23,22,22,0.95652173913,0,4,0,0.0088682568101,0,0,1,4.8802119331,0,16,NaN,1,ok,3.07203869867,0,0,0,0
209,WLNM_dir_neg,0.798010204082,0.662703525311,00:00:01,10,30,9,507298655,fixed,validated_v2,/gpfs/scratch/acw792/wlnm_roleonly_v2_20260910/result_wlnm_dir_neg_roleonly_trophicv2_100x290_train10-90_Apocrita_20260910_011848/ecological_snapshots/Broadstone_Stream_tax_mass_K10_ratio0.3_exp9_seed507298655_threshold0.5_validated_v2.mat,role_only,2,uniform_without_replacement,uniform_remaining_nonlinks,176,0,176,407,198,198,176,22,0,22,0.111111111111,58,140,0.5,0.673913043478,0.442857142857,0.534482758621,31,15,39,125,0.442857142857,0.892857142857,0.107142857143,0.557142857143,0.673913043478,0.442857142857,0.534482758621,0.742857142857,0.593650793651,0.3671875,0.382632645303,0.335714285714,99,29,70,0,99,0,29,0,70,23,99,0.195652173913,2.18974518502,8.60869565217,6.6,4.5,4.59979377438,0.534319478842,0.291611769873,4.28989068105,0.996641269334,0.541062801932,2.91445898002,0.677096530713,0.355731225296,1.07629584498,0.491516479791,2.88826011686,2.18974518502,1.07629584498,2.88826011686,0.351612638569,0.458912768647,121,0.0683229813665,0.291765337837,23,23,23,1,0,0.347826086957,0.608695652174,0.0434782608696,23,0.0573122529644,1.99418248622,2.52173913043,2.63636363636,1.70588235294,2.19233302914,0.869373442591,0.428785607196,1.68462003551,1.3360779592,0.656671664168,0.963770592486,0.764369780247,0.410794602699,1.22328377871,0.613426197031,3.43661971831,2.14330985915,1.24628573552,3.43661971831,0.216071428571,0.202702702703,5,0.00282326369283,0.0562337662338,23,20,20,0.869565217391,0,0.391304347826,0.347826086957,0.130434782609,23,75,0.148221343874,3.91023475609,6.52173913043,4.6875,3.40909090909,4.29449505146,0.658489241224,0.350144927536,3.46695296274,1.06319890857,0.56347826087,2.00493462383,0.614846617976,0.339710144928,2.14999582607,0.549838043028,6.26235672949,3.91023475609,2.14999582607,6.26235672949,0.34240812098,0.331168831169,51,0.0287972896669,0.140387922263,23,23,23,1,0,0.304347826087,0.652173913043,0.0434782608696,-24,-0.0474308300395,1.72048957107,-2.08695652174,-1.9125,-1.09090909091,-0.305298722915,0.124169762382,0.0585331576636,-0.822937718308,0.0665576392393,0.0224154589372,-0.90952435619,-0.0622499127369,-0.0160210803689,1.07369998109,0.0583215632371,3.37409661263,1.72048957107,1.07369998109,3.37409661263,-0.00920451758961,-0.127743937478,-70,-0.0395256916996,-0.151377415574,-0.0434782608696,0.0434782608696,0,60,15,39,392,0.606060606061,0.963144963145,0.036855036855,0.393939393939,0.8,0.606060606061,0.689655172414,0.635498713606,0.569205569206,0.526315789474,46,70,0,23,23,23,1,0,8,0,0.0386050732335,0,0,1,3.88826011686,0,16,NaN,1,ok,2.18974518502,0,23,20,20,0.869565217391,0,9,0,0.0884735202492,0,0,1,4.43661971831,0,16,NaN,1,ok,2.14330985915,0,23,23,23,1,0,7,0,0.0200260410746,0,0,1,7.26235672949,0,16,NaN,1,ok,3.91023475609,0,0,0,0
210,WLNM_dir_neg,0.730510204082,0.53713642439,00:00:02,10,30,10,507298656,fixed,validated_v2,/gpfs/scratch/acw792/wlnm_roleonly_v2_20260910/result_wlnm_dir_neg_roleonly_trophicv2_100x290_train10-90_Apocrita_20260910_011848/ecological_snapshots/Broadstone_Stream_tax_mass_K10_ratio0.3_exp10_seed507298656_threshold0.5_validated_v2.mat,role_only,2,uniform_without_replacement,uniform_remaining_nonlinks,176,0,176,407,198,198,176,22,0,22,0.111111111111,58,140,0.5,0.741379310345,0.614285714286,0.671875,43,15,27,125,0.614285714286,0.892857142857,0.107142857143,0.385714285714,0.741379310345,0.614285714286,0.671875,0.8,0.574603174603,0.529850746269,0.534696769402,0.507142857143,99,29,70,0,99,0,29,0,70,23,99,0.195652173913,2.18974518502,8.60869565217,6.6,4.5,4.59979377438,0.534319478842,0.291611769873,4.28989068105,0.996641269334,0.541062801932,2.91445898002,0.677096530713,0.355731225296,1.07629584498,0.491516479791,2.88826011686,2.18974518502,1.07629584498,2.88826011686,0.351612638569,0.458912768647,121,0.0683229813665,0.291765337837,23,23,23,1,0,0.347826086957,0.608695652174,0.0434782608696,23,0.0573122529644,1.9089673913,2.52173913043,2.41666666667,1.8125,1.95098029479,0.773664599659,0.406296851574,1.48377256602,1.17678513857,0.611694152924,1.25108648434,0.992241004823,0.503748125937,1.05041880679,0.550254976368,3.05208333333,2.0453125,1.0618724228,3.05208333333,0.302827380952,0.279069767442,8,0.00451722190853,0.0849927849928,23,20,20,0.869565217391,0,0.347826086957,0.347826086957,0.173913043478,23,87,0.171936758893,3.34010225545,7.5652173913,4.35,4.35,4.58085032754,0.605514698468,0.328335832084,3.5156341952,0.929420534363,0.48175912044,3.45038234692,0.912170045737,0.455772113943,1.30129880014,0.389598491488,4.08305979388,3.34010225545,1.30129880014,4.08305979388,0.53176412959,0.433846153846,94,0.0530773574252,0.234325483688,23,23,23,1,0,0.130434782609,0.739130434783,0.130434782609,-12,-0.0237154150198,1.15035707043,-1.04347826087,-2.25,-0.15,-0.0189434468375,0.0711952196261,0.0367240622113,-0.774256485846,-0.0672207349707,-0.0593036814926,0.535923366893,0.235073515024,0.100040888647,0.225002955156,-0.101917988304,1.19479967702,1.15035707043,0.225002955156,1.19479967702,0.180151491021,-0.0250666148011,-27,-0.0152456239413,-0.0574398541484,-0.217391304348,0.130434782609,0.0869565217391,72,15,27,392,0.727272727273,0.963144963145,0.036855036855,0.272727272727,0.827586206897,0.727272727273,0.774193548387,0.72587205127,0.690417690418,0.631578947368,58,70,0,23,23,23,1,0,8,0,0.0386050732335,0,0,1,3.88826011686,0,16,NaN,1,ok,2.18974518502,0,23,20,20,0.869565217391,0,8,0,0.0579120009049,0,0,1,4.05208333333,0,16,NaN,1,ok,2.0453125,0,23,23,23,1,0,3,0,0.00811643513228,0,0,1,5.08305979388,0,16,NaN,1,ok,3.34010225545,0,0,0,0
211,WLNM_dir_neg,0.810459183673,0.670933186564,00:00:02,10,30,11,507298657,fixed,validated_v2,/gpfs/scratch/acw792/wlnm_roleonly_v2_20260910/result_wlnm_dir_neg_roleonly_trophicv2_100x290_train10-90_Apocrita_20260910_011848/ecological_snapshots/Broadstone_Stream_tax_mass_K10_ratio0.3_exp11_seed507298657_threshold0.5_validated_v2.mat,role_only,2,uniform_without_replacement,uniform_remaining_nonlinks,176,0,176,407,198,198,176,22,0,22,0.111111111111,58,140,0.5,0.781818181818,0.614285714286,0.688,43,12,27,128,0.614285714286,0.914285714286,0.0857142857143,0.385714285714,0.781818181818,0.614285714286,0.688,0.814285714286,0.579365079365,0.558490566038,0.56672128999,0.528571428571,99,29,70,0,99,0,29,0,70,23,99,0.195652173913,2.18974518502,8.60869565217,6.6,4.5,4.59979377438,0.534319478842,0.291611769873,4.28989068105,0.996641269334,0.541062801932,2.91445898002,0.677096530713,0.355731225296,1.07629584498,0.491516479791,2.88826011686,2.18974518502,1.07629584498,2.88826011686,0.351612638569,0.458912768647,121,0.0683229813665,0.291765337837,23,23,23,1,0,0.347826086957,0.608695652174,0.0434782608696,23,0.0573122529644,1.93115942029,2.52173913043,1.93333333333,2.07142857143,1.64785163767,0.65345840804,0.35832083958,1.21421097854,0.962994914011,0.515742128936,1.54382615909,1.22441385031,0.599700149925,0.829784935442,0.429682255501,2.5,2.01984126984,0.813900400807,2.5,0.0666666666667,0.0810810810811,2,0.00112930547713,0.121587301587,23,21,21,0.913043478261,0,0.260869565217,0.347826086957,0.304347826087,23,84,0.166007905138,3.19997413079,7.30434782609,5.25,4,4.5169859481,0.618396885752,0.336956521739,3.5369310741,0.968445413146,0.52380952381,2.91717010524,0.798748957388,0.423395445135,1.65462884213,0.517075693271,4.33622419166,3.19997413079,1.65462884213,4.33622419166,0.429273504274,0.467336683417,93,0.0525127046866,0.203305456118,23,23,23,1,0,0.304347826087,0.608695652174,0.0869565217391,-15,-0.0296442687747,1.01022894577,-1.30434782609,-1.35,-0.5,-0.0828078262768,0.08407740691,0.0453447518665,-0.752959606949,-0.0281958561881,-0.0172532781228,0.00271112521881,0.121652426675,0.0676642198381,0.578332997146,0.0255592134796,1.44796407481,1.01022894577,0.578332997146,1.44796407481,0.0776608657043,0.0084239147698,-28,-0.0158102766798,-0.0884598817188,-0.0434782608696,0,0.0434782608696,72,12,27,395,0.727272727273,0.970515970516,0.029484029484,0.272727272727,0.857142857143,0.727272727273,0.786885245902,0.743948485897,0.697788697789,0.648648648649,55,70,0,23,23,23,1,0,8,0,0.0386050732335,0,0,1,3.88826011686,0,16,NaN,1,ok,2.18974518502,0,23,21,21,0.913043478261,0,6,0,0.0215311004785,0,0,1,3.5,0,16,NaN,1,ok,2.01984126984,0,23,23,23,1,0,7,0,0.0153868332353,0,0,1,5.33622419166,0,16,NaN,1,ok,3.19997413079,0,0,0,0
212,WLNM_dir_neg,0.790255102041,0.732563219968,00:00:01,10,30,12,507298658,fixed,validated_v2,/gpfs/scratch/acw792/wlnm_roleonly_v2_20260910/result_wlnm_dir_neg_roleonly_trophicv2_100x290_train10-90_Apocrita_20260910_011848/ecological_snapshots/Broadstone_Stream_tax_mass_K10_ratio0.3_exp12_seed507298658_threshold0.5_validated_v2.mat,role_only,2,uniform_without_replacement,uniform_remaining_nonlinks,176,0,176,407,198,198,176,22,0,22,0.111111111111,58,140,0.5,0.933333333333,0.6,0.730434782609,42,3,28,137,0.6,0.978571428571,0.0214285714286,0.4,0.933333333333,0.6,0.730434782609,0.852380952381,0.595238095238,0.635294117647,0.664694051288,0.578571428571,99,29,70,0,99,0,29,0,70,23,99,0.195652173913,2.18974518502,8.60869565217,6.6,4.5,4.59979377438,0.534319478842,0.291611769873,4.28989068105,0.996641269334,0.541062801932,2.91445898002,0.677096530713,0.355731225296,1.07629584498,0.491516479791,2.88826011686,2.18974518502,1.07629584498,2.88826011686,0.351612638569,0.458912768647,121,0.0683229813665,0.291765337837,23,23,23,1,0,0.347826086957,0.608695652174,0.0434782608696,23,0.0573122529644,2.13929146538,2.52173913043,2.07142857143,1.70588235294,1.92754118497,0.764369780247,0.415292353823,1.51409712984,1.2008356547,0.590704647676,1.09616651457,0.869373442591,0.455772113943,1.15231025184,0.538641073685,3.50925925926,2.40020576132,1.15746429296,3.50925925926,0.227210884354,0.176470588235,5,0.00282326369283,0.0558738880167,23,18,18,0.782608695652,0,0.260869565217,0.478260869565,0.130434782609,23,74,0.146245059289,2.21145560739,6.4347826087,4.625,3.7,4.08796556377,0.635291945721,0.345475910693,3.55421032962,1.10468699434,0.581668625147,2.31509908956,0.719557825132,0.398354876616,1.01373919971,0.458403594591,2.80505291151,2.26652177137,1.00176850117,2.80505291151,0.510685805423,0.475903614458,79,0.0446075663467,0.15029514467,23,22,22,0.95652173913,0,0.260869565217,0.608695652174,0.0869565217391,-25,-0.0494071146245,0.0217104223684,-2.17391304348,-1.975,-0.8,-0.511828210604,0.10097246688,0.0538641408207,-0.735680351425,0.108045725008,0.0406058232145,-0.599359890468,0.0424612944198,0.0426236513193,-0.062556645275,-0.0331128851999,-0.0832072053477,0.0767765863409,-0.0745273438113,-0.0832072053477,0.159073166853,0.0169908458105,-42,-0.0237154150198,-0.141470193167,-0.0869565217391,0,0.0434782608696,71,3,28,404,0.717171717172,0.992628992629,0.00737100737101,0.282828282828,0.959459459459,0.717171717172,0.820809248555,0.796881047452,0.709800709801,0.696078431373,45,70,0,23,23,23,1,0,8,0,0.0386050732335,0,0,1,3.88826011686,0,16,NaN,1,ok,2.18974518502,0,23,18,18,0.782608695652,0,5,0,0.0347763864043,0,0,1,4.50925925926,0,16,NaN,1,ok,2.40020576132,0,23,22,22,0.95652173913,0,6,0,0.0387300888282,0,0,1,3.80505291151,0,16,NaN,1,ok,2.26652177137,0,0,0,0
213,WLNM_dir_neg,0.79443877551,0.727491566527,00:00:01,10,30,13,507298659,fixed,validated_v2,/gpfs/scratch/acw792/wlnm_roleonly_v2_20260910/result_wlnm_dir_neg_roleonly_trophicv2_100x290_train10-90_Apocrita_20260910_011848/ecological_snapshots/Broadstone_Stream_tax_mass_K10_ratio0.3_exp13_seed507298659_threshold0.5_validated_v2.mat,role_only,2,uniform_without_replacement,uniform_remaining_nonlinks,176,0,176,407,198,198,176,22,0,22,0.111111111111,58,140,0.5,0.805555555556,0.414285714286,0.547169811321,29,7,41,133,0.414285714286,0.95,0.05,0.585714285714,0.805555555556,0.414285714286,0.547169811321,0.771428571429,0.609523809524,0.414634146341,0.455647827306,0.364285714286,99,29,70,0,99,0,29,0,70,23,99,0.195652173913,2.18974518502,8.60869565217,6.6,4.5,4.59979377438,0.534319478842,0.291611769873,4.28989068105,0.996641269334,0.541062801932,2.91445898002,0.677096530713,0.355731225296,1.07629584498,0.491516479791,2.88826011686,2.18974518502,1.07629584498,2.88826011686,0.351612638569,0.458912768647,121,0.0683229813665,0.291765337837,23,23,23,1,0,0.347826086957,0.608695652174,0.0434782608696,23,0.0573122529644,1.836352657,2.52173913043,2.41666666667,1.8125,1.59172762681,0.631202334769,0.332833583208,1.38883179505,1.10148728573,0.578710644678,1.21421097854,0.962994914011,0.500749625187,0.924059154274,0.503203538138,2.34722222222,1.91600529101,0.92879680596,2.34722222222,0.0840336134454,0.125,3,0.0016939582157,0.0959595959596,23,21,21,0.913043478261,0,0.391304347826,0.304347826087,0.217391304348,23,65,0.128458498024,2.2785607062,5.65217391304,5,2.95454545455,3.11314946714,0.550787982648,0.298327759197,3.21434531597,1.13738372719,0.595317725753,1.61392164711,0.571079967438,0.310367892977,1.33056679281,0.583950556677,3.59070805276,2.33667710194,1.3316647827,3.59070805276,0.347278911565,0.373961218837,45,0.0254093732355,0.14141407026,23,22,22,0.95652173913,0,0.391304347826,0.565217391304,0,-34,-0.0671936758893,0.0888155211742,-2.95652173913,-1.6,-1.54545454545,-1.48664430724,0.0164685038057,0.00671598932468,-1.07554536508,0.140742457854,0.0542549238201,-1.30053733292,-0.106016563275,-0.0453633323199,0.254270947823,0.0924340768854,0.702447935897,0.146931916911,0.255368937718,0.702447935897,-0.00433372700453,-0.0849515498107,-76,-0.042913608131,-0.150351267577,0.0434782608696,-0.0434782608696,-0.0434782608696,58,7,41,400,0.585858585859,0.982800982801,0.017199017199,0.414141414141,0.892307692308,0.585858585859,0.707317073171,0.674203775383,0.56865956866,0.547169811321,36,70,0,23,23,23,1,0,8,0,0.0386050732335,0,0,1,3.88826011686,0,16,NaN,1,ok,2.18974518502,0,23,21,21,0.913043478261,0,9,0,0.0535564853556,0,0,1,3.34722222222,0,16,NaN,1,ok,1.91600529101,0,23,22,22,0.95652173913,0,9,0,0.0543904715822,0,0,1,4.59070805276,0,16,NaN,1,ok,2.33667710194,0,0,0,0
214,WLNM_dir_neg,0.681530612245,0.578743795701,00:00:02,10,30,14,507298660,fixed,validated_v2,/gpfs/scratch/acw792/wlnm_roleonly_v2_20260910/result_wlnm_dir_neg_roleonly_trophicv2_100x290_train10-90_Apocrita_20260910_011848/ecological_snapshots/Broadstone_Stream_tax_mass_K10_ratio0.3_exp14_seed507298660_threshold0.5_validated_v2.mat,role_only,2,uniform_without_replacement,uniform_remaining_nonlinks,176,0,176,407,198,198,176,22,0,22,0.111111111111,58,140,0.5,0.617021276596,0.414285714286,0.495726495726,29,18,41,122,0.414285714286,0.871428571429,0.128571428571,0.585714285714,0.617021276596,0.414285714286,0.495726495726,0.719047619048,0.592063492063,0.311284046693,0.323148587789,0.285714285714,99,29,70,0,99,0,29,0,70,23,99,0.195652173913,2.18974518502,8.60869565217,6.6,4.5,4.59979377438,0.534319478842,0.291611769873,4.28989068105,0.996641269334,0.541062801932,2.91445898002,0.677096530713,0.355731225296,1.07629584498,0.491516479791,2.88826011686,2.18974518502,1.07629584498,2.88826011686,0.351612638569,0.458912768647,121,0.0683229813665,0.291765337837,23,23,23,1,0,0.347826086957,0.608695652174,0.0434782608696,23,0.0573122529644,1.87355072464,2.52173913043,2.63636363636,1.8125,1.92754118497,0.764369780247,0.397301349325,1.86394965071,1.47830489539,0.695652173913,1.13687735424,0.901661349912,0.47976011994,1.09973783657,0.586980550943,3.1,1.95674603175,1.11659707198,3.1,0.263095238095,0.247058823529,7,0.00395256916996,0.100649350649,23,21,21,0.913043478261,0,0.434782608696,0.260869565217,0.217391304348,23,76,0.150197628458,NaN,6.60869565217,3.30434782609,3.8,4.19674257268,0.635033415603,0.347254004577,2.67028739701,0.808113291199,0.402745995423,3.34982743936,1.01376356718,0.480549199085,NaN,NaN,NaN,NaN,NaN,NaN,0.500669964956,0.416498993964,69,0.038961038961,0.215559835421,23,23,0,1,6,0,0.869565217391,0.130434782609,-23,-0.0454545454545,NaN,-2,-3.29565217391,-0.7,-0.403051201697,0.100713936761,0.055642234704,-1.61960328404,-0.188527978135,-0.138316806509,0.43536845934,0.336667036463,0.124817973788,NaN,NaN,NaN,NaN,NaN,NaN,0.149057326387,-0.0424137746835,-52,-0.0293619424054,-0.0762055024153,-0.347826086957,0.260869565217,0.0869565217391,58,18,41,389,0.585858585859,0.955773955774,0.044226044226,0.414141414141,0.763157894737,0.585858585859,0.662857142857,0.601420915128,0.541632541633,0.495726495726,47,70,0,23,23,23,1,0,8,0,0.0386050732335,0,0,1,3.88826011686,0,16,NaN,1,ok,2.18974518502,0,23,21,21,0.913043478261,0,10,0,0.0547278808148,0,0,1,4.1,0,16,NaN,1,ok,1.95674603175,0,23,23,0,1,6,0,23,NaN,NaN,NaN,NaN,NaN,0,0,NaN,0,no_basal_in_lcc,NaN,2,0,0,0
215,WLNM_dir_neg,0.805612244898,0.668161966742,00:00:01,10,30,15,507298661,fixed,validated_v2,/gpfs/scratch/acw792/wlnm_roleonly_v2_20260910/result_wlnm_dir_neg_roleonly_trophicv2_100x290_train10-90_Apocrita_20260910_011848/ecological_snapshots/Broadstone_Stream_tax_mass_K10_ratio0.3_exp15_seed507298661_threshold0.5_validated_v2.mat,role_only,2,uniform_without_replacement,uniform_remaining_nonlinks,176,0,176,407,198,198,176,22,0,22,0.111111111111,58,140,0.5,0.818181818182,0.514285714286,0.631578947368,36,8,34,132,0.514285714286,0.942857142857,0.0571428571429,0.485714285714,0.818181818182,0.514285714286,0.631578947368,0.8,0.596825396825,0.503937007874,0.529522713857,0.457142857143,99,29,70,0,99,0,29,0,70,23,99,0.195652173913,2.18974518502,8.60869565217,6.6,4.5,4.59979377438,0.534319478842,0.291611769873,4.28989068105,0.996641269334,0.541062801932,2.91445898002,0.677096530713,0.355731225296,1.07629584498,0.491516479791,2.88826011686,2.18974518502,1.07629584498,2.88826011686,0.351612638569,0.458912768647,121,0.0683229813665,0.291765337837,23,23,23,1,0,0.347826086957,0.608695652174,0.0434782608696,23,0.0573122529644,1.8134057971,2.52173913043,2.41666666667,1.8125,1.64785163767,0.65345840804,0.36131934033,1.6016296049,1.27025796251,0.64167916042,1.32175473259,1.04828823619,0.521739130435,0.914414378784,0.504252484604,3,1.89087301587,0.920491658941,3,0.0733333333333,0.121621621622,3,0.0016939582157,0.0977272727273,23,21,21,0.913043478261,0,0.391304347826,0.304347826087,0.217391304348,23,73,0.144268774704,2.44870364645,6.34782608696,4.86666666667,3.84210526316,3.85661999509,0.607549725255,0.337701012507,3.82161524529,1.20407055673,0.618225134008,2.42434947063,0.763836134581,0.422870756403,1.19648157549,0.488618366386,3.04137811634,2.58667542231,1.15968216747,3.04137811634,0.390156668728,0.389452332657,64,0.0361377752682,0.170858444388,23,21,21,0.913043478261,0,0.260869565217,0.565217391304,0.0869565217391,-26,-0.0513833992095,0.258958461429,-2.26086956522,-1.73333333333,-0.657894736842,-0.743173779283,0.0732302464128,0.0460892426348,-0.468275435761,0.2074292874,0.077162332076,-0.490109509397,0.0867396038685,0.0671395311062,0.120185730512,-0.00289811340478,0.153117999486,0.396930237282,0.0833863224855,0.153117999486,0.0385440301589,-0.0694604359901,-57,-0.0321852060982,-0.120906893449,-0.0869565217391,-0.0434782608696,0.0434782608696,65,8,34,399,0.656565656566,0.980343980344,0.019656019656,0.343434343434,0.890410958904,0.656565656566,0.755813953488,0.719096614003,0.63690963691,0.607476635514,44,70,0,23,23,23,1,0,8,0,0.0386050732335,0,0,1,3.88826011686,0,16,NaN,1,ok,2.18974518502,0,23,21,21,0.913043478261,0,9,0,0.0325962948878,0,0,1,4,0,16,NaN,1,ok,1.89087301587,0,23,21,21,0.913043478261,0,6,0,0.0235305505431,0,0,1,4.04137811634,0,16,NaN,1,ok,2.58667542231,0,0,0,0
216,WLNM_dir_neg,0.837142857143,0.669459813429,00:00:02,10,30,16,507298662,fixed,validated_v2,/gpfs/scratch/acw792/wlnm_roleonly_v2_20260910/result_wlnm_dir_neg_roleonly_trophicv2_100x290_train10-90_Apocrita_20260910_011848/ecological_snapshots/Broadstone_Stream_tax_mass_K10_ratio0.3_exp16_seed507298662_threshold0.5_validated_v2.mat,role_only,2,uniform_without_replacement,uniform_remaining_nonlinks,176,0,176,407,198,198,176,22,0,22,0.111111111111,58,140,0.5,0.74358974359,0.414285714286,0.532110091743,29,10,41,130,0.414285714286,0.928571428571,0.0714285714286,0.585714285714,0.74358974359,0.414285714286,0.532110091743,0.757142857143,0.604761904762,0.385542168675,0.415619466773,0.342857142857,99,29,70,0,99,0,29,0,70,23,99,0.195652173913,2.18974518502,8.60869565217,6.6,4.5,4.59979377438,0.534319478842,0.291611769873,4.28989068105,0.996641269334,0.541062801932,2.91445898002,0.677096530713,0.355731225296,1.07629584498,0.491516479791,2.88826011686,2.18974518502,1.07629584498,2.88826011686,0.351612638569,0.458912768647,121,0.0683229813665,0.291765337837,23,23,23,1,0,0.347826086957,0.608695652174,0.0434782608696,23,0.0573122529644,1.72463768116,2.52173913043,2.41666666667,1.93333333333,1.41001499726,0.559143878223,0.301349325337,1.62976270733,1.29257042306,0.647676161919,1.17617992224,0.932832352123,0.497751124438,0.77226005664,0.447781041245,2,1.97777777778,0.795390157499,2,0.105882352941,0.136363636364,3,0.0016939582157,0.0984126984127,23,15,15,0.652173913043,0,0.434782608696,0.217391304348,0.304347826087,23,68,0.134387351779,3.04517483487,5.91304347826,4.85714285714,3.4,3.87196266274,0.654817215022,0.355498721228,3.53525440604,1.19574781381,0.615089514066,2.14217945241,0.724560697138,0.397698209719,1.79429704547,0.589226281828,4.5352107982,3.04517483487,1.79429704547,4.5352107982,0.400465143322,0.430622009569,60,0.0338791643139,0.151966394411,23,23,23,1,0,0.391304347826,0.478260869565,0.130434782609,-31,-0.0612648221344,0.855429649849,-2.69565217391,-1.74285714286,-1.1,-0.727831111636,0.120497736181,0.063886951355,-0.754636275009,0.199106544473,0.0740267121341,-0.772279527615,0.0474641664257,0.0419669844222,0.718001200485,0.0977098020365,1.64695068134,0.855429649849,0.718001200485,1.64695068134,0.0488525047531,-0.0282907590779,-61,-0.0344438170525,-0.139798943425,0.0434782608696,-0.130434782609,0.0869565217391,58,10,41,397,0.585858585859,0.97542997543,0.02457002457,0.414141414141,0.852941176471,0.585858585859,0.694610778443,0.652844097568,0.561288561289,0.532110091743,39,70,0,23,23,23,1,0,8,0,0.0386050732335,0,0,1,3.88826011686,0,16,NaN,1,ok,2.18974518502,0,23,15,15,0.652173913043,0,5,0,0.032967032967,0,0,1,3,0,16,NaN,1,ok,1.97777777778,0,23,23,23,1,0,9,0,0.0306668890672,0,0,1,5.5352107982,0,16,NaN,1,ok,3.04517483487,0,0,0,0
217,WLNM_dir_neg,0.8125,0.676869340278,00:00:02,10,30,17,507298663,fixed,validated_v2,/gpfs/scratch/acw792/wlnm_roleonly_v2_20260910/result_wlnm_dir_neg_roleonly_trophicv2_100x290_train10-90_Apocrita_20260910_011848/ecological_snapshots/Broadstone_Stream_tax_mass_K10_ratio0.3_exp17_seed507298663_threshold0.5_validated_v2.mat,role_only,2,uniform_without_replacement,uniform_remaining_nonlinks,176,0,176,407,198,198,176,22,0,22,0.111111111111,58,140,0.5,0.790322580645,0.7,0.742424242424,49,13,21,127,0.7,0.907142857143,0.0928571428571,0.3,0.790322580645,0.7,0.742424242424,0.838095238095,0.568253968254,0.625,0.627447257567,0.607142857143,99,29,70,0,99,0,29,0,70,23,99,0.195652173913,2.18974518502,8.60869565217,6.6,4.5,4.59979377438,0.534319478842,0.291611769873,4.28989068105,0.996641269334,0.541062801932,2.91445898002,0.677096530713,0.355731225296,1.07629584498,0.491516479791,2.88826011686,2.18974518502,1.07629584498,2.88826011686,0.351612638569,0.458912768647,121,0.0683229813665,0.291765337837,23,23,23,1,0,0.347826086957,0.608695652174,0.0434782608696,23,0.0573122529644,1.80193236715,2.52173913043,2.41666666667,1.70588235294,1.72862439312,0.685488983479,0.373313343328,1.42118360737,1.12714561964,0.590704647676,1.25108648434,0.992241004823,0.47976011994,0.892012517804,0.495031075564,2.44444444444,1.92222222222,0.896966224591,2.44444444444,0.0392156862745,0.0857142857143,2,0.00112930547713,0.0812049062049,23,20,20,0.869565217391,0,0.347826086957,0.391304347826,0.130434782609,23,91,0.179841897233,1,7.91304347826,5.05555555556,4.13636363636,4.32658844691,0.546766671862,0.301958910655,4.06177593122,1.02660270789,0.547539417105,2.54912214604,0.644283619328,0.350692785475,0,0,0,14.8851639329,9.38904700581,22.5111172616,0.453519427432,0.46293494705,102,0.0575945793337,0.154347092525,23,23,23,1,0,0.217391304348,0.739130434783,0.0434782608696,-8,-0.0158102766798,-1.18974518502,-0.695652173913,-1.54444444444,-0.363636363636,-0.273205327467,0.0124471930204,0.0103471407819,-0.22811474983,0.0299614385558,0.00647661517227,-0.365336833988,-0.0328129113848,-0.00503843982105,-1.07629584498,-0.491516479791,-2.88826011686,12.6954187479,8.31275116083,19.6228571447,0.101906788863,0.00402217840264,-19,-0.0107284020327,-0.137418245312,-0.130434782609,0.130434782609,0,78,13,21,394,0.787878787879,0.968058968059,0.031941031941,0.212121212121,0.857142857143,0.787878787879,0.821052631579,0.780829287335,0.755937755938,0.696428571429,62,70,0,23,23,23,1,0,8,0,0.0386050732335,0,0,1,3.88826011686,0,16,NaN,1,ok,2.18974518502,0,23,20,20,0.869565217391,0,8,0,0.0660839160839,0,0,1,3.44444444444,0,16,NaN,1,ok,1.92222222222,0,23,23,23,1,0,5,0,0.0033755367325,0,0,1,23.5111172616,1,16,NaN,1,ok,NaN,3,0,0,0
218,WLNM_dir_neg,0.822704081633,0.697855275173,00:00:01,10,30,18,507298664,fixed,validated_v2,/gpfs/scratch/acw792/wlnm_roleonly_v2_20260910/result_wlnm_dir_neg_roleonly_trophicv2_100x290_train10-90_Apocrita_20260910_011848/ecological_snapshots/Broadstone_Stream_tax_mass_K10_ratio0.3_exp18_seed507298664_threshold0.5_validated_v2.mat,role_only,2,uniform_without_replacement,uniform_remaining_nonlinks,176,0,176,407,198,198,176,22,0,22,0.111111111111,58,140,0.5,0.714285714286,0.428571428571,0.535714285714,30,12,40,128,0.428571428571,0.914285714286,0.0857142857143,0.571428571429,0.714285714286,0.428571428571,0.535714285714,0.752380952381,0.6,0.380952380952,0.404061017821,0.342857142857,99,29,70,0,99,0,29,0,70,23,99,0.195652173913,2.18974518502,8.60869565217,6.6,4.5,4.59979377438,0.534319478842,0.291611769873,4.28989068105,0.996641269334,0.541062801932,2.91445898002,0.677096530713,0.355731225296,1.07629584498,0.491516479791,2.88826011686,2.18974518502,1.07629584498,2.88826011686,0.351612638569,0.458912768647,121,0.0683229813665,0.291765337837,23,23,23,1,0,0.347826086957,0.608695652174,0.0434782608696,23,0.0573122529644,1.87536231884,2.52173913043,2.41666666667,1.8125,1.70212608275,0.674981032815,0.371814092954,1.6016296049,1.27025796251,0.63868065967,1.25108648434,0.992241004823,0.512743628186,1.03339283266,0.551036363629,3,2.00666666667,1.04755912337,3,0.1,0.157894736842,4,0.00225861095426,0.0932178932179,23,20,20,0.869565217391,0,0.347826086957,0.347826086957,0.173913043478,23,71,0.140316205534,2.89237906926,6.17391304348,4.73333333333,3.38095238095,3.62632012217,0.587361709929,0.299448867116,3.55365424571,1.15118376974,0.586650336803,1.72976728541,0.560347148793,0.304960195958,1.73400011651,0.599506522136,4.90761363442,2.89237906926,1.73400011651,4.90761363442,0.374758574759,0.387990762125,56,0.0316205533597,0.113746807765,23,23,23,1,0,0.347826086957,0.565217391304,0.0869565217391,-28,-0.0553359683794,0.702633884236,-2.4347826087,-1.86666666667,-1.11904761905,-0.973473652207,0.0530422310872,0.0078370972431,-0.736236435341,0.154542500402,0.0455875348711,-1.18469169462,-0.116749381919,-0.0507710293381,0.657704271528,0.107990042345,2.01935351756,0.702633884236,0.657704271528,2.01935351756,0.0231459361894,-0.0709220065226,-65,-0.0367024280068,-0.178018530072,0,-0.0434782608696,0.0434782608696,59,12,40,395,0.59595959596,0.970515970516,0.029484029484,0.40404040404,0.830985915493,0.59595959596,0.694117647059,0.647026668654,0.566475566476,0.531531531532,42,70,0,23,23,23,1,0,8,0,0.0386050732335,0,0,1,3.88826011686,0,16,NaN,1,ok,2.18974518502,0,23,20,20,0.869565217391,0,8,0,0.0580570249,0,0,1,4,0,16,NaN,1,ok,2.00666666667,0,23,23,23,1,0,8,0,0.0607585022944,0,0,1,5.90761363442,0,16,NaN,1,ok,2.89237906926,0,0,0,0
219,WLNM_dir_neg,0.828469387755,0.700249197817,00:00:04,10,30,19,507298665,fixed,validated_v2,/gpfs/scratch/acw792/wlnm_roleonly_v2_20260910/result_wlnm_dir_neg_roleonly_trophicv2_100x290_train10-90_Apocrita_20260910_011848/ecological_snapshots/Broadstone_Stream_tax_mass_K10_ratio0.3_exp19_seed507298665_threshold0.5_validated_v2.mat,role_only,2,uniform_without_replacement,uniform_remaining_nonlinks,176,0,176,407,198,198,176,22,0,22,0.111111111111,58,140,0.5,0.866666666667,0.557142857143,0.678260869565,39,6,31,134,0.557142857143,0.957142857143,0.0428571428571,0.442857142857,0.866666666667,0.557142857143,0.678260869565,0.82380952381,0.595238095238,0.564705882353,0.590839156701,0.514285714286,99,29,70,0,99,0,29,0,70,23,99,0.195652173913,2.18974518502,8.60869565217,6.6,4.5,4.59979377438,0.534319478842,0.291611769873,4.28989068105,0.996641269334,0.541062801932,2.91445898002,0.677096530713,0.355731225296,1.07629584498,0.491516479791,2.88826011686,2.18974518502,1.07629584498,2.88826011686,0.351612638569,0.458912768647,121,0.0683229813665,0.291765337837,23,23,23,1,0,0.347826086957,0.608695652174,0.0434782608696,23,0.0573122529644,1.67984189723,2.52173913043,2.63636363636,1.93333333333,1.83078634912,0.726001483272,0.385307346327,1.54382615909,1.22441385031,0.629685157421,1.17617992224,0.932832352123,0.503748125937,0.807724524204,0.480833657938,2.22727272727,1.86096256684,0.843434565806,2.22727272727,0.233333333333,0.211267605634,5,0.00282326369283,0.0797402597403,23,17,17,0.739130434783,0,0.347826086957,0.304347826087,0.173913043478,23,74,0.146245059289,2.0975542047,6.4347826087,6.16666666667,3.52380952381,4.65955603578,0.72412019475,0.390129259694,4.13363720248,1.2847791305,0.652173913043,2.23518398143,0.694719345579,0.3866039953,1.24193969098,0.592089438355,3.75716696585,2.14744303219,1.24735398779,3.75716696585,0.448762932973,0.525,84,0.0474308300395,0.188459322417,23,22,22,0.95652173913,0,0.434782608696,0.478260869565,0.0434782608696,-25,-0.0494071146245,-0.0921909803255,-2.17391304348,-0.433333333333,-0.97619047619,0.0597622614049,0.189800715908,0.0985174898218,-0.156253478566,0.288137861167,0.111111111111,-0.679274998597,0.0176228148661,0.0308727700032,0.165643845996,0.100572958564,0.868906848992,-0.0423021528391,0.171058142808,0.868906848992,0.0971502944043,0.0660872313527,-37,-0.0208921513269,-0.10330601542,0.0869565217391,-0.130434782609,0,68,6,31,401,0.686868686869,0.985257985258,0.014742014742,0.313131313131,0.918918918919,0.686868686869,0.78612716763,0.754585053395,0.672126672127,0.647619047619,45,70,0,23,23,23,1,0,8,0,0.0386050732335,0,0,1,3.88826011686,0,16,NaN,1,ok,2.18974518502,0,23,17,17,0.739130434783,0,7,0,0.0979591836735,0,0,1,3.22727272727,0,16,NaN,1,ok,1.86096256684,0,23,22,22,0.95652173913,0,10,0,0.0968127140455,0,0,1,4.75716696585,0,16,NaN,1,ok,2.14744303219,0,0,0,0
220,WLNM_dir_neg,0.740306122449,0.485042623071,00:00:01,10,30,20,507298666,fixed,validated_v2,/gpfs/scratch/acw792/wlnm_roleonly_v2_20260910/result_wlnm_dir_neg_roleonly_trophicv2_100x290_train10-90_Apocrita_20260910_011848/ecological_snapshots/Broadstone_Stream_tax_mass_K10_ratio0.3_exp20_seed507298666_threshold0.5_validated_v2.mat,role_only,2,uniform_without_replacement,uniform_remaining_nonlinks,176,0,176,407,198,198,176,22,0,22,0.111111111111,58,140,0.5,0.733333333333,0.314285714286,0.44,22,8,48,132,0.314285714286,0.942857142857,0.0571428571429,0.685714285714,0.733333333333,0.314285714286,0.44,0.733333333333,0.619047619048,0.3,0.346410161514,0.257142857143,99,29,70,0,99,0,29,0,70,23,99,0.195652173913,2.18974518502,8.60869565217,6.6,4.5,4.59979377438,0.534319478842,0.291611769873,4.28989068105,0.996641269334,0.541062801932,2.91445898002,0.677096530713,0.355731225296,1.07629584498,0.491516479791,2.88826011686,2.18974518502,1.07629584498,2.88826011686,0.351612638569,0.458912768647,121,0.0683229813665,0.291765337837,23,23,23,1,0,0.347826086957,0.608695652174,0.0434782608696,23,0.0573122529644,1.6350931677,2.52173913043,2.9,1.8125,2.3716040835,0.940463688283,0.505247376312,1.88817832614,1.49752074142,0.704647676162,1.17617992224,0.932832352123,0.494752623688,0.833247761606,0.509602619634,2.27272727273,1.81150793651,0.864248213897,2.27272727273,0.234722222222,0.216494845361,7,0.00395256916996,0.0989329805996,23,18,18,0.782608695652,0,0.347826086957,0.347826086957,0.0869565217391,23,59,0.116600790514,2.74052860801,5.13043478261,4.91666666667,3.27777777778,4.48537368288,0.874267751748,0.481208548268,3.48798049093,1.35972120833,0.66322770818,2.12829609518,0.82967474897,0.449521002211,1.78081295819,0.649806374211,4.54989998679,3.10695568338,1.74959707829,4.54989998679,0.592879689755,0.486486486486,60,0.0338791643139,0.183586867678,23,19,19,0.826086956522,0,0.304347826087,0.478260869565,0.0434782608696,-40,-0.0790513833992,0.550783422986,-3.47826086957,-1.68333333333,-1.22222222222,-0.114420091494,0.339948272907,0.189596778396,-0.801910190113,0.363079938996,0.122164906247,-0.786162884841,0.152578218257,0.0937897769143,0.704517113209,0.158289894419,1.66163986993,0.917210498356,0.673301233306,1.66163986993,0.241267051186,0.0275737178392,-61,-0.0344438170525,-0.108178470159,-0.0434782608696,-0.130434782609,0,51,8,48,399,0.515151515152,0.980343980344,0.019656019656,0.484848484848,0.864406779661,0.515151515152,0.645569620253,0.612455790741,0.495495495495,0.476635514019,30,70,0,23,23,23,1,0,8,0,0.0386050732335,0,0,1,3.88826011686,0,16,NaN,1,ok,2.18974518502,0,23,18,18,0.782608695652,0,8,0,0.0763347216963,0,0,1,3.27272727273,0,16,NaN,1,ok,1.81150793651,0,23,19,19,0.826086956522,0,7,0,0.0347150240822,0,0,1,5.54989998679,0,16,NaN,1,ok,3.10695568338,0,0,0,0
221,WLNM_dir_neg,0.782040816327,0.641880542532,00:00:04,10,30,21,507298667,fixed,validated_v2,/gpfs/scratch/acw792/wlnm_roleonly_v2_20260910/result_wlnm_dir_neg_roleonly_trophicv2_100x290_train10-90_Apocrita_20260910_011848/ecological_snapshots/Broadstone_Stream_tax_mass_K10_ratio0.3_exp21_seed507298667_threshold0.5_validated_v2.mat,role_only,2,uniform_without_replacement,uniform_remaining_nonlinks,176,0,176,407,198,198,176,22,0,22,0.111111111111,58,140,0.5,0.781818181818,0.614285714286,0.688,43,12,27,128,0.614285714286,0.914285714286,0.0857142857143,0.385714285714,0.781818181818,0.614285714286,0.688,0.814285714286,0.579365079365,0.558490566038,0.56672128999,0.528571428571,99,29,70,0,99,0,29,0,70,23,99,0.195652173913,2.18974518502,8.60869565217,6.6,4.5,4.59979377438,0.534319478842,0.291611769873,4.28989068105,0.996641269334,0.541062801932,2.91445898002,0.677096530713,0.355731225296,1.07629584498,0.491516479791,2.88826011686,2.18974518502,1.07629584498,2.88826011686,0.351612638569,0.458912768647,121,0.0683229813665,0.291765337837,23,23,23,1,0,0.347826086957,0.608695652174,0.0434782608696,23,0.0573122529644,1.97805958132,2.52173913043,2.41666666667,1.70588235294,1.64785163767,0.65345840804,0.352323838081,1.6016296049,1.27025796251,0.64167916042,1.09616651457,0.869373442591,0.455772113943,1.16193241493,0.587410220553,3.61111111111,2.07120811287,1.1748723738,3.61111111111,0.101960784314,0.0909090909091,2,0.00112930547713,0.0540945165945,23,21,21,0.913043478261,0,0.391304347826,0.347826086957,0.173913043478,23,84,0.166007905138,8.15812513015,7.30434782609,5.25,3.81818181818,4.22583808373,0.578537356701,0.318322981366,3.67557905954,1.00640855202,0.538302277433,2.74041628643,0.750352078427,0.394409937888,5.46909237466,0.670385938853,13.3566418998,8.15812513015,5.46909237466,13.3566418998,0.584735106164,0.476923076923,93,0.0525127046866,0.191675530352,23,23,23,1,0,0.304347826087,0.652173913043,0.0434782608696,-15,-0.0296442687747,5.96837994513,-1.30434782609,-1.35,-0.681818181818,-0.37395569065,0.044217877859,0.0267112114938,-0.614311621508,0.00976728268255,-0.00276052449965,-0.174042693596,0.0732555477142,0.0386787125918,4.39279652968,0.178869459062,10.4683817829,5.96837994513,4.39279652968,10.4683817829,0.233122467595,0.0180103082758,-28,-0.0158102766798,-0.100089807485,-0.0434782608696,0.0434782608696,0,72,12,27,395,0.727272727273,0.970515970516,0.029484029484,0.272727272727,0.857142857143,0.727272727273,0.786885245902,0.743948485897,0.697788697789,0.648648648649,55,70,0,23,23,23,1,0,8,0,0.0386050732335,0,0,1,3.88826011686,0,16,NaN,1,ok,2.18974518502,0,23,21,21,0.913043478261,0,9,0,0.0835358346816,0,0,1,4.61111111111,0,16,NaN,1,ok,2.07120811287,0,23,23,23,1,0,7,0,0.00509713234076,0,0,1,14.3566418998,0,16,NaN,1,ok,8.15812513015,0,0,0,0
222,WLNM_dir_neg,0.835153061224,0.614613008552,00:00:02,10,30,22,507298668,fixed,validated_v2,/gpfs/scratch/acw792/wlnm_roleonly_v2_20260910/result_wlnm_dir_neg_roleonly_trophicv2_100x290_train10-90_Apocrita_20260910_011848/ecological_snapshots/Broadstone_Stream_tax_mass_K10_ratio0.3_exp22_seed507298668_threshold0.5_validated_v2.mat,role_only,2,uniform_without_replacement,uniform_remaining_nonlinks,176,0,176,407,198,198,176,22,0,22,0.111111111111,58,140,0.5,0.762711864407,0.642857142857,0.697674418605,45,14,25,126,0.642857142857,0.9,0.1,0.357142857143,0.762711864407,0.642857142857,0.697674418605,0.814285714286,0.573015873016,0.565055762082,0.569356279607,0.542857142857,99,29,70,0,99,0,29,0,70,23,99,0.195652173913,2.18974518502,8.60869565217,6.6,4.5,4.59979377438,0.534319478842,0.291611769873,4.28989068105,0.996641269334,0.541062801932,2.91445898002,0.677096530713,0.355731225296,1.07629584498,0.491516479791,2.88826011686,2.18974518502,1.07629584498,2.88826011686,0.351612638569,0.458912768647,121,0.0683229813665,0.291765337837,23,23,23,1,0,0.347826086957,0.608695652174,0.0434782608696,23,0.0573122529644,1.64673913043,2.52173913043,2.41666666667,1.8125,1.62003269376,0.642426757871,0.344827586207,1.71138942235,1.35730885221,0.659670164918,1.17617992224,0.932832352123,0.494752623688,0.687398932564,0.41743037489,2,1.67613636364,0.688618236585,2,0.15,0.123287671233,3,0.0016939582157,0.0748917748918,23,22,22,0.95652173913,0,0.434782608696,0.260869565217,0.260869565217,23,88,0.173913043478,3.58971752485,7.65217391304,4.4,4.4,3.4851463469,0.455445261242,0.250988142292,3.25649245094,0.851128708767,0.457509881423,3.21434531597,0.840112980309,0.431818181818,1.34950547136,0.375936396672,4.79451449365,3.58971752485,1.34950547136,4.79451449365,0.443620871882,0.413312693498,89,0.0502540937324,0.17982605329,23,23,23,1,0,0.130434782609,0.739130434783,0.130434782609,-11,-0.0217391304348,1.39997233983,-0.95652173913,-2.2,-0.1,-1.11464742748,-0.0788742175996,-0.0406236275801,-1.03339823011,-0.145512560567,-0.0835529205094,0.299886335942,0.163016449597,0.0760869565217,0.273209626382,-0.115580083119,1.90625437679,1.39997233983,0.273209626382,1.90625437679,0.0920082333126,-0.0456000751488,-32,-0.0180688876341,-0.111939284547,-0.217391304348,0.130434782609,0.0869565217391,74,14,25,393,0.747474747475,0.965601965602,0.034398034398,0.252525252525,0.840909090909,0.747474747475,0.791443850267,0.746313983367,0.713076713077,0.654867256637,59,70,0,23,23,23,1,0,8,0,0.0386050732335,0,0,1,3.88826011686,0,16,NaN,1,ok,2.18974518502,0,23,22,22,0.95652173913,0,10,0,0.0561841591885,0,0,1,3,0,16,NaN,1,ok,1.67613636364,0,23,23,23,1,0,3,0,0.00892495883581,0,0,1,5.79451449365,0,16,NaN,1,ok,3.58971752485,0,0,0,0
223,WLNM_dir_neg,0.769642857143,0.511097567619,00:00:01,10,30,23,507298669,fixed,validated_v2,/gpfs/scratch/acw792/wlnm_roleonly_v2_20260910/result_wlnm_dir_neg_roleonly_trophicv2_100x290_train10-90_Apocrita_20260910_011848/ecological_snapshots/Broadstone_Stream_tax_mass_K10_ratio0.3_exp23_seed507298669_threshold0.5_validated_v2.mat,role_only,2,uniform_without_replacement,uniform_remaining_nonlinks,176,0,176,407,198,198,176,22,0,22,0.111111111111,58,140,0.5,0.611940298507,0.585714285714,0.598540145985,41,26,29,114,0.585714285714,0.814285714286,0.185714285714,0.414285714286,0.611940298507,0.585714285714,0.598540145985,0.738095238095,0.560317460317,0.404332129964,0.40454571841,0.4,99,29,70,0,99,0,29,0,70,23,99,0.195652173913,2.18974518502,8.60869565217,6.6,4.5,4.59979377438,0.534319478842,0.291611769873,4.28989068105,0.996641269334,0.541062801932,2.91445898002,0.677096530713,0.355731225296,1.07629584498,0.491516479791,2.88826011686,2.18974518502,1.07629584498,2.88826011686,0.351612638569,0.458912768647,121,0.0683229813665,0.291765337837,23,23,23,1,0,0.347826086957,0.608695652174,0.0434782608696,23,0.0573122529644,2.07035573123,2.52173913043,2.23076923077,1.8125,1.50361882311,0.596262636751,0.328335832084,1.48377256602,1.17678513857,0.605697151424,1.17617992224,0.932832352123,0.494752623688,1.3097140889,0.632603406821,4,2.17229437229,1.32718080687,4,0.0352941176471,0.0545454545455,1,0.000564652738566,0.0777167277167,23,21,21,0.913043478261,0,0.347826086957,0.347826086957,0.217391304348,23,96,0.189723320158,1,8.34782608696,5.05263157895,4.57142857143,3.25588551915,0.390027952815,0.213315217391,3.47264863434,0.831988735309,0.457427536232,2.46156221484,0.58974928064,0.322463768116,0,0,0,16.6191045316,8.0590232648,26.240806568,0.455928853755,0.429824561404,98,0.0553359683794,0.154235394044,23,23,23,1,0,0.173913043478,0.739130434783,0.0869565217391,-3,-0.00592885375494,-1.18974518502,-0.260869565217,-1.54736842105,0.0714285714286,-1.34390825522,-0.144291526027,-0.0782965524813,-0.817242046712,-0.164652534025,-0.0836352657005,-0.45289676518,-0.087347250073,-0.0332674571805,-1.07629584498,-0.491516479791,-2.88826011686,14.4293593466,6.98272741982,23.3525464512,0.104316215186,-0.0290882072438,-23,-0.012987012987,-0.137529943792,-0.173913043478,0.130434782609,0.0434782608696,70,26,29,381,0.707070707071,0.936117936118,0.0638820638821,0.292929292929,0.729166666667,0.707070707071,0.717948717949,0.650767153544,0.643188643189,0.56,67,70,0,23,23,23,1,0,8,0,0.0386050732335,0,0,1,3.88826011686,0,16,NaN,1,ok,2.18974518502,0,23,21,21,0.913043478261,0,8,0,0.0405305821665,0,0,1,5,0,16,NaN,1,ok,2.17229437229,0,23,23,23,1,0,4,0,0.00231401249438,0,0,1,27.240806568,1,16,NaN,1,ok,NaN,3,0,0,0
224,WLNM_dir_neg,0.761734693878,0.661191737019,00:00:01,10,30,24,507298670,fixed,validated_v2,/gpfs/scratch/acw792/wlnm_roleonly_v2_20260910/result_wlnm_dir_neg_roleonly_trophicv2_100x290_train10-90_Apocrita_20260910_011848/ecological_snapshots/Broadstone_Stream_tax_mass_K10_ratio0.3_exp24_seed507298670_threshold0.5_validated_v2.mat,role_only,2,uniform_without_replacement,uniform_remaining_nonlinks,176,0,176,407,198,198,176,22,0,22,0.111111111111,58,140,0.5,0.782608695652,0.514285714286,0.620689655172,36,10,34,130,0.514285714286,0.928571428571,0.0714285714286,0.485714285714,0.782608695652,0.514285714286,0.620689655172,0.790476190476,0.593650793651,0.484375,0.504749446995,0.442857142857,99,29,70,0,99,0,29,0,70,23,99,0.195652173913,2.18974518502,8.60869565217,6.6,4.5,4.59979377438,0.534319478842,0.291611769873,4.28989068105,0.996641269334,0.541062801932,2.91445898002,0.677096530713,0.355731225296,1.07629584498,0.491516479791,2.88826011686,2.18974518502,1.07629584498,2.88826011686,0.351612638569,0.458912768647,121,0.0683229813665,0.291765337837,23,23,23,1,0,0.347826086957,0.608695652174,0.0434782608696,23,0.0573122529644,1.85953177258,2.52173913043,2.41666666667,2.23076923077,2.08609171805,0.827243267504,0.44227886057,1.57299342033,1.24754650578,0.635682158921,1.35570817805,1.07521683087,0.566716641679,0.949264932887,0.510485998081,2.53846153846,2.09829059829,0.942593660756,2.53846153846,0.103869047619,0.0731707317073,2,0.00112930547713,0.0940836940837,23,18,18,0.782608695652,0,0.260869565217,0.304347826087,0.217391304348,23,75,0.148221343874,2.43932877416,6.52173913043,4.41176470588,3.75,4.26262366088,0.653602294669,0.347826086957,3.65833284564,1.12188873933,0.582028985507,2.59750564448,0.796568397642,0.437101449275,1.09202171239,0.447673033649,3.23630786826,2.50475280934,1.07058989594,3.23630786826,0.499148830967,0.424302788845,71,0.0400903444382,0.202160421278,23,22,22,0.95652173913,0,0.217391304348,0.652173913043,0.0869565217391,-24,-0.0474308300395,0.24958358913,-2.08695652174,-2.18823529412,-0.75,-0.337170113495,0.119282815827,0.0562143170839,-0.631557835408,0.125247469995,0.0409661835749,-0.316953335541,0.119471866929,0.0813702239789,0.0157258674101,-0.0438434461423,0.348047751407,0.315007624319,-0.00570594904542,0.348047751407,0.147536192398,-0.0346099798027,-50,-0.0282326369283,-0.0896049165587,-0.130434782609,0.0434782608696,0.0434782608696,65,10,34,397,0.656565656566,0.97542997543,0.02457002457,0.343434343434,0.866666666667,0.656565656566,0.747126436782,0.705601689208,0.631995631996,0.596330275229,46,70,0,23,23,23,1,0,8,0,0.0386050732335,0,0,1,3.88826011686,0,16,NaN,1,ok,2.18974518502,0,23,18,18,0.782608695652,0,6,0,0.0671906966728,0,0,1,3.53846153846,0,16,NaN,1,ok,2.09829059829,0,23,22,22,0.95652173913,0,5,0,0.0100490433438,0,0,1,4.23630786826,0,16,NaN,1,ok,2.50475280934,0,0,0,0
225,WLNM_dir_neg,0.829387755102,0.743534708363,00:00:01,10,30,25,507298671,fixed,validated_v2,/gpfs/scratch/acw792/wlnm_roleonly_v2_20260910/result_wlnm_dir_neg_roleonly_trophicv2_100x290_train10-90_Apocrita_20260910_011848/ecological_snapshots/Broadstone_Stream_tax_mass_K10_ratio0.3_exp25_seed507298671_threshold0.5_validated_v2.mat,role_only,2,uniform_without_replacement,uniform_remaining_nonlinks,176,0,176,407,198,198,176,22,0,22,0.111111111111,58,140,0.5,0.753623188406,0.742857142857,0.748201438849,52,17,18,123,0.742857142857,0.878571428571,0.121428571429,0.257142857143,0.753623188406,0.742857142857,0.748201438849,0.833333333333,0.557142857143,0.623655913978,0.623691970748,0.621428571429,99,29,70,0,99,0,29,0,70,23,99,0.195652173913,2.18974518502,8.60869565217,6.6,4.5,4.59979377438,0.534319478842,0.291611769873,4.28989068105,0.996641269334,0.541062801932,2.91445898002,0.677096530713,0.355731225296,1.07629584498,0.491516479791,2.88826011686,2.18974518502,1.07629584498,2.88826011686,0.351612638569,0.458912768647,121,0.0683229813665,0.291765337837,23,23,23,1,0,0.347826086957,0.608695652174,0.0434782608696,23,0.0573122529644,1.84737877975,2.52173913043,2.63636363636,1.93333333333,2.10776842823,0.835839204297,0.457271364318,1.62976270733,1.29257042306,0.63868065967,1.25108648434,0.992241004823,0.521739130435,1.07302139693,0.580834536316,3.06172839506,2.08276177412,1.10460803396,3.06172839506,0.115555555556,0.16,4,0.00225861095426,0.0855411255411,23,18,18,0.782608695652,0,0.304347826087,0.347826086957,0.130434782609,23,98,0.193675889328,3.69027872166,8.52173913043,7,4.26086956522,5.30753808034,0.622823346163,0.341614906832,4.46417447631,1.04771441791,0.563442768412,2.11525608388,0.496437652339,0.274179236912,2.34787000111,0.636231075809,5.91547868908,3.69027872166,2.34787000111,5.91547868908,0.407061625243,0.461194029851,103,0.0581592320723,0.197337881672,23,23,23,1,0,0.391304347826,0.608695652174,0,-1,-0.00197628458498,1.50053353663,-0.0869565217391,0.4,-0.239130434783,0.707744305968,0.0885038673211,0.0500031369597,0.174283795263,0.0510731485754,0.0223799664793,-0.799202896144,-0.180658878373,-0.0815519883843,1.27157415613,0.144714596018,3.02721857222,1.50053353663,1.27157415613,3.02721857222,0.0554489866743,0.00228126120346,-18,-0.0101637492942,-0.094427456165,0.0434782608696,0,-0.0434782608696,81,17,18,390,0.818181818182,0.958230958231,0.041769041769,0.181818181818,0.826530612245,0.818181818182,0.822335025381,0.779407096838,0.776412776413,0.698275862069,69,70,0,23,23,23,1,0,8,0,0.0386050732335,0,0,1,3.88826011686,0,16,NaN,1,ok,2.18974518502,0,23,18,18,0.782608695652,0,7,0,0.0803970223325,0,0,1,4.06172839506,0,16,NaN,1,ok,2.08276177412,0,23,23,23,1,0,9,0,0.0528483282519,0,0,1,6.91547868908,0,16,NaN,1,ok,3.69027872166,0,0,0,0
226,WLNM_dir_neg,0.755816326531,0.564609590094,00:00:01,10,30,26,507298672,fixed,validated_v2,/gpfs/scratch/acw792/wlnm_roleonly_v2_20260910/result_wlnm_dir_neg_roleonly_trophicv2_100x290_train10-90_Apocrita_20260910_011848/ecological_snapshots/Broadstone_Stream_tax_mass_K10_ratio0.3_exp26_seed507298672_threshold0.5_validated_v2.mat,role_only,2,uniform_without_replacement,uniform_remaining_nonlinks,176,0,176,407,198,198,176,22,0,22,0.111111111111,58,140,0.5,0.64,0.457142857143,0.533333333333,32,18,38,122,0.457142857143,0.871428571429,0.128571428571,0.542857142857,0.64,0.457142857143,0.533333333333,0.733333333333,0.587301587302,0.353846153846,0.363661930919,0.328571428571,99,29,70,0,99,0,29,0,70,23,99,0.195652173913,2.18974518502,8.60869565217,6.6,4.5,4.59979377438,0.534319478842,0.291611769873,4.28989068105,0.996641269334,0.541062801932,2.91445898002,0.677096530713,0.355731225296,1.07629584498,0.491516479791,2.88826011686,2.18974518502,1.07629584498,2.88826011686,0.351612638569,0.458912768647,121,0.0683229813665,0.291765337837,23,23,23,1,0,0.347826086957,0.608695652174,0.0434782608696,23,0.0573122529644,2.11628709455,2.52173913043,2.23076923077,1.93333333333,2.10776842823,0.835839204297,0.448275862069,1.71138942235,1.35730885221,0.63868065967,1.2869057783,1.02064941037,0.536731634183,1.27113166916,0.600642357282,4.11111111111,2.35129490393,1.28048023974,4.11111111111,0.159183673469,0.141176470588,4,0.00225861095426,0.0760734635735,23,19,19,0.826086956522,0,0.260869565217,0.391304347826,0.173913043478,23,79,0.156126482213,3.44512142009,6.86956521739,3.95,3.95,4.15937438288,0.605478549406,0.316455696203,3.64100494315,1.06003941383,0.51623555311,2.57304359848,0.749113959051,0.41166758393,1.25553443249,0.364438369333,3.94065908631,3.44512142009,1.25553443249,3.94065908631,0.39492951493,0.385375494071,65,0.0367024280068,0.152836091927,23,23,23,1,0,0.130434782609,0.739130434783,0.130434782609,-20,-0.0395256916996,1.25537623506,-1.73913043478,-2.65,-0.55,-0.440419391502,0.0711590705641,0.0248439263299,-0.648885737897,0.0633981444945,-0.0248272488228,-0.341415381543,0.0720174283387,0.0559363586331,0.179238587507,-0.127078110459,1.05239896945,1.25537623506,0.179238587507,1.05239896945,0.0433168763604,-0.0735372745761,-56,-0.0316205533597,-0.13892924591,-0.217391304348,0.130434782609,0.0869565217391,61,18,38,389,0.616161616162,0.955773955774,0.044226044226,0.383838383838,0.772151898734,0.616161616162,0.685393258427,0.625078307258,0.571935571936,0.521367521368,50,70,0,23,23,23,1,0,8,0,0.0386050732335,0,0,1,3.88826011686,0,16,NaN,1,ok,2.18974518502,0,23,19,19,0.826086956522,0,6,0,0.0561497326203,0,0,1,5.11111111111,0,16,NaN,1,ok,2.35129490393,0,23,23,23,1,0,3,0,0.0112375824749,0,0,1,4.94065908631,0,16,NaN,1,ok,3.44512142009,0,0,0,0
227,WLNM_dir_neg,0.747040816327,0.537696886331,00:00:02,10,30,27,507298673,fixed,validated_v2,/gpfs/scratch/acw792/wlnm_roleonly_v2_20260910/result_wlnm_dir_neg_roleonly_trophicv2_100x290_train10-90_Apocrita_20260910_011848/ecological_snapshots/Broadstone_Stream_tax_mass_K10_ratio0.3_exp27_seed507298673_threshold0.5_validated_v2.mat,role_only,2,uniform_without_replacement,uniform_remaining_nonlinks,176,0,176,407,198,198,176,22,0,22,0.111111111111,58,140,0.5,0.9,0.514285714286,0.654545454545,36,4,34,136,0.514285714286,0.971428571429,0.0285714285714,0.485714285714,0.9,0.514285714286,0.654545454545,0.819047619048,0.603174603175,0.544,0.583095189485,0.485714285714,99,29,70,0,99,0,29,0,70,23,99,0.195652173913,2.18974518502,8.60869565217,6.6,4.5,4.59979377438,0.534319478842,0.291611769873,4.28989068105,0.996641269334,0.541062801932,2.91445898002,0.677096530713,0.355731225296,1.07629584498,0.491516479791,2.88826011686,2.18974518502,1.07629584498,2.88826011686,0.351612638569,0.458912768647,121,0.0683229813665,0.291765337837,23,23,23,1,0,0.347826086957,0.608695652174,0.0434782608696,23,0.0573122529644,1.64833333333,2.52173913043,2.63636363636,2.07142857143,1.97414113011,0.782849068836,0.430284857571,1.65741834584,1.31450420532,0.653673163418,1.45281517639,1.15223272611,0.587706146927,0.731097314199,0.443537298806,1.8,1.82842592593,0.730575579387,1.8,0.234920634921,0.206896551724,6,0.00338791643139,0.118961038961,23,18,18,0.782608695652,0,0.304347826087,0.304347826087,0.173913043478,23,69,0.136363636364,2.81670681478,6,5.30769230769,3.63157894737,4.51260859854,0.75210143309,0.417139256459,3.98862017609,1.3295400587,0.66288594833,2.55840859627,0.852802865422,0.466288594833,1.77405455922,0.629832877853,4.42071416483,3.089212837,1.74496975007,4.42071416483,0.45226636109,0.481707317073,79,0.0446075663467,0.207781754445,23,20,20,0.869565217391,0,0.304347826087,0.521739130435,0.0434782608696,-30,-0.0592885375494,0.62696162976,-2.60869565217,-1.29230769231,-0.868421052632,-0.087185175835,0.217781954249,0.125527486586,-0.30127050496,0.332898789362,0.121823146398,-0.356050383757,0.17570633471,0.110557369537,0.697758714239,0.138316398061,1.53245404798,0.899467651977,0.668673905088,1.53245404798,0.100653722521,0.0227945484259,-42,-0.0237154150198,-0.0839835833921,-0.0434782608696,-0.0869565217391,0,65,4,34,403,0.656565656566,0.990171990172,0.00982800982801,0.343434343434,0.942028985507,0.656565656566,0.77380952381,0.747614438331,0.646737646738,0.631067961165,40,70,0,23,23,23,1,0,8,0,0.0386050732335,0,0,1,3.88826011686,0,16,NaN,1,ok,2.18974518502,0,23,18,18,0.782608695652,0,7,0,0.0582877959927,0,0,1,2.8,0,16,NaN,1,ok,1.82842592593,0,23,20,20,0.869565217391,0,7,0,0.0237441504125,0,0,1,5.42071416483,0,16,NaN,1,ok,3.089212837,0,0,0,0
228,WLNM_dir_neg,0.755969387755,0.645962298038,00:00:04,10,30,28,507298674,fixed,validated_v2,/gpfs/scratch/acw792/wlnm_roleonly_v2_20260910/result_wlnm_dir_neg_roleonly_trophicv2_100x290_train10-90_Apocrita_20260910_011848/ecological_snapshots/Broadstone_Stream_tax_mass_K10_ratio0.3_exp28_seed507298674_threshold0.5_validated_v2.mat,role_only,2,uniform_without_replacement,uniform_remaining_nonlinks,176,0,176,407,198,198,176,22,0,22,0.111111111111,58,140,0.5,0.66,0.471428571429,0.55,33,17,37,123,0.471428571429,0.878571428571,0.121428571429,0.528571428571,0.66,0.471428571429,0.55,0.742857142857,0.587301587302,0.376923076923,0.387379013371,0.35,99,29,70,0,99,0,29,0,70,23,99,0.195652173913,2.18974518502,8.60869565217,6.6,4.5,4.59979377438,0.534319478842,0.291611769873,4.28989068105,0.996641269334,0.541062801932,2.91445898002,0.677096530713,0.355731225296,1.07629584498,0.491516479791,2.88826011686,2.18974518502,1.07629584498,2.88826011686,0.351612638569,0.458912768647,121,0.0683229813665,0.291765337837,23,23,23,1,0,0.347826086957,0.608695652174,0.0434782608696,23,0.0573122529644,2.06992753623,2.52173913043,2.23076923077,2.07142857143,1.59172762681,0.631202334769,0.344827586207,1.32175473259,1.04828823619,0.55772113943,1.32175473259,1.04828823619,0.539730134933,1.19265094742,0.576180048116,3.7,2.2951754386,1.19606258542,3.7,0.127777777778,0.136363636364,3,0.0016939582157,0.100213675214,23,19,19,0.826086956522,0,0.260869565217,0.347826086957,0.217391304348,23,79,0.156126482213,1,6.86956521739,3.7619047619,3.95,4.26725745251,0.621183046884,0.341221794166,3.11632194271,0.907283603573,0.472206934507,3.28669614377,0.956886219074,0.496422674739,0,0,0,NaN,NaN,NaN,0.38430080021,0.397590361446,66,0.0372670807453,0.213852503317,23,23,0,1,7,0.0869565217391,0.782608695652,0.130434782609,-20,-0.0395256916996,-1.18974518502,-1.73913043478,-2.8380952381,-0.55,-0.332536321866,0.0868635680427,0.0496100242936,-1.17356873834,-0.0893576657615,-0.0688558674249,0.37223716375,0.279789688361,0.140691449442,-1.07629584498,-0.491516479791,-2.88826011686,NaN,NaN,NaN,0.0326881616407,-0.0613224072015,-55,-0.0310559006211,-0.07791283452,-0.260869565217,0.173913043478,0.0869565217391,62,17,37,390,0.626262626263,0.958230958231,0.041769041769,0.373737373737,0.784810126582,0.626262626263,0.696629213483,0.638803177011,0.584493584494,0.534482758621,50,70,0,23,23,23,1,0,8,0,0.0386050732335,0,0,1,3.88826011686,0,16,NaN,1,ok,2.18974518502,0,23,19,19,0.826086956522,0,6,0,0.0293661799494,0,0,1,4.7,0,16,NaN,1,ok,2.2951754386,0,23,23,0,1,7,2,13,NaN,NaN,NaN,NaN,NaN,0,0,NaN,0,basal_unreachable_in_lcc,NaN,2,0,0,0
229,WLNM_dir_neg,0.697602040816,0.633055055867,00:00:02,10,30,29,507298675,fixed,validated_v2,/gpfs/scratch/acw792/wlnm_roleonly_v2_20260910/result_wlnm_dir_neg_roleonly_trophicv2_100x290_train10-90_Apocrita_20260910_011848/ecological_snapshots/Broadstone_Stream_tax_mass_K10_ratio0.3_exp29_seed507298675_threshold0.5_validated_v2.mat,role_only,2,uniform_without_replacement,uniform_remaining_nonlinks,176,0,176,407,198,198,176,22,0,22,0.111111111111,58,140,0.5,0.827586206897,0.342857142857,0.484848484848,24,5,46,135,0.342857142857,0.964285714286,0.0357142857143,0.657142857143,0.827586206897,0.342857142857,0.484848484848,0.757142857143,0.620634920635,0.359832635983,0.41967700251,0.307142857143,99,29,70,0,99,0,29,0,70,23,99,0.195652173913,2.18974518502,8.60869565217,6.6,4.5,4.59979377438,0.534319478842,0.291611769873,4.28989068105,0.996641269334,0.541062801932,2.91445898002,0.677096530713,0.355731225296,1.07629584498,0.491516479791,2.88826011686,2.18974518502,1.07629584498,2.88826011686,0.351612638569,0.458912768647,121,0.0683229813665,0.291765337837,23,23,23,1,0,0.347826086957,0.608695652174,0.0434782608696,23,0.0573122529644,1.6614331723,2.52173913043,2.9,1.93333333333,2.21296931781,0.877556798443,0.461769115442,1.91210001888,1.51649311842,0.713643178411,1.25108648434,0.992241004823,0.521739130435,0.861028860373,0.518244654511,2.88888888889,1.83605664488,0.918207206626,2.88888888889,0.200732600733,0.275510204082,9,0.00508187464709,0.0822045855379,23,17,17,0.739130434783,0,0.434782608696,0.217391304348,0.217391304348,23,58,0.114624505929,3.26157315237,5.04347826087,3.86666666667,3.22222222222,4.37428706783,0.867315539311,0.458770614693,3.25952541467,1.29257042306,0.637181409295,2.06418738617,0.818557066929,0.452773613193,1.96453724142,0.602328125001,5.08020132392,3.60080912523,1.88150533698,5.08020132392,0.411030944364,0.404605263158,41,0.0231507622812,0.125191422334,23,20,20,0.869565217391,0,0.217391304348,0.565217391304,0.0869565217391,-41,-0.0810276679842,1.07182796735,-3.5652173913,-2.73333333333,-1.27777777778,-0.225506706548,0.332996060469,0.16715884482,-1.03036526638,0.295929153723,0.096118607363,-0.850271593856,0.141460536216,0.097042387897,0.888241396438,0.11081164521,2.19194120707,1.4110639402,0.805209491993,2.19194120707,0.0594183057951,-0.0543075054894,-80,-0.0451722190853,-0.166573915502,-0.130434782609,-0.0434782608696,0.0434782608696,53,5,46,402,0.535353535354,0.987714987715,0.012285012285,0.464646464646,0.913793103448,0.535353535354,0.675159235669,0.651358948893,0.523068523069,0.509615384615,29,70,0,23,23,23,1,0,8,0,0.0386050732335,0,0,1,3.88826011686,0,16,NaN,1,ok,2.18974518502,0,23,17,17,0.739130434783,0,8,0,0.102153821901,0,0,1,3.88888888889,0,16,NaN,1,ok,1.83605664488,0,23,20,20,0.869565217391,0,5,0,0.0190206478852,0,0,1,6.08020132392,0,16,NaN,1,ok,3.60080912523,0,0,0,0
230,WLNM_dir_neg,0.795969387755,0.582888551761,00:00:05,10,30,30,507298676,fixed,validated_v2,/gpfs/scratch/acw792/wlnm_roleonly_v2_20260910/result_wlnm_dir_neg_roleonly_trophicv2_100x290_train10-90_Apocrita_20260910_011848/ecological_snapshots/Broadstone_Stream_tax_mass_K10_ratio0.3_exp30_seed507298676_threshold0.5_validated_v2.mat,role_only,2,uniform_without_replacement,uniform_remaining_nonlinks,176,0,176,407,198,198,176,22,0,22,0.111111111111,58,140,0.5,0.754716981132,0.571428571429,0.650406504065,40,13,30,127,0.571428571429,0.907142857143,0.0928571428571,0.428571428571,0.754716981132,0.571428571429,0.650406504065,0.795238095238,0.58253968254,0.509505703422,0.519364240237,0.478571428571,99,29,70,0,99,0,29,0,70,23,99,0.195652173913,2.18974518502,8.60869565217,6.6,4.5,4.59979377438,0.534319478842,0.291611769873,4.28989068105,0.996641269334,0.541062801932,2.91445898002,0.677096530713,0.355731225296,1.07629584498,0.491516479791,2.88826011686,2.18974518502,1.07629584498,2.88826011686,0.351612638569,0.458912768647,121,0.0683229813665,0.291765337837,23,23,23,1,0,0.347826086957,0.608695652174,0.0434782608696,23,0.0573122529644,1.67801932367,2.52173913043,2.63636363636,2.07142857143,2.06418738617,0.818557066929,0.448275862069,1.76370970876,1.39880425177,0.677661169415,1.38883179505,1.10148728573,0.569715142429,0.784112869269,0.467284767349,2.02777777778,1.86635802469,0.789239708937,2.02777777778,0.240952380952,0.131868131868,4,0.00225861095426,0.120541125541,23,18,18,0.782608695652,0,0.304347826087,0.304347826087,0.173913043478,23,82,0.162055335968,2.48336659283,7.13043478261,4.31578947368,5.125,4.66421919634,0.654128301925,0.365323435843,3.78785243733,1.06244641535,0.549310710498,3.4088932749,0.956152991741,0.505832449629,0.954089705963,0.384192051514,2.79304468644,2.48336659283,0.954089705963,2.79304468644,0.535054760055,0.530769230769,115,0.0649350649351,0.260371694582,23,23,23,1,0,0.173913043478,0.521739130435,0.304347826087,-17,-0.0335968379447,0.293621407808,-1.47826086957,-2.28421052632,0.625,0.0644254219582,0.119808823083,0.0737116659704,-0.502038243721,0.0658051460133,0.00824790856604,0.494434294879,0.279056461029,0.150101224332,-0.122206139021,-0.107324428277,-0.095215430414,0.293621407808,-0.122206139021,-0.095215430414,0.183442121486,0.0718564621219,-6,-0.00338791643139,-0.0313936432545,-0.173913043478,-0.0869565217391,0.260869565217,69,13,30,394,0.69696969697,0.968058968059,0.031941031941,0.30303030303,0.841463414634,0.69696969697,0.762430939227,0.715921347863,0.665028665029,0.616071428571,53,70,0,23,23,23,1,0,8,0,0.0386050732335,0,0,1,3.88826011686,0,16,NaN,1,ok,2.18974518502,0,23,18,18,0.782608695652,0,7,0,0.0441566087724,0,0,1,3.02777777778,0,16,NaN,1,ok,1.86635802469,0,23,23,23,1,0,4,0,0.00734625330926,0,0,1,3.79304468644,0,16,NaN,1,ok,2.48336659283,0,0,0,0
231,WLNM_dir_neg,0.68806122449,0.617512501819,00:00:02,10,30,31,507298677,fixed,validated_v2,/gpfs/scratch/acw792/wlnm_roleonly_v2_20260910/result_wlnm_dir_neg_roleonly_trophicv2_100x290_train10-90_Apocrita_20260910_011848/ecological_snapshots/Broadstone_Stream_tax_mass_K10_ratio0.3_exp31_seed507298677_threshold0.5_validated_v2.mat,role_only,2,uniform_without_replacement,uniform_remaining_nonlinks,176,0,176,407,198,198,176,22,0,22,0.111111111111,58,140,0.5,0.763157894737,0.414285714286,0.537037037037,29,9,41,131,0.414285714286,0.935714285714,0.0642857142857,0.585714285714,0.763157894737,0.414285714286,0.537037037037,0.761904761905,0.606349206349,0.395161290323,0.428573249982,0.35,99,29,70,0,99,0,29,0,70,23,99,0.195652173913,2.18974518502,8.60869565217,6.6,4.5,4.59979377438,0.534319478842,0.291611769873,4.28989068105,0.996641269334,0.541062801932,2.91445898002,0.677096530713,0.355731225296,1.07629584498,0.491516479791,2.88826011686,2.18974518502,1.07629584498,2.88826011686,0.351612638569,0.458912768647,121,0.0683229813665,0.291765337837,23,23,23,1,0,0.347826086957,0.608695652174,0.0434782608696,23,0.0573122529644,1.72735507246,2.52173913043,2.9,1.8125,1.90381352261,0.754960534826,0.404797601199,1.81452200829,1.43910366175,0.695652173913,1.13687735424,0.901661349912,0.48275862069,0.994915122902,0.575976033395,3,1.82785087719,1.05207398477,3,0.14358974359,0.0779220779221,2,0.00112930547713,0.0901410934744,23,19,19,0.826086956522,0,0.478260869565,0.217391304348,0.217391304348,23,67,0.132411067194,2.37973475565,5.82608695652,5.15384615385,3.52631578947,4.08603134764,0.701333738774,0.380921479559,3.60445486331,1.23735017696,0.632057105775,2.06514457954,0.708930228796,0.393251135626,1.36094315826,0.571888591798,3.64726606539,2.51113806571,1.35236309364,3.64726606539,0.390559163059,0.375,49,0.0276679841897,0.156721679318,23,21,21,0.913043478261,0,0.347826086957,0.478260869565,0.0869565217391,-32,-0.0632411067194,0.189989570624,-2.78260869565,-1.44615384615,-0.973684210526,-0.513762426735,0.167014259933,0.0893097096861,-0.685435817734,0.240708907624,0.0909943038431,-0.849314400488,0.0318336980832,0.0375199103298,0.284647313277,0.0803721120065,0.759005948531,0.321392880686,0.276067248654,0.759005948531,0.03894652449,-0.0839127686473,-72,-0.0406549971767,-0.135043658519,0,-0.130434782609,0.0434782608696,58,9,41,398,0.585858585859,0.977886977887,0.022113022113,0.414141414141,0.865671641791,0.585858585859,0.698795180723,0.65982425757,0.563745563746,0.537037037037,38,70,0,23,23,23,1,0,8,0,0.0386050732335,0,0,1,3.88826011686,0,16,NaN,1,ok,2.18974518502,0,23,19,19,0.826086956522,0,10,0,0.0710059171598,0,0,1,4,0,16,NaN,1,ok,1.82785087719,0,23,21,21,0.913043478261,0,8,0,0.0587152514483,0,0,1,4.64726606539,0,16,NaN,1,ok,2.51113806571,0,0,0,0
232,WLNM_dir_neg,0.839846938776,0.669068944407,00:00:01,10,30,32,507298678,fixed,validated_v2,/gpfs/scratch/acw792/wlnm_roleonly_v2_20260910/result_wlnm_dir_neg_roleonly_trophicv2_100x290_train10-90_Apocrita_20260910_011848/ecological_snapshots/Broadstone_Stream_tax_mass_K10_ratio0.3_exp32_seed507298678_threshold0.5_validated_v2.mat,role_only,2,uniform_without_replacement,uniform_remaining_nonlinks,176,0,176,407,198,198,176,22,0,22,0.111111111111,58,140,0.5,0.775862068966,0.642857142857,0.703125,45,13,25,127,0.642857142857,0.907142857143,0.0928571428571,0.357142857143,0.775862068966,0.642857142857,0.703125,0.819047619048,0.574603174603,0.574626865672,0.579882411886,0.55,99,29,70,0,99,0,29,0,70,23,99,0.195652173913,2.18974518502,8.60869565217,6.6,4.5,4.59979377438,0.534319478842,0.291611769873,4.28989068105,0.996641269334,0.541062801932,2.91445898002,0.677096530713,0.355731225296,1.07629584498,0.491516479791,2.88826011686,2.18974518502,1.07629584498,2.88826011686,0.351612638569,0.458912768647,121,0.0683229813665,0.291765337837,23,23,23,1,0,0.347826086957,0.608695652174,0.0434782608696,23,0.0573122529644,1.70798182998,2.52173913043,2.41666666667,1.8125,1.78043828152,0.706035870259,0.374812593703,1.6016296049,1.27025796251,0.63868065967,1.21421097854,0.962994914011,0.503748125937,0.749697287059,0.438937507355,2,1.81417910448,0.748181671295,2,0.08125,0.1,2,0.00112930547713,0.106156806157,23,20,20,0.869565217391,0,0.347826086957,0.347826086957,0.173913043478,23,87,0.171936758893,7.85143291412,7.5652173913,5.11764705882,4.14285714286,4.81310792577,0.636215415476,0.346326836582,3.60500311107,0.953046799478,0.520739630185,2.74617952368,0.726001483272,0.4027986007,4.73695699873,0.603323883748,12.5259006422,7.85143291412,4.73695699873,12.5259006422,0.411101121101,0.387978142077,71,0.0400903444382,0.170085394469,23,23,23,1,0,0.260869565217,0.652173913043,0.0869565217391,-12,-0.0237154150198,5.6616877291,-1.04347826087,-1.48235294118,-0.357142857143,0.213314151396,0.101895936634,0.0547150667091,-0.684887569976,-0.0435944698557,-0.0203231717475,-0.168279456343,0.0489049525592,0.0470673754032,3.66066115375,0.111807403957,9.63764052534,5.6616877291,3.66066115375,9.63764052534,0.059488482532,-0.0709346265708,-50,-0.0282326369283,-0.121679943368,-0.0869565217391,0.0434782608696,0.0434782608696,74,13,25,394,0.747474747475,0.968058968059,0.031941031941,0.252525252525,0.850574712644,0.747474747475,0.795698924731,0.752277835658,0.715533715534,0.660714285714,58,70,0,23,23,23,1,0,8,0,0.0386050732335,0,0,1,3.88826011686,0,16,NaN,1,ok,2.18974518502,0,23,20,20,0.869565217391,0,8,0,0.0339412360689,0,0,1,3,0,16,NaN,1,ok,1.81417910448,0,23,23,23,1,0,6,0,0.00809238995492,0,0,1,13.5259006422,0,16,NaN,1,ok,7.85143291412,0,0,0,0
233,WLNM_dir_neg,0.87443877551,0.770016111225,00:00:02,10,30,33,507298679,fixed,validated_v2,/gpfs/scratch/acw792/wlnm_roleonly_v2_20260910/result_wlnm_dir_neg_roleonly_trophicv2_100x290_train10-90_Apocrita_20260910_011848/ecological_snapshots/Broadstone_Stream_tax_mass_K10_ratio0.3_exp33_seed507298679_threshold0.5_validated_v2.mat,role_only,2,uniform_without_replacement,uniform_remaining_nonlinks,176,0,176,407,198,198,176,22,0,22,0.111111111111,58,140,0.5,0.826923076923,0.614285714286,0.704918032787,43,9,27,131,0.614285714286,0.935714285714,0.0642857142857,0.385714285714,0.826923076923,0.614285714286,0.704918032787,0.828571428571,0.584126984127,0.587786259542,0.600683236436,0.55,99,29,70,0,99,0,29,0,70,23,99,0.195652173913,2.18974518502,8.60869565217,6.6,4.5,4.59979377438,0.534319478842,0.291611769873,4.28989068105,0.996641269334,0.541062801932,2.91445898002,0.677096530713,0.355731225296,1.07629584498,0.491516479791,2.88826011686,2.18974518502,1.07629584498,2.88826011686,0.351612638569,0.458912768647,121,0.0683229813665,0.291765337837,23,23,23,1,0,0.347826086957,0.608695652174,0.0434782608696,23,0.0573122529644,1.62741545894,2.52173913043,2.9,1.70588235294,1.97414113011,0.782849068836,0.418290854573,1.73774648492,1.37821272942,0.674662668666,1.25108648434,0.992241004823,0.485757121439,0.783177640676,0.481240138389,2.26388888889,1.70687134503,0.818343772417,2.26388888889,0.272222222222,0.344827586207,10,0.00564652738566,0.0857142857143,23,19,19,0.826086956522,0,0.478260869565,0.260869565217,0.173913043478,23,81,0.160079051383,2.61749228968,7.04347826087,4.26315789474,4.5,4.76233576066,0.676134089476,0.377885131508,3.77635665228,1.0722988025,0.550724637681,3.04316768602,0.864109342943,0.44551798175,1.10876647699,0.423598755708,3.24669385021,2.61749228968,1.10876647699,3.24669385021,0.48734043734,0.557692307692,116,0.0654997176736,0.254471795261,23,23,23,1,0,0.173913043478,0.608695652174,0.217391304348,-18,-0.0355731225296,0.42774710466,-1.5652173913,-2.33684210526,0,0.16254198628,0.141814610634,0.0862733616357,-0.513534028768,0.075657533165,0.00966183574879,0.128708705992,0.18701281223,0.0897867564534,0.032470632003,-0.067917724083,0.358433733349,0.42774710466,0.032470632003,0.358433733349,0.135727798771,0.098779539045,-5,-0.00282326369283,-0.0372935425755,-0.173913043478,0,0.173913043478,72,9,27,398,0.727272727273,0.977886977887,0.022113022113,0.272727272727,0.888888888889,0.727272727273,0.8,0.76289595984,0.70515970516,0.666666666667,52,70,0,23,23,23,1,0,8,0,0.0386050732335,0,0,1,3.88826011686,0,16,NaN,1,ok,2.18974518502,0,23,19,19,0.826086956522,0,10,0,0.114695340502,0,0,1,3.26388888889,0,16,NaN,1,ok,1.70687134503,0,23,23,23,1,0,4,0,0.00585025366973,0,0,1,4.24669385021,0,16,NaN,1,ok,2.61749228968,0,0,0,0
234,WLNM_dir_neg,0.857295918367,0.736509405843,00:00:02,10,30,34,507298680,fixed,validated_v2,/gpfs/scratch/acw792/wlnm_roleonly_v2_20260910/result_wlnm_dir_neg_roleonly_trophicv2_100x290_train10-90_Apocrita_20260910_011848/ecological_snapshots/Broadstone_Stream_tax_mass_K10_ratio0.3_exp34_seed507298680_threshold0.5_validated_v2.mat,role_only,2,uniform_without_replacement,uniform_remaining_nonlinks,176,0,176,407,198,198,176,22,0,22,0.111111111111,58,140,0.5,0.791044776119,0.757142857143,0.773722627737,53,14,17,126,0.757142857143,0.9,0.1,0.242857142857,0.791044776119,0.757142857143,0.773722627737,0.852380952381,0.560317460317,0.664259927798,0.664610823103,0.657142857143,99,29,70,0,99,0,29,0,70,23,99,0.195652173913,2.18974518502,8.60869565217,6.6,4.5,4.59979377438,0.534319478842,0.291611769873,4.28989068105,0.996641269334,0.541062801932,2.91445898002,0.677096530713,0.355731225296,1.07629584498,0.491516479791,2.88826011686,2.18974518502,1.07629584498,2.88826011686,0.351612638569,0.458912768647,121,0.0683229813665,0.291765337837,23,23,23,1,0,0.347826086957,0.608695652174,0.0434782608696,23,0.0573122529644,1.91304347826,2.52173913043,2.23076923077,2.07142857143,1.97414113011,0.782849068836,0.430284857571,1.45281517639,1.15223272611,0.599700149925,1.62976270733,1.29257042306,0.614692653673,0.951052135632,0.49714088908,2.625,2.16666666667,0.925867372876,2.625,0.184444444444,0.172413793103,5,0.00282326369283,0.160592185592,23,18,18,0.782608695652,0,0.217391304348,0.391304347826,0.173913043478,23,96,0.189723320158,1,8.34782608696,4.8,4.17391304348,5.16640103019,0.618891790075,0.340126811594,4.16317376652,0.99742704823,0.526268115942,3.49872930067,0.838237228286,0.427536231884,0,0,0,73.1530487325,30.9244008218,90.6254989037,0.529298479298,0.53125,136,0.0767927724449,0.237449604489,23,23,23,1,0,0.130434782609,0.869565217391,0,-3,-0.00592885375494,-1.18974518502,-0.260869565217,-1.8,-0.326086956522,0.566607255812,0.084572311233,0.0485150417216,-0.126716914523,0.000785778895588,-0.0147946859903,0.584270320646,0.161140697573,0.0718050065876,-1.07629584498,-0.491516479791,-2.88826011686,70.9633035475,29.8481049768,87.7372387868,0.177685840729,0.0723372313527,15,0.00846979107849,-0.0543157333477,-0.217391304348,0.260869565217,-0.0434782608696,82,14,17,393,0.828282828283,0.965601965602,0.034398034398,0.171717171717,0.854166666667,0.828282828283,0.841025641026,0.803238914476,0.793884793885,0.725663716814,67,70,0,23,23,23,1,0,8,0,0.0386050732335,0,0,1,3.88826011686,0,16,NaN,1,ok,2.18974518502,0,23,18,18,0.782608695652,0,5,0,0.0261627906977,0,0,1,3.625,0,16,NaN,1,ok,2.16666666667,0,23,23,23,1,0,3,0,0.000268168038712,0,0,1,91.6254989037,1,16,NaN,1,ok,NaN,3,0,0,0
235,WLNM_dir_neg,0.707959183673,0.538238586793,00:00:01,10,30,35,507298681,fixed,validated_v2,/gpfs/scratch/acw792/wlnm_roleonly_v2_20260910/result_wlnm_dir_neg_roleonly_trophicv2_100x290_train10-90_Apocrita_20260910_011848/ecological_snapshots/Broadstone_Stream_tax_mass_K10_ratio0.3_exp35_seed507298681_threshold0.5_validated_v2.mat,role_only,2,uniform_without_replacement,uniform_remaining_nonlinks,176,0,176,407,198,198,176,22,0,22,0.111111111111,58,140,0.5,0.619047619048,0.371428571429,0.464285714286,26,16,44,124,0.371428571429,0.885714285714,0.114285714286,0.628571428571,0.619047619048,0.371428571429,0.464285714286,0.714285714286,0.6,0.285714285714,0.303045763366,0.257142857143,99,29,70,0,99,0,29,0,70,23,99,0.195652173913,2.18974518502,8.60869565217,6.6,4.5,4.59979377438,0.534319478842,0.291611769873,4.28989068105,0.996641269334,0.541062801932,2.91445898002,0.677096530713,0.355731225296,1.07629584498,0.491516479791,2.88826011686,2.18974518502,1.07629584498,2.88826011686,0.351612638569,0.458912768647,121,0.0683229813665,0.291765337837,23,23,23,1,0,0.347826086957,0.608695652174,0.0434782608696,23,0.0573122529644,1.87826086957,2.52173913043,2.23076923077,1.70588235294,1.59172762681,0.631202334769,0.344827586207,1.54382615909,1.22441385031,0.620689655172,1.13687735424,0.901661349912,0.440779610195,0.915488856186,0.487413048432,2.83333333333,2.01052631579,0.936227682116,2.83333333333,0.135555555556,0.0833333333333,2,0.00112930547713,0.0967338217338,23,19,19,0.826086956522,0,0.391304347826,0.347826086957,0.217391304348,23,71,0.140316205534,1,6.17391304348,3.38095238095,3.08695652174,3.8688989967,0.626652654395,0.332516840171,3.28789852031,1.06509388686,0.516840171464,2.82702933513,0.915798235322,0.374770361298,0,0,0,NaN,NaN,NaN,0.38464820204,0.29375,47,0.0265386787126,0.26914301481,23,23,0,1,7,0.0869565217391,0.913043478261,0,-28,-0.0553359683794,-1.18974518502,-2.4347826087,-3.21904761905,-1.41304347826,-0.73089477768,0.0923331755527,0.0409050702988,-1.00199216074,0.068452617526,-0.0242226304688,-0.0874296448989,0.23870170461,0.0190391360018,-1.07629584498,-0.491516479791,-2.88826011686,NaN,NaN,NaN,0.0330355634703,-0.165162768647,-74,-0.0417843026539,-0.0226223230265,-0.260869565217,0.304347826087,-0.0434782608696,55,16,44,391,0.555555555556,0.960687960688,0.039312039312,0.444444444444,0.774647887324,0.555555555556,0.647058823529,0.589651773699,0.516243516244,0.478260869565,42,70,0,23,23,23,1,0,8,0,0.0386050732335,0,0,1,3.88826011686,0,16,NaN,1,ok,2.18974518502,0,23,19,19,0.826086956522,0,7,0,0.0239186764999,0,0,1,3.83333333333,0,16,NaN,1,ok,2.01052631579,0,23,23,0,1,7,2,14,NaN,NaN,NaN,NaN,NaN,0,0,NaN,0,basal_unreachable_in_lcc,NaN,2,0,0,0
236,WLNM_dir_neg,0.833520408163,0.685225955228,00:00:01,10,30,36,507298682,fixed,validated_v2,/gpfs/scratch/acw792/wlnm_roleonly_v2_20260910/result_wlnm_dir_neg_roleonly_trophicv2_100x290_train10-90_Apocrita_20260910_011848/ecological_snapshots/Broadstone_Stream_tax_mass_K10_ratio0.3_exp36_seed507298682_threshold0.5_validated_v2.mat,role_only,2,uniform_without_replacement,uniform_remaining_nonlinks,176,0,176,407,198,198,176,22,0,22,0.111111111111,58,140,0.5,0.851063829787,0.571428571429,0.683760683761,40,7,30,133,0.571428571429,0.95,0.05,0.428571428571,0.851063829787,0.571428571429,0.683760683761,0.82380952381,0.592063492063,0.568093385214,0.589746172714,0.521428571429,99,29,70,0,99,0,29,0,70,23,99,0.195652173913,2.18974518502,8.60869565217,6.6,4.5,4.59979377438,0.534319478842,0.291611769873,4.28989068105,0.996641269334,0.541062801932,2.91445898002,0.677096530713,0.355731225296,1.07629584498,0.491516479791,2.88826011686,2.18974518502,1.07629584498,2.88826011686,0.351612638569,0.458912768647,121,0.0683229813665,0.291765337837,23,23,23,1,0,0.347826086957,0.608695652174,0.0434782608696,23,0.0573122529644,1.7525083612,2.52173913043,2.63636363636,2.07142857143,1.9970333729,0.791927027186,0.424287856072,1.54382615909,1.22441385031,0.623688155922,1.42118360737,1.12714561964,0.545727136432,0.891567851516,0.508738144281,2.80769230769,1.86538461538,0.904201411792,2.80769230769,0.24,0.230769230769,6,0.00338791643139,0.118225108225,23,20,20,0.869565217391,0,0.391304347826,0.217391304348,0.260869565217,23,76,0.150197628458,2.15483155391,6.60869565217,5.84615384615,4,4.07586165385,0.616742223938,0.344393592677,3.81902870337,1.15575868655,0.604118993135,2.45754464694,0.743730616837,0.405034324943,1.10265197901,0.511711450025,2.8,2.26481551143,1.09149468128,2.8,0.395509516938,0.407766990291,70,0.0395256916996,0.210860080091,23,21,21,0.913043478261,0,0.347826086957,0.478260869565,0.0869565217391,-23,-0.0454545454545,-0.0349136311123,-2,-0.753846153846,-0.5,-0.523932120525,0.0824227450964,0.0527818228047,-0.470861977679,0.159117417212,0.0630561912026,-0.456914333085,0.0666340861241,0.0493030996463,0.0263561340284,0.0201949702335,-0.0882601168578,0.0750703264032,0.0151988362922,-0.0882601168578,0.0438968783689,-0.051145778356,-51,-0.0287972896669,-0.0809052577459,0,-0.130434782609,0.0434782608696,69,7,30,400,0.69696969697,0.982800982801,0.017199017199,0.30303030303,0.907894736842,0.69696969697,0.788571428571,0.754807499329,0.679770679771,0.650943396226,47,70,0,23,23,23,1,0,8,0,0.0386050732335,0,0,1,3.88826011686,0,16,NaN,1,ok,2.18974518502,0,23,20,20,0.869565217391,0,9,0,0.0489127878721,0,0,1,3.80769230769,0,16,NaN,1,ok,1.86538461538,0,23,21,21,0.913043478261,0,8,0,0.0392972228321,0,0,1,3.8,0,16,NaN,1,ok,2.26481551143,0,0,0,0
237,WLNM_dir_neg,0.746479591837,0.594917058922,00:00:01,10,30,37,507298683,fixed,validated_v2,/gpfs/scratch/acw792/wlnm_roleonly_v2_20260910/result_wlnm_dir_neg_roleonly_trophicv2_100x290_train10-90_Apocrita_20260910_011848/ecological_snapshots/Broadstone_Stream_tax_mass_K10_ratio0.3_exp37_seed507298683_threshold0.5_validated_v2.mat,role_only,2,uniform_without_replacement,uniform_remaining_nonlinks,176,0,176,407,198,198,176,22,0,22,0.111111111111,58,140,0.5,0.756097560976,0.442857142857,0.558558558559,31,10,39,130,0.442857142857,0.928571428571,0.0714285714286,0.557142857143,0.756097560976,0.442857142857,0.558558558559,0.766666666667,0.601587301587,0.414342629482,0.441726104299,0.371428571429,99,29,70,0,99,0,29,0,70,23,99,0.195652173913,2.18974518502,8.60869565217,6.6,4.5,4.59979377438,0.534319478842,0.291611769873,4.28989068105,0.996641269334,0.541062801932,2.91445898002,0.677096530713,0.355731225296,1.07629584498,0.491516479791,2.88826011686,2.18974518502,1.07629584498,2.88826011686,0.351612638569,0.458912768647,121,0.0683229813665,0.291765337837,23,23,23,1,0,0.347826086957,0.608695652174,0.0434782608696,23,0.0573122529644,1.77453416149,2.52173913043,2.41666666667,2.07142857143,2.15046644448,0.852771176261,0.446776611694,1.91210001888,1.51649311842,0.686656671664,1.35570817805,1.07521683087,0.55772113943,0.88266869045,0.497408677503,2.75,1.93412698413,0.914953654241,2.75,0.161904761905,0.141176470588,4,0.00225861095426,0.0998075998076,23,18,18,0.782608695652,0,0.347826086957,0.260869565217,0.260869565217,23,70,0.138339920949,2.46223355194,6.08695652174,4.375,3.33333333333,3.44980952673,0.566754422249,0.309937888199,3.41757836739,1.12291860643,0.581366459627,2.32532032729,0.764033821824,0.417391304348,1.22931488946,0.499268190253,3.80928835172,2.46223355194,1.22931488946,3.80928835172,0.438041125541,0.4125,55,0.0310559006211,0.162039106727,23,23,23,1,0,0.304347826087,0.608695652174,0.0869565217391,-29,-0.0573122529644,0.272488366915,-2.52173913043,-2.225,-1.16666666667,-1.14998424764,0.0324349434075,0.0183261183261,-0.87231231366,0.126277337093,0.040303657695,-0.589138652735,0.086937291111,0.0616600790514,0.153019044474,0.00775171046168,0.921028234861,0.272488366915,0.153019044474,0.921028234861,0.086428486972,-0.0464127686473,-66,-0.0372670807453,-0.12972623111,-0.0434782608696,0,0.0434782608696,60,10,39,397,0.606060606061,0.97542997543,0.02457002457,0.393939393939,0.857142857143,0.606060606061,0.710059171598,0.668136537427,0.581490581491,0.550458715596,41,70,0,23,23,23,1,0,8,0,0.0386050732335,0,0,1,3.88826011686,0,16,NaN,1,ok,2.18974518502,0,23,18,18,0.782608695652,0,7,0,0.0391236306729,0,0,1,3.75,0,16,NaN,1,ok,1.93412698413,0,23,23,23,1,0,7,0,0.0160443924857,0,0,1,4.80928835172,0,16,NaN,1,ok,2.46223355194,0,0,0,0
238,WLNM_dir_neg,0.858979591837,0.725115762589,00:00:01,10,30,38,507298684,fixed,validated_v2,/gpfs/scratch/acw792/wlnm_roleonly_v2_20260910/result_wlnm_dir_neg_roleonly_trophicv2_100x290_train10-90_Apocrita_20260910_011848/ecological_snapshots/Broadstone_Stream_tax_mass_K10_ratio0.3_exp38_seed507298684_threshold0.5_validated_v2.mat,role_only,2,uniform_without_replacement,uniform_remaining_nonlinks,176,0,176,407,198,198,176,22,0,22,0.111111111111,58,140,0.5,0.86,0.614285714286,0.716666666667,43,7,27,133,0.614285714286,0.95,0.05,0.385714285714,0.86,0.614285714286,0.716666666667,0.838095238095,0.587301587302,0.607692307692,0.624549837883,0.564285714286,99,29,70,0,99,0,29,0,70,23,99,0.195652173913,2.18974518502,8.60869565217,6.6,4.5,4.59979377438,0.534319478842,0.291611769873,4.28989068105,0.996641269334,0.541062801932,2.91445898002,0.677096530713,0.355731225296,1.07629584498,0.491516479791,2.88826011686,2.18974518502,1.07629584498,2.88826011686,0.351612638569,0.458912768647,121,0.0683229813665,0.291765337837,23,23,23,1,0,0.347826086957,0.608695652174,0.0434782608696,23,0.0573122529644,1.91168478261,2.52173913043,2.07142857143,1.8125,1.30973853107,0.519379072665,0.284857571214,1.38883179505,1.10148728573,0.572713643178,1.13687735424,0.901661349912,0.47976011994,0.885521771643,0.46321536882,2.59375,1.953125,0.88323874297,2.59375,0.149019607843,0.190476190476,4,0.00225861095426,0.0774725274725,23,22,22,0.95652173913,0,0.347826086957,0.347826086957,0.260869565217,23,79,0.156126482213,1,6.86956521739,4.9375,3.95,4.32018884084,0.628888248984,0.343423225096,3.50098800284,1.01927498817,0.548156301596,2.31253672121,0.673270184657,0.369840396258,0,0,0,15.5438926247,11.1561274332,28.5390650794,0.378822235965,0.38064516129,59,0.0333145115754,0.152971010471,23,22,22,0.95652173913,0,0.260869565217,0.608695652174,0.0869565217391,-20,-0.0395256916996,-1.18974518502,-1.73913043478,-1.6625,-0.55,-0.279604933533,0.0945687701418,0.0518114552237,-0.788902678205,0.0226337188351,0.00709349966367,-0.601922258812,-0.00382634605593,0.0141091709611,-1.07629584498,-0.491516479791,-2.88826011686,13.3541474397,10.0798315882,25.6508049626,0.0272095973959,-0.078267607357,-62,-0.0350084697911,-0.138794327366,-0.0869565217391,0,0.0434782608696,72,7,27,400,0.727272727273,0.982800982801,0.017199017199,0.272727272727,0.911392405063,0.727272727273,0.808988764045,0.776051874548,0.710073710074,0.679245283019,50,70,0,23,23,23,1,0,8,0,0.0386050732335,0,0,1,3.88826011686,0,16,NaN,1,ok,2.18974518502,0,23,22,22,0.95652173913,0,8,0,0.0296296296296,0,0,1,3.59375,0,16,NaN,1,ok,1.953125,0,23,22,22,0.95652173913,0,6,0,0.0048260539482,0,0,1,29.5390650794,1,16,NaN,1,ok,NaN,3,0,0,0
239,WLNM_dir_neg,0.840510204082,0.670606627584,00:00:01,10,30,39,507298685,fixed,validated_v2,/gpfs/scratch/acw792/wlnm_roleonly_v2_20260910/result_wlnm_dir_neg_roleonly_trophicv2_100x290_train10-90_Apocrita_20260910_011848/ecological_snapshots/Broadstone_Stream_tax_mass_K10_ratio0.3_exp39_seed507298685_threshold0.5_validated_v2.mat,role_only,2,uniform_without_replacement,uniform_remaining_nonlinks,176,0,176,407,198,198,176,22,0,22,0.111111111111,58,140,0.5,0.727272727273,0.571428571429,0.64,40,15,30,125,0.571428571429,0.892857142857,0.107142857143,0.428571428571,0.727272727273,0.571428571429,0.64,0.785714285714,0.579365079365,0.490566037736,0.497795727694,0.464285714286,99,29,70,0,99,0,29,0,70,23,99,0.195652173913,2.18974518502,8.60869565217,6.6,4.5,4.59979377438,0.534319478842,0.291611769873,4.28989068105,0.996641269334,0.541062801932,2.91445898002,0.677096530713,0.355731225296,1.07629584498,0.491516479791,2.88826011686,2.18974518502,1.07629584498,2.88826011686,0.351612638569,0.458912768647,121,0.0683229813665,0.291765337837,23,23,23,1,0,0.347826086957,0.608695652174,0.0434782608696,23,0.0573122529644,1.89367588933,2.52173913043,2.41666666667,1.70588235294,1.95098029479,0.773664599659,0.415292353823,1.6016296049,1.27025796251,0.629685157421,1.17617992224,0.932832352123,0.473763118441,1.07411386978,0.567211039564,3.25757575758,1.97878787879,1.08702380516,3.25757575758,0.161538461538,0.134328358209,3,0.0016939582157,0.0818542568543,23,21,21,0.913043478261,0,0.391304347826,0.347826086957,0.173913043478,23,84,0.166007905138,3.05092773682,7.30434782609,6,3.81818181818,4.81885296243,0.659723917475,0.364906832298,4.22770833745,1.15758680668,0.605590062112,2.03623305623,0.557540003492,0.308488612836,1.73249366642,0.567857981527,4.20252946244,3.05092773682,1.73249366642,4.20252946244,0.406696636697,0.445544554455,90,0.0508187464709,0.161740442098,23,23,23,1,0,0.391304347826,0.565217391304,0.0434782608696,-15,-0.0296442687747,0.861182551795,-1.30434782609,-0.6,-0.681818181818,0.219059188053,0.125404438634,0.0732950624255,-0.0621823435952,0.160945537349,0.0645272601794,-0.878225923793,-0.119556527221,-0.04724261246,0.656197821433,0.076341501736,1.31426934559,0.861182551795,0.656197821433,1.31426934559,0.0550839981275,-0.0133682141918,-31,-0.0175042348955,-0.130024895739,0.0434782608696,-0.0434782608696,0,69,15,30,392,0.69696969697,0.963144963145,0.036855036855,0.30303030303,0.821428571429,0.69696969697,0.754098360656,0.70378225309,0.660114660115,0.605263157895,55,70,0,23,23,23,1,0,8,0,0.0386050732335,0,0,1,3.88826011686,0,16,NaN,1,ok,2.18974518502,0,23,21,21,0.913043478261,0,9,0,0.0404486118772,0,0,1,4.25757575758,0,16,NaN,1,ok,1.97878787879,0,23,23,23,1,0,9,0,0.0299468519286,0,0,1,5.20252946244,0,16,NaN,1,ok,3.05092773682,0,0,0,0
240,WLNM_dir_neg,0.722193877551,0.538969387854,00:00:01,10,30,40,507298686,fixed,validated_v2,/gpfs/scratch/acw792/wlnm_roleonly_v2_20260910/result_wlnm_dir_neg_roleonly_trophicv2_100x290_train10-90_Apocrita_20260910_011848/ecological_snapshots/Broadstone_Stream_tax_mass_K10_ratio0.3_exp40_seed507298686_threshold0.5_validated_v2.mat,role_only,2,uniform_without_replacement,uniform_remaining_nonlinks,176,0,176,407,198,198,176,22,0,22,0.111111111111,58,140,0.5,0.791666666667,0.542857142857,0.64406779661,38,10,32,130,0.542857142857,0.928571428571,0.0714285714286,0.457142857143,0.791666666667,0.542857142857,0.64406779661,0.8,0.590476190476,0.511627906977,0.529237746757,0.471428571429,99,29,70,0,99,0,29,0,70,23,99,0.195652173913,2.18974518502,8.60869565217,6.6,4.5,4.59979377438,0.534319478842,0.291611769873,4.28989068105,0.996641269334,0.541062801932,2.91445898002,0.677096530713,0.355731225296,1.07629584498,0.491516479791,2.88826011686,2.18974518502,1.07629584498,2.88826011686,0.351612638569,0.458912768647,121,0.0683229813665,0.291765337837,23,23,23,1,0,0.347826086957,0.608695652174,0.0434782608696,23,0.0573122529644,1.94363929147,2.52173913043,2.07142857143,1.8125,1.47307857031,0.584151846847,0.319340329835,1.25108648434,0.992241004823,0.530734632684,1.25108648434,0.992241004823,0.503748125937,0.902368304977,0.464267371492,2.75925925926,2.03350970018,0.893403255809,2.75925925926,0.0529411764706,0.0882352941176,2,0.00112930547713,0.0783882783883,23,21,21,0.913043478261,0,0.304347826087,0.391304347826,0.217391304348,23,77,0.152173913043,2.71008584153,6.69565217391,5.13333333333,3.5,3.72259419087,0.555971859675,0.30717108978,3.47207948762,1.03711465215,0.55110107284,2.08039977915,0.621418115851,0.343308865048,1.42256860073,0.52491643583,4.43314195631,2.71008584153,1.42256860073,4.43314195631,0.370616949188,0.382716049383,62,0.0350084697911,0.147080855652,23,23,23,1,0,0.347826086957,0.608695652174,0.0434782608696,-22,-0.0434782608696,0.520340656507,-1.91304347826,-1.46666666667,-1,-0.877199583509,0.0216523808333,0.0155593199071,-0.817811193423,0.0404733828132,0.0100382709078,-0.83405920087,-0.0556784148614,-0.0124223602484,0.346272755748,0.0333999560392,1.54488183945,0.520340656507,0.346272755748,1.54488183945,0.0190043106192,-0.0761967192646,-59,-0.0333145115754,-0.144684482184,0,0,0,67,10,32,397,0.676767676768,0.97542997543,0.02457002457,0.323232323232,0.87012987013,0.676767676768,0.761363636364,0.720310962352,0.652197652198,0.614678899083,48,70,0,23,23,23,1,0,8,0,0.0386050732335,0,0,1,3.88826011686,0,16,NaN,1,ok,2.18974518502,0,23,21,21,0.913043478261,0,7,0,0.0324812030075,0,0,1,3.75925925926,0,16,NaN,1,ok,2.03350970018,0,23,23,23,1,0,8,0,0.0415524180926,0,0,1,5.43314195631,0,16,NaN,1,ok,2.71008584153,0,0,0,0
241,WLNM_dir_neg,0.766326530612,0.684206646853,00:00:01,10,30,41,507298687,fixed,validated_v2,/gpfs/scratch/acw792/wlnm_roleonly_v2_20260910/result_wlnm_dir_neg_roleonly_trophicv2_100x290_train10-90_Apocrita_20260910_011848/ecological_snapshots/Broadstone_Stream_tax_mass_K10_ratio0.3_exp41_seed507298687_threshold0.5_validated_v2.mat,role_only,2,uniform_without_replacement,uniform_remaining_nonlinks,176,0,176,407,198,198,176,22,0,22,0.111111111111,58,140,0.5,0.791666666667,0.542857142857,0.64406779661,38,10,32,130,0.542857142857,0.928571428571,0.0714285714286,0.457142857143,0.791666666667,0.542857142857,0.64406779661,0.8,0.590476190476,0.511627906977,0.529237746757,0.471428571429,99,29,70,0,99,0,29,0,70,23,99,0.195652173913,2.18974518502,8.60869565217,6.6,4.5,4.59979377438,0.534319478842,0.291611769873,4.28989068105,0.996641269334,0.541062801932,2.91445898002,0.677096530713,0.355731225296,1.07629584498,0.491516479791,2.88826011686,2.18974518502,1.07629584498,2.88826011686,0.351612638569,0.458912768647,121,0.0683229813665,0.291765337837,23,23,23,1,0,0.347826086957,0.608695652174,0.0434782608696,23,0.0573122529644,1.89266304348,2.52173913043,2.23076923077,1.8125,1.59172762681,0.631202334769,0.328335832084,1.45281517639,1.15223272611,0.599700149925,1.00983307821,0.800902096512,0.428785607196,0.954059530997,0.50408314057,2.5625,1.97767857143,0.956022381873,2.5625,0.14417989418,0.125,3,0.0016939582157,0.0565323565324,23,21,21,0.913043478261,0,0.347826086957,0.347826086957,0.217391304348,23,77,0.152173913043,2.44714243647,6.69565217391,4.27777777778,3.34782608696,3.7103636505,0.55414522053,0.29926595144,3.90347974892,1.16597447046,0.586109542631,1.72175110788,0.514289291963,0.274421230943,1.13180323287,0.462499941156,3.95617330018,2.44714243647,1.13180323287,3.95617330018,0.272690835734,0.298728813559,47,0.0265386787126,0.169815207647,23,23,23,1,0,0.217391304348,0.782608695652,0,-22,-0.0434782608696,0.25739725144,-1.91304347826,-2.32222222222,-1.15217391304,-0.889430123874,0.0198257416879,0.00765418156723,-0.386410932131,0.169333201121,0.0450467406989,-1.19270787215,-0.16280723875,-0.0813099943535,0.055507387883,-0.029016538635,1.06791318332,0.25739725144,0.055507387883,1.06791318332,-0.0789218028348,-0.160183955088,-74,-0.0417843026539,-0.12195013019,-0.130434782609,0.173913043478,-0.0434782608696,67,10,32,397,0.676767676768,0.97542997543,0.02457002457,0.323232323232,0.87012987013,0.676767676768,0.761363636364,0.720310962352,0.652197652198,0.614678899083,48,70,0,23,23,23,1,0,8,0,0.0386050732335,0,0,1,3.88826011686,0,16,NaN,1,ok,2.18974518502,0,23,21,21,0.913043478261,0,8,0,0.0600375234522,0,0,1,3.5625,0,16,NaN,1,ok,1.97767857143,0,23,23,23,1,0,5,0,0.0114287902113,0,0,1,4.95617330018,0,16,NaN,1,ok,2.44714243647,0,0,0,0
242,WLNM_dir_neg,0.792959183673,0.674238297438,00:00:03,10,30,42,507298688,fixed,validated_v2,/gpfs/scratch/acw792/wlnm_roleonly_v2_20260910/result_wlnm_dir_neg_roleonly_trophicv2_100x290_train10-90_Apocrita_20260910_011848/ecological_snapshots/Broadstone_Stream_tax_mass_K10_ratio0.3_exp42_seed507298688_threshold0.5_validated_v2.mat,role_only,2,uniform_without_replacement,uniform_remaining_nonlinks,176,0,176,407,198,198,176,22,0,22,0.111111111111,58,140,0.5,0.822222222222,0.528571428571,0.64347826087,37,8,33,132,0.528571428571,0.942857142857,0.0571428571429,0.471428571429,0.822222222222,0.528571428571,0.64347826087,0.804761904762,0.595238095238,0.517647058824,0.541602560309,0.471428571429,99,29,70,0,99,0,29,0,70,23,99,0.195652173913,2.18974518502,8.60869565217,6.6,4.5,4.59979377438,0.534319478842,0.291611769873,4.28989068105,0.996641269334,0.541062801932,2.91445898002,0.677096530713,0.355731225296,1.07629584498,0.491516479791,2.88826011686,2.18974518502,1.07629584498,2.88826011686,0.351612638569,0.458912768647,121,0.0683229813665,0.291765337837,23,23,23,1,0,0.347826086957,0.608695652174,0.0434782608696,23,0.0573122529644,1.80797101449,2.52173913043,2.23076923077,2.23076923077,1.97414113011,0.782849068836,0.409295352324,1.51409712984,1.2008356547,0.611694152924,1.54382615909,1.22441385031,0.608695652174,0.816741950229,0.451745046619,2.4,1.92543859649,0.830594915846,2.4,0.162414965986,0.137931034483,4,0.00225861095426,0.125137362637,23,19,19,0.826086956522,0,0.347826086957,0.217391304348,0.347826086957,23,74,0.146245059289,1,6.4347826087,4.93333333333,3.89473684211,4.04324450002,0.628342050679,0.340188014101,3.57969680965,1.11260846786,0.586368977673,2.37327012099,0.737638010579,0.404230317274,0,0,0,NaN,NaN,NaN,0.384510727368,0.399168399168,64,0.0361377752682,0.176294010223,23,23,0,1,7,0.347826086957,0.478260869565,0.173913043478,-25,-0.0494071146245,-1.18974518502,-2.17391304348,-1.66666666667,-0.605263157895,-0.556549274355,0.0940225718373,0.0485762442284,-0.710193871398,0.11596719853,0.045306175741,-0.541188859032,0.0605414798659,0.0484990919774,-1.07629584498,-0.491516479791,-2.88826011686,NaN,NaN,NaN,0.0328980887987,-0.0597443694789,-57,-0.0321852060982,-0.115471327614,0,-0.130434782609,0.130434782609,66,8,33,399,0.666666666667,0.980343980344,0.019656019656,0.333333333333,0.891891891892,0.666666666667,0.763005780347,0.726387724024,0.647010647011,0.616822429907,45,70,0,23,23,23,1,0,8,0,0.0386050732335,0,0,1,3.88826011686,0,16,NaN,1,ok,2.18974518502,0,23,19,19,0.826086956522,0,7,0,0.03367003367,0,0,1,3.4,0,16,NaN,1,ok,1.92543859649,0,23,23,0,1,7,8,3,NaN,NaN,NaN,NaN,NaN,0,0,NaN,0,basal_unreachable_in_lcc,NaN,2,0,0,0
243,WLNM_dir_neg,0.746173469388,0.613935844158,00:00:02,10,30,43,507298689,fixed,validated_v2,/gpfs/scratch/acw792/wlnm_roleonly_v2_20260910/result_wlnm_dir_neg_roleonly_trophicv2_100x290_train10-90_Apocrita_20260910_011848/ecological_snapshots/Broadstone_Stream_tax_mass_K10_ratio0.3_exp43_seed507298689_threshold0.5_validated_v2.mat,role_only,2,uniform_without_replacement,uniform_remaining_nonlinks,176,0,176,407,198,198,176,22,0,22,0.111111111111,58,140,0.5,0.706896551724,0.585714285714,0.640625,41,17,29,123,0.585714285714,0.878571428571,0.121428571429,0.414285714286,0.706896551724,0.585714285714,0.640625,0.780952380952,0.574603174603,0.485074626866,0.489511126917,0.464285714286,99,29,70,0,99,0,29,0,70,23,99,0.195652173913,2.18974518502,8.60869565217,6.6,4.5,4.59979377438,0.534319478842,0.291611769873,4.28989068105,0.996641269334,0.541062801932,2.91445898002,0.677096530713,0.355731225296,1.07629584498,0.491516479791,2.88826011686,2.18974518502,1.07629584498,2.88826011686,0.351612638569,0.458912768647,121,0.0683229813665,0.291765337837,23,23,23,1,0,0.347826086957,0.608695652174,0.0434782608696,23,0.0573122529644,2.09565217391,2.52173913043,2.07142857143,1.70588235294,1.85544812567,0.735781153281,0.3988005997,1.42118360737,1.12714561964,0.578710644678,1.35570817805,1.07521683087,0.494752623688,1.17220780847,0.559352273753,4,2.2,1.17473401245,4,0.240476190476,0.162162162162,4,0.00225861095426,0.104408686552,23,21,21,0.913043478261,0,0.304347826087,0.434782608696,0.173913043478,23,87,0.171936758893,4.46091219396,7.5652173913,5.11764705882,3.78260869565,4.18684180126,0.553433111661,0.303848075962,3.26073781025,0.862034133744,0.47676161919,2.72957741883,0.721612421069,0.375812093953,2.251774937,0.504779031529,6.09604474926,4.46091219396,2.251774937,6.09604474926,0.334638308551,0.412935323383,83,0.046866177301,0.173472207939,23,23,23,1,0,0.260869565217,0.739130434783,0,-12,-0.0237154150198,2.27116700894,-1.04347826087,-1.48235294118,-0.717391304348,-0.412951973118,0.019113632819,0.0122363060894,-1.0291528708,-0.13460713559,-0.064301182742,-0.184881561196,0.0445158903567,0.0200808686566,1.17547909202,0.0132625517378,3.20778463241,2.27116700894,1.17547909202,3.20778463241,-0.0169743300178,-0.0459774452642,-38,-0.0214568040655,-0.118293129898,-0.0869565217391,0.130434782609,-0.0434782608696,70,17,29,390,0.707070707071,0.958230958231,0.041769041769,0.292929292929,0.804597701149,0.707070707071,0.752688172043,0.699466266883,0.665301665302,0.603448275862,58,70,0,23,23,23,1,0,8,0,0.0386050732335,0,0,1,3.88826011686,0,16,NaN,1,ok,2.18974518502,0,23,21,21,0.913043478261,0,7,0,0.0231066142683,0,0,1,5,0,16,NaN,1,ok,2.2,0,23,23,23,1,0,6,0,0.0194811130827,0,0,1,7.09604474926,0,16,NaN,1,ok,4.46091219396,0,0,0,0
244,WLNM_dir_neg,0.716224489796,0.615065888099,00:00:01,10,30,44,507298690,fixed,validated_v2,/gpfs/scratch/acw792/wlnm_roleonly_v2_20260910/result_wlnm_dir_neg_roleonly_trophicv2_100x290_train10-90_Apocrita_20260910_011848/ecological_snapshots/Broadstone_Stream_tax_mass_K10_ratio0.3_exp44_seed507298690_threshold0.5_validated_v2.mat,role_only,2,uniform_without_replacement,uniform_remaining_nonlinks,176,0,176,407,198,198,176,22,0,22,0.111111111111,58,140,0.5,0.809523809524,0.485714285714,0.607142857143,34,8,36,132,0.485714285714,0.942857142857,0.0571428571429,0.514285714286,0.809523809524,0.485714285714,0.607142857143,0.790476190476,0.6,0.47619047619,0.505076272276,0.428571428571,99,29,70,0,99,0,29,0,70,23,99,0.195652173913,2.18974518502,8.60869565217,6.6,4.5,4.59979377438,0.534319478842,0.291611769873,4.28989068105,0.996641269334,0.541062801932,2.91445898002,0.677096530713,0.355731225296,1.07629584498,0.491516479791,2.88826011686,2.18974518502,1.07629584498,2.88826011686,0.351612638569,0.458912768647,121,0.0683229813665,0.291765337837,23,23,23,1,0,0.347826086957,0.608695652174,0.0434782608696,23,0.0573122529644,1.74154589372,2.52173913043,2.63636363636,1.61111111111,1.62003269376,0.642426757871,0.352323838081,1.62976270733,1.29257042306,0.653673163418,0.91539317456,0.726001483272,0.386806596702,0.932179526064,0.535259811083,2.86666666667,1.81216931217,0.946376486315,2.86666666667,0.175,0.179104477612,4,0.00225861095426,0.0485714285714,23,21,21,0.913043478261,0,0.434782608696,0.347826086957,0.130434782609,23,71,0.140316205534,3.27333187556,6.17391304348,4.4375,3.55,3.82161524529,0.618994018603,0.3447642376,3.44980952673,1.1175439312,0.585425597061,1.9285662003,0.62474679728,0.344151867728,1.73934645851,0.531368808492,4.31080754618,3.37666514263,1.70648937371,4.31080754618,0.307671957672,0.364485981308,52,0.0293619424054,0.142199027824,23,22,22,0.95652173913,0,0.260869565217,0.608695652174,0.0869565217391,-28,-0.0553359683794,1.08358669053,-2.4347826087,-2.1625,-0.95,-0.778178529091,0.0846745397609,0.0531524677269,-0.840081154312,0.120902661862,0.0443627951283,-0.985892779726,-0.052349733433,-0.0115793575683,0.663050613531,0.0398523287004,1.42254742932,1.18691995761,0.630193528724,1.42254742932,-0.0439406808972,-0.0944267873389,-69,-0.038961038961,-0.149566310013,-0.0869565217391,0,0.0434782608696,63,8,36,399,0.636363636364,0.980343980344,0.019656019656,0.363636363636,0.887323943662,0.636363636364,0.741176470588,0.70440156361,0.616707616708,0.588785046729,42,70,0,23,23,23,1,0,8,0,0.0386050732335,0,0,1,3.88826011686,0,16,NaN,1,ok,2.18974518502,0,23,21,21,0.913043478261,0,10,0,0.0938110749186,0,0,1,3.86666666667,0,16,NaN,1,ok,1.81216931217,0,23,22,22,0.95652173913,0,6,0,0.0191484777809,0,0,1,5.31080754618,0,16,NaN,1,ok,3.37666514263,0,0,0,0
245,WLNM_dir_neg,0.695918367347,0.536940776145,00:00:02,10,30,45,507298691,fixed,validated_v2,/gpfs/scratch/acw792/wlnm_roleonly_v2_20260910/result_wlnm_dir_neg_roleonly_trophicv2_100x290_train10-90_Apocrita_20260910_011848/ecological_snapshots/Broadstone_Stream_tax_mass_K10_ratio0.3_exp45_seed507298691_threshold0.5_validated_v2.mat,role_only,2,uniform_without_replacement,uniform_remaining_nonlinks,176,0,176,407,198,198,176,22,0,22,0.111111111111,58,140,0.5,0.566037735849,0.428571428571,0.487804878049,30,23,40,117,0.428571428571,0.835714285714,0.164285714286,0.571428571429,0.566037735849,0.428571428571,0.487804878049,0.7,0.58253968254,0.281368821293,0.286813087892,0.264285714286,99,29,70,0,99,0,29,0,70,23,99,0.195652173913,2.18974518502,8.60869565217,6.6,4.5,4.59979377438,0.534319478842,0.291611769873,4.28989068105,0.996641269334,0.541062801932,2.91445898002,0.677096530713,0.355731225296,1.07629584498,0.491516479791,2.88826011686,2.18974518502,1.07629584498,2.88826011686,0.351612638569,0.458912768647,121,0.0683229813665,0.291765337837,23,23,23,1,0,0.347826086957,0.608695652174,0.0434782608696,23,0.0573122529644,2.24534161491,2.52173913043,2.41666666667,1.61111111111,1.62003269376,0.642426757871,0.332833583208,1.51409712984,1.2008356547,0.620689655172,0.91539317456,0.726001483272,0.386806596702,1.62523383318,0.723824750046,4.57142857143,2.30194805195,1.6401088841,4.57142857143,0.0745098039216,0.0535714285714,1,0.000564652738566,0.0635281385281,23,22,22,0.95652173913,0,0.434782608696,0.347826086957,0.173913043478,23,82,0.162055335968,5.54953903903,7.13043478261,5.125,3.72727272727,4.11542936925,0.577163874956,0.319724284199,4.08796556377,1.1466244874,0.593849416755,2.04108008298,0.572498072055,0.309650053022,3.3353690929,0.601017322239,9.24476578809,5.54953903903,3.3353690929,9.24476578809,0.401636747091,0.308362369338,59,0.0333145115754,0.127104847731,23,23,23,1,0,0.304347826087,0.652173913043,0.0434782608696,-17,-0.0335968379447,3.35979385401,-1.47826086957,-1.475,-0.772727272727,-0.484364405128,0.0428443961139,0.0281125143267,-0.201925117274,0.149983218066,0.0527866148227,-0.873378897044,-0.104598458657,-0.0460811722742,2.25907324792,0.109500842448,6.35650567123,3.35979385401,2.25907324792,6.35650567123,0.0500241085221,-0.150550399309,-62,-0.0350084697911,-0.164660490106,-0.0434782608696,0.0434782608696,0,59,23,40,384,0.59595959596,0.943488943489,0.0565110565111,0.40404040404,0.719512195122,0.59595959596,0.651933701657,0.580730945557,0.539448539449,0.483606557377,53,70,0,23,23,23,1,0,8,0,0.0386050732335,0,0,1,3.88826011686,0,16,NaN,1,ok,2.18974518502,0,23,22,22,0.95652173913,0,10,0,0.0403846153846,0,0,1,5.57142857143,0,16,NaN,1,ok,2.30194805195,0,23,23,23,1,0,7,0,0.0172080120755,0,0,1,10.2447657881,0,16,NaN,1,ok,5.54953903903,0,0,0,0
246,WLNM_dir_neg,0.862857142857,0.745305757295,00:00:01,10,30,46,507298692,fixed,validated_v2,/gpfs/scratch/acw792/wlnm_roleonly_v2_20260910/result_wlnm_dir_neg_roleonly_trophicv2_100x290_train10-90_Apocrita_20260910_011848/ecological_snapshots/Broadstone_Stream_tax_mass_K10_ratio0.3_exp46_seed507298692_threshold0.5_validated_v2.mat,role_only,2,uniform_without_replacement,uniform_remaining_nonlinks,176,0,176,407,198,198,176,22,0,22,0.111111111111,58,140,0.5,0.77358490566,0.585714285714,0.666666666667,41,12,29,128,0.585714285714,0.914285714286,0.0857142857143,0.414285714286,0.77358490566,0.585714285714,0.666666666667,0.804761904762,0.58253968254,0.532319391635,0.542619355471,0.5,99,29,70,0,99,0,29,0,70,23,99,0.195652173913,2.18974518502,8.60869565217,6.6,4.5,4.59979377438,0.534319478842,0.291611769873,4.28989068105,0.996641269334,0.541062801932,2.91445898002,0.677096530713,0.355731225296,1.07629584498,0.491516479791,2.88826011686,2.18974518502,1.07629584498,2.88826011686,0.351612638569,0.458912768647,121,0.0683229813665,0.291765337837,23,23,23,1,0,0.347826086957,0.608695652174,0.0434782608696,23,0.0573122529644,1.85748792271,2.52173913043,2.63636363636,2.07142857143,1.64785163767,0.65345840804,0.35832083958,1.68462003551,1.3360779592,0.659670164918,1.13687735424,0.901661349912,0.47676161919,1.13889826147,0.613138986021,4,1.98611111111,1.16977794553,4,0.0941176470588,0.0869565217391,2,0.00112930547713,0.0669913419913,23,20,20,0.869565217391,0,0.391304347826,0.217391304348,0.260869565217,23,82,0.162055335968,3.23171561357,7.13043478261,4.55555555556,3.90476190476,3.74535285176,0.525262899942,0.288441145281,3.60335811755,1.01069800858,0.537645811241,2.27288537,0.637516628169,0.355249204666,1.37044861119,0.42406225518,3.92061960214,3.33315723236,1.31134070408,3.92061960214,0.424527240436,0.450751252087,90,0.0508187464709,0.132725734687,23,22,22,0.95652173913,0,0.173913043478,0.739130434783,0.0434782608696,-17,-0.0335968379447,1.04197042854,-1.47826086957,-2.04444444444,-0.595238095238,-0.854440922617,-0.00905657889978,-0.00317062459162,-0.686532563496,0.0140567392471,-0.00341699069165,-0.641573610029,-0.0395799025434,-0.000482020630483,0.294152766207,-0.067454224611,1.03235948528,1.14341204734,0.235044859097,1.03235948528,0.0729146018672,-0.00816151656047,-31,-0.0175042348955,-0.15903960315,-0.173913043478,0.130434782609,0,70,12,29,395,0.707070707071,0.970515970516,0.029484029484,0.292929292929,0.853658536585,0.707070707071,0.773480662983,0.729440388094,0.677586677587,0.630630630631,53,70,0,23,23,23,1,0,8,0,0.0386050732335,0,0,1,3.88826011686,0,16,NaN,1,ok,2.18974518502,0,23,20,20,0.869565217391,0,9,0,0.0775862068966,0,0,1,5,0,16,NaN,1,ok,1.98611111111,0,23,22,22,0.95652173913,0,4,0,0.0172351587675,0,0,1,4.92061960214,0,16,NaN,1,ok,3.33315723236,0,0,0,0
247,WLNM_dir_neg,0.734642857143,0.666694973459,00:00:02,10,30,47,507298693,fixed,validated_v2,/gpfs/scratch/acw792/wlnm_roleonly_v2_20260910/result_wlnm_dir_neg_roleonly_trophicv2_100x290_train10-90_Apocrita_20260910_011848/ecological_snapshots/Broadstone_Stream_tax_mass_K10_ratio0.3_exp47_seed507298693_threshold0.5_validated_v2.mat,role_only,2,uniform_without_replacement,uniform_remaining_nonlinks,176,0,176,407,198,198,176,22,0,22,0.111111111111,58,140,0.5,0.782608695652,0.514285714286,0.620689655172,36,10,34,130,0.514285714286,0.928571428571,0.0714285714286,0.485714285714,0.782608695652,0.514285714286,0.620689655172,0.790476190476,0.593650793651,0.484375,0.504749446995,0.442857142857,99,29,70,0,99,0,29,0,70,23,99,0.195652173913,2.18974518502,8.60869565217,6.6,4.5,4.59979377438,0.534319478842,0.291611769873,4.28989068105,0.996641269334,0.541062801932,2.91445898002,0.677096530713,0.355731225296,1.07629584498,0.491516479791,2.88826011686,2.18974518502,1.07629584498,2.88826011686,0.351612638569,0.458912768647,121,0.0683229813665,0.291765337837,23,23,23,1,0,0.347826086957,0.608695652174,0.0434782608696,23,0.0573122529644,1.99516908213,2.52173913043,2.23076923077,2.07142857143,2.17150063775,0.861112321868,0.466266866567,1.42118360737,1.12714561964,0.584707646177,1.73774648492,1.37821272942,0.596701649175,1.1324579236,0.567599976235,3.38888888889,2.27160493827,1.13466323783,3.38888888889,0.10731292517,0.1125,3,0.0016939582157,0.166697191697,23,18,18,0.782608695652,0,0.217391304348,0.391304347826,0.173913043478,23,75,0.148221343874,3.43488969006,6.52173913043,5.35714285714,3.57142857143,4.83236781052,0.740963064279,0.408695652174,3.79254521522,1.16304719933,0.606376811594,2.32021533688,0.711532703309,0.375652173913,2.17837556171,0.634190835301,5.19455559497,3.54556649415,2.1624376492,5.19455559497,0.385072529809,0.430555555556,62,0.0350084697911,0.185626511677,23,22,22,0.95652173913,0,0.347826086957,0.565217391304,0.0434782608696,-24,-0.0474308300395,1.24514450503,-2.08695652174,-1.24285714286,-0.928571428571,0.23257403614,0.206643585438,0.117083882301,-0.497345465827,0.16640593,0.0653140096618,-0.594243643146,0.0344361725967,0.0199209486166,1.10207971672,0.14267435551,2.30629547812,1.35582130913,1.08614180422,2.30629547812,0.0334598912402,-0.0283572130917,-59,-0.0333145115754,-0.10613882616,0,-0.0434782608696,0,65,10,34,397,0.656565656566,0.97542997543,0.02457002457,0.343434343434,0.866666666667,0.656565656566,0.747126436782,0.705601689208,0.631995631996,0.596330275229,46,70,0,23,23,23,1,0,8,0,0.0386050732335,0,0,1,3.88826011686,0,16,NaN,1,ok,2.18974518502,0,23,18,18,0.782608695652,0,5,0,0.0190570299266,0,0,1,4.38888888889,0,16,NaN,1,ok,2.27160493827,0,23,22,22,0.95652173913,0,8,0,0.0178764930787,0,0,1,6.19455559497,0,16,NaN,1,ok,3.54556649415,0,0,0,0
248,WLNM_dir_neg,0.735765306122,0.645597764221,00:00:01,10,30,48,507298694,fixed,validated_v2,/gpfs/scratch/acw792/wlnm_roleonly_v2_20260910/result_wlnm_dir_neg_roleonly_trophicv2_100x290_train10-90_Apocrita_20260910_011848/ecological_snapshots/Broadstone_Stream_tax_mass_K10_ratio0.3_exp48_seed507298694_threshold0.5_validated_v2.mat,role_only,2,uniform_without_replacement,uniform_remaining_nonlinks,176,0,176,407,198,198,176,22,0,22,0.111111111111,58,140,0.5,0.696428571429,0.557142857143,0.619047619048,39,17,31,123,0.557142857143,0.878571428571,0.121428571429,0.442857142857,0.696428571429,0.557142857143,0.619047619048,0.771428571429,0.577777777778,0.458646616541,0.464472989203,0.435714285714,99,29,70,0,99,0,29,0,70,23,99,0.195652173913,2.18974518502,8.60869565217,6.6,4.5,4.59979377438,0.534319478842,0.291611769873,4.28989068105,0.996641269334,0.541062801932,2.91445898002,0.677096530713,0.355731225296,1.07629584498,0.491516479791,2.88826011686,2.18974518502,1.07629584498,2.88826011686,0.351612638569,0.458912768647,121,0.0683229813665,0.291765337837,23,23,23,1,0,0.347826086957,0.608695652174,0.0434782608696,23,0.0573122529644,1.82167119565,2.52173913043,2.41666666667,1.8125,1.9970333729,0.791927027186,0.433283358321,1.65741834584,1.31450420532,0.647676161919,1.21421097854,0.962994914011,0.500749625187,0.926428026655,0.508559409001,2.75,2.04991319444,0.925727008405,2.75,0.131746031746,0.136363636364,4,0.00225861095426,0.0860028860029,23,18,18,0.782608695652,0,0.260869565217,0.434782608696,0.0869565217391,23,85,0.167984189723,4.5631743172,7.39130434783,4.04761904762,4.47368421053,4.87795719571,0.659958914713,0.368286445013,3.4302767263,0.928192525939,0.481841432225,3.45667710392,0.935336157532,0.492071611253,1.61250777648,0.353374134844,5.92946558195,4.5631743172,1.61250777648,5.92946558195,0.555630172297,0.479623824451,102,0.0575945793337,0.18116036741,23,23,23,1,0,0.0869565217391,0.739130434783,0.173913043478,-14,-0.0276679841897,2.37342913217,-1.21739130435,-2.55238095238,-0.0263157894737,0.278163421331,0.125639435872,0.0766746751401,-0.859613954751,-0.0684487433951,-0.0592213697073,0.542218123899,0.25823962682,0.136340385957,0.5362119315,-0.138142344947,3.04120546509,2.37342913217,0.5362119315,3.04120546509,0.204017533728,0.0207110558041,-19,-0.0107284020327,-0.110604970426,-0.260869565217,0.130434782609,0.130434782609,68,17,31,390,0.686868686869,0.958230958231,0.041769041769,0.313131313131,0.8,0.686868686869,0.739130434783,0.684527805888,0.6450996451,0.586206896552,56,70,0,23,23,23,1,0,8,0,0.0386050732335,0,0,1,3.88826011686,0,16,NaN,1,ok,2.18974518502,0,23,18,18,0.782608695652,0,6,0,0.0821039127646,0,0,1,3.75,0,16,NaN,1,ok,2.04991319444,0,23,23,23,1,0,2,0,0.00677784639051,0,0,1,6.92946558195,0,16,NaN,1,ok,4.5631743172,0,0,0,0
249,WLNM_dir_neg,0.781581632653,0.631015802926,00:00:01,10,30,49,507298695,fixed,validated_v2,/gpfs/scratch/acw792/wlnm_roleonly_v2_20260910/result_wlnm_dir_neg_roleonly_trophicv2_100x290_train10-90_Apocrita_20260910_011848/ecological_snapshots/Broadstone_Stream_tax_mass_K10_ratio0.3_exp49_seed507298695_threshold0.5_validated_v2.mat,role_only,2,uniform_without_replacement,uniform_remaining_nonlinks,176,0,176,407,198,198,176,22,0,22,0.111111111111,58,140,0.5,0.677419354839,0.6,0.636363636364,42,20,28,120,0.6,0.857142857143,0.142857142857,0.4,0.677419354839,0.6,0.636363636364,0.771428571429,0.568253968254,0.470588235294,0.472430876286,0.457142857143,99,29,70,0,99,0,29,0,70,23,99,0.195652173913,2.18974518502,8.60869565217,6.6,4.5,4.59979377438,0.534319478842,0.291611769873,4.28989068105,0.996641269334,0.541062801932,2.91445898002,0.677096530713,0.355731225296,1.07629584498,0.491516479791,2.88826011686,2.18974518502,1.07629584498,2.88826011686,0.351612638569,0.458912768647,121,0.0683229813665,0.291765337837,23,23,23,1,0,0.347826086957,0.608695652174,0.0434782608696,23,0.0573122529644,2.1663216011,2.52173913043,2.41666666667,1.61111111111,1.95098029479,0.773664599659,0.403298350825,1.48377256602,1.17678513857,0.602698650675,1.05388421411,0.835839204297,0.425787106447,1.29724109446,0.598822027995,3.33333333333,2.41186299081,1.30033356493,3.33333333333,0.0955357142857,0.0882352941176,2,0.00112930547713,0.0699494949495,23,19,19,0.826086956522,0,0.304347826087,0.478260869565,0.0434782608696,23,91,0.179841897233,2.70635629348,7.91304347826,4.55,4.13636363636,4.22022234957,0.533324802419,0.298136645963,3.69862702867,0.934817820434,0.495938843765,3.39087359178,0.857033984735,0.40707118968,0.985340604762,0.364083844812,2.96031814149,2.70635629348,0.985340604762,2.96031814149,0.443318637884,0.416208791209,101,0.0570299265951,0.254393393844,23,23,23,1,0,0.130434782609,0.826086956522,0.0434782608696,-8,-0.0158102766798,0.516611108458,-0.695652173913,-2.05,-0.363636363636,-0.379571424803,-0.000994676423123,0.00652487609009,-0.591263652374,-0.0618234489003,-0.0451239581674,0.476414611753,0.179937454022,0.0513399643834,-0.0909552402217,-0.12743263498,0.0720580246272,0.516611108458,-0.0909552402217,0.0720580246272,0.0917059993147,-0.0427039774385,-20,-0.0112930547713,-0.0373719439929,-0.217391304348,0.217391304348,0,71,20,28,387,0.717171717172,0.95085995086,0.04914004914,0.282828282828,0.78021978022,0.717171717172,0.747368421053,0.690028626258,0.668031668032,0.596638655462,62,70,0,23,23,23,1,0,8,0,0.0386050732335,0,0,1,3.88826011686,0,16,NaN,1,ok,2.18974518502,0,23,19,19,0.826086956522,0,7,0,0.065543071161,0,0,1,4.33333333333,0,16,NaN,1,ok,2.41186299081,0,23,23,23,1,0,3,0,0.00604848549835,0,0,1,3.96031814149,0,16,NaN,1,ok,2.70635629348,0,0,0,0
250,WLNM_dir_neg,0.834183673469,0.642859541946,00:00:06,10,30,50,507298696,fixed,validated_v2,/gpfs/scratch/acw792/wlnm_roleonly_v2_20260910/result_wlnm_dir_neg_roleonly_trophicv2_100x290_train10-90_Apocrita_20260910_011848/ecological_snapshots/Broadstone_Stream_tax_mass_K10_ratio0.3_exp50_seed507298696_threshold0.5_validated_v2.mat,role_only,2,uniform_without_replacement,uniform_remaining_nonlinks,176,0,176,407,198,198,176,22,0,22,0.111111111111,58,140,0.5,0.740740740741,0.571428571429,0.645161290323,40,14,30,126,0.571428571429,0.9,0.1,0.428571428571,0.740740740741,0.571428571429,0.645161290323,0.790476190476,0.580952380952,0.5,0.508475179873,0.471428571429,99,29,70,0,99,0,29,0,70,23,99,0.195652173913,2.18974518502,8.60869565217,6.6,4.5,4.59979377438,0.534319478842,0.291611769873,4.28989068105,0.996641269334,0.541062801932,2.91445898002,0.677096530713,0.355731225296,1.07629584498,0.491516479791,2.88826011686,2.18974518502,1.07629584498,2.88826011686,0.351612638569,0.458912768647,121,0.0683229813665,0.291765337837,23,23,23,1,0,0.347826086957,0.608695652174,0.0434782608696,23,0.0573122529644,1.91739130435,2.52173913043,2.23076923077,2.41666666667,1.64785163767,0.65345840804,0.352323838081,1.45281517639,1.15223272611,0.593703148426,1.48377256602,1.17678513857,0.602698650675,1.05643146055,0.550973324094,3.5,2.00476190476,1.06558725146,3.5,0.0490196078431,0.044776119403,1,0.000564652738566,0.098199023199,23,21,21,0.913043478261,0,0.347826086957,0.173913043478,0.391304347826,23,83,0.164031620553,1,7.21739130435,4.88235294118,3.60869565217,3.98812466454,0.552571489665,0.297537977999,3.71409025243,1.0292057326,0.548978522787,2.4631674072,0.682564462236,0.356207438449,0,0,0,NaN,NaN,NaN,0.416056958914,0.349726775956,64,0.0361377752682,0.153580576358,23,23,0,1,7,0.260869565217,0.739130434783,0,-16,-0.0316205533597,-1.18974518502,-1.39130434783,-1.71764705882,-0.891304347826,-0.611669109836,0.0182520108235,0.00592620812631,-0.575800428622,0.0325644632656,0.00791572085443,-0.451291572825,0.00546793152323,0.000476213153007,-1.07629584498,-0.491516479791,-2.88826011686,NaN,NaN,NaN,0.0644443203449,-0.109185992691,-57,-0.0321852060982,-0.138184761478,-0.0869565217391,0.130434782609,-0.0434782608696,69,14,30,393,0.69696969697,0.965601965602,0.034398034398,0.30303030303,0.831325301205,0.69696969697,0.758241758242,0.70980397921,0.662571662572,0.610619469027,54,70,0,23,23,23,1,0,8,0,0.0386050732335,0,0,1,3.88826011686,0,16,NaN,1,ok,2.18974518502,0,23,21,21,0.913043478261,0,8,0,0.0574835001065,0,0,1,4.5,0,16,NaN,1,ok,2.00476190476,0,23,23,0,1,7,6,2,NaN,NaN,NaN,NaN,NaN,0,0,NaN,0,basal_unreachable_in_lcc,NaN,2,0,0,0
251,WLNM_dir_neg,0.768367346939,0.587793389503,00:00:00,10,30,51,507298697,fixed,validated_v2,/gpfs/scratch/acw792/wlnm_roleonly_v2_20260910/result_wlnm_dir_neg_roleonly_trophicv2_100x290_train10-90_Apocrita_20260910_011848/ecological_snapshots/Broadstone_Stream_tax_mass_K10_ratio0.3_exp51_seed507298697_threshold0.5_validated_v2.mat,role_only,2,uniform_without_replacement,uniform_remaining_nonlinks,176,0,176,407,198,198,176,22,0,22,0.111111111111,58,140,0.5,0.735849056604,0.557142857143,0.634146341463,39,14,31,126,0.557142857143,0.9,0.1,0.442857142857,0.735849056604,0.557142857143,0.634146341463,0.785714285714,0.58253968254,0.486692015209,0.496109125002,0.457142857143,99,29,70,0,99,0,29,0,70,23,99,0.195652173913,2.18974518502,8.60869565217,6.6,4.5,4.59979377438,0.534319478842,0.291611769873,4.28989068105,0.996641269334,0.541062801932,2.91445898002,0.677096530713,0.355731225296,1.07629584498,0.491516479791,2.88826011686,2.18974518502,1.07629584498,2.88826011686,0.351612638569,0.458912768647,121,0.0683229813665,0.291765337837,23,23,23,1,0,0.347826086957,0.608695652174,0.0434782608696,23,0.0573122529644,2.37282608696,2.52173913043,2.63636363636,1.70588235294,2.15046644448,0.852771176261,0.452773613193,2.07183255081,1.64317754029,0.72263868066,1.05388421411,0.835839204297,0.446776611694,2.01154216398,0.847741086057,6.5,2.66184210526,2.1067742658,6.5,0.175873015873,0.137931034483,4,0.00225861095426,0.0561924439197,23,19,19,0.826086956522,0,0.347826086957,0.391304347826,0.0869565217391,23,82,0.162055335968,3.58697791548,7.13043478261,4.1,3.90476190476,3.87655362199,0.543663007962,0.295334040297,3.69060338694,1.03516924268,0.532343584305,2.65990579048,0.746071136354,0.367974549311,1.41414102245,0.394243024566,5.09167835367,3.58697791548,1.41414102245,5.09167835367,0.361249619945,0.379549393414,73,0.0412196499153,0.168135660349,23,23,23,1,0,0.130434782609,0.782608695652,0.0869565217391,-17,-0.0335968379447,1.39723273046,-1.47826086957,-2.5,-0.595238095238,-0.723240152384,0.0093435291207,0.00372227042429,-0.599287294108,0.0385279733437,-0.00871921762696,-0.254553189544,0.0689746056414,0.0122433240143,0.337845177469,-0.0972734552251,2.20341823682,1.39723273046,0.337845177469,2.20341823682,0.00963698137611,-0.0793633752331,-48,-0.0271033314512,-0.123629677487,-0.217391304348,0.173913043478,0.0434782608696,68,14,31,393,0.686868686869,0.965601965602,0.034398034398,0.313131313131,0.829268292683,0.686868686869,0.75138121547,0.702402307633,0.652470652471,0.601769911504,53,70,0,23,23,23,1,0,8,0,0.0386050732335,0,0,1,3.88826011686,0,16,NaN,1,ok,2.18974518502,0,23,19,19,0.826086956522,0,8,0,0.0416666666667,0,0,1,7.5,0,16,NaN,1,ok,2.66184210526,0,23,23,23,1,0,3,0,0.00706131132993,0,0,1,6.09167835367,0,16,NaN,1,ok,3.58697791548,0,0,0,0
252,WLNM_dir_neg,0.729336734694,0.511666361537,00:00:02,10,30,52,507298698,fixed,validated_v2,/gpfs/scratch/acw792/wlnm_roleonly_v2_20260910/result_wlnm_dir_neg_roleonly_trophicv2_100x290_train10-90_Apocrita_20260910_011848/ecological_snapshots/Broadstone_Stream_tax_mass_K10_ratio0.3_exp52_seed507298698_threshold0.5_validated_v2.mat,role_only,2,uniform_without_replacement,uniform_remaining_nonlinks,176,0,176,407,198,198,176,22,0,22,0.111111111111,58,140,0.5,0.653846153846,0.485714285714,0.55737704918,34,18,36,122,0.485714285714,0.871428571429,0.128571428571,0.514285714286,0.653846153846,0.485714285714,0.55737704918,0.742857142857,0.584126984127,0.381679389313,0.390054049634,0.357142857143,99,29,70,0,99,0,29,0,70,23,99,0.195652173913,2.18974518502,8.60869565217,6.6,4.5,4.59979377438,0.534319478842,0.291611769873,4.28989068105,0.996641269334,0.541062801932,2.91445898002,0.677096530713,0.355731225296,1.07629584498,0.491516479791,2.88826011686,2.18974518502,1.07629584498,2.88826011686,0.351612638569,0.458912768647,121,0.0683229813665,0.291765337837,23,23,23,1,0,0.347826086957,0.608695652174,0.0434782608696,23,0.0573122529644,1.63623188406,2.52173913043,2.9,1.8125,1.92754118497,0.764369780247,0.421289355322,1.68462003551,1.3360779592,0.665667166417,1.05388421411,0.835839204297,0.452773613193,0.826619197286,0.505196852194,2.55,1.7701754386,0.852204457068,2.55,0.295555555556,0.32,8,0.00451722190853,0.0727248677249,23,19,19,0.826086956522,0,0.391304347826,0.304347826087,0.130434782609,23,81,0.160079051383,1,7.04347826087,4.05,4.26315789474,4.96788102688,0.705316442088,0.370907139023,3.30109575771,0.937348178116,0.491680085883,2.76125079065,0.78405886648,0.422973698336,0,0,0,28.0202990494,6.41841438829,31.0198122215,0.412353915925,0.4,70,0.0395256916996,0.180246164654,23,21,21,0.913043478261,0,0.0434782608696,0.782608695652,0.0869565217391,-18,-0.0355731225296,-1.18974518502,-1.5652173913,-2.55,-0.236842105263,0.368087252503,0.170996963246,0.0792953691504,-0.988794923336,-0.0592930912186,-0.0493827160494,-0.153208189377,0.106962335768,0.0672424730396,-1.07629584498,-0.491516479791,-2.88826011686,25.8305538643,5.34211854331,28.1315521047,0.0607412773562,-0.0589127686473,-51,-0.0287972896669,-0.111519173183,-0.304347826087,0.173913043478,0.0434782608696,63,18,36,389,0.636363636364,0.955773955774,0.044226044226,0.363636363636,0.777777777778,0.636363636364,0.7,0.640619952339,0.592137592138,0.538461538462,52,70,0,23,23,23,1,0,8,0,0.0386050732335,0,0,1,3.88826011686,0,16,NaN,1,ok,2.18974518502,0,23,19,19,0.826086956522,0,9,0,0.121833033366,0,0,1,3.55,0,16,NaN,1,ok,1.7701754386,0,23,21,21,0.913043478261,0,1,0,0.00111815306923,0,0,1,32.0198122215,1,16,NaN,1,ok,NaN,3,0,0,0
253,WLNM_dir_neg,0.767653061224,0.588915807801,00:00:01,10,30,53,507298699,fixed,validated_v2,/gpfs/scratch/acw792/wlnm_roleonly_v2_20260910/result_wlnm_dir_neg_roleonly_trophicv2_100x290_train10-90_Apocrita_20260910_011848/ecological_snapshots/Broadstone_Stream_tax_mass_K10_ratio0.3_exp53_seed507298699_threshold0.5_validated_v2.mat,role_only,2,uniform_without_replacement,uniform_remaining_nonlinks,176,0,176,407,198,198,176,22,0,22,0.111111111111,58,140,0.5,0.702702702703,0.371428571429,0.485981308411,26,11,44,129,0.371428571429,0.921428571429,0.0785714285714,0.628571428571,0.702702702703,0.371428571429,0.485981308411,0.738095238095,0.607936507937,0.331983805668,0.362363916783,0.292857142857,99,29,70,0,99,0,29,0,70,23,99,0.195652173913,2.18974518502,8.60869565217,6.6,4.5,4.59979377438,0.534319478842,0.291611769873,4.28989068105,0.996641269334,0.541062801932,2.91445898002,0.677096530713,0.355731225296,1.07629584498,0.491516479791,2.88826011686,2.18974518502,1.07629584498,2.88826011686,0.351612638569,0.458912768647,121,0.0683229813665,0.291765337837,23,23,23,1,0,0.347826086957,0.608695652174,0.0434782608696,23,0.0573122529644,2.28405797101,2.52173913043,2.23076923077,2.23076923077,2.01966615642,0.800902096512,0.433283358321,1.62976270733,1.29257042306,0.632683658171,1.35570817805,1.07521683087,0.569715142429,1.5601369263,0.683054872556,4.6,2.55438596491,1.59103237415,4.6,0.25,0.230769230769,5,0.00282326369283,0.105433455433,23,19,19,0.826086956522,0,0.260869565217,0.304347826087,0.260869565217,23,66,0.130434782609,2.55284021941,5.73913043478,4.4,3.14285714286,3.33326745653,0.580796602274,0.312252964427,3.13780971418,1.09347914282,0.571805006588,1.60409554879,0.559002994275,0.3069828722,1.52255494458,0.596416075322,4.61174453493,2.70072976412,1.51191757619,4.61174453493,0.474206349206,0.388235294118,44,0.0248447204969,0.120019240019,23,21,21,0.913043478261,0,0.260869565217,0.652173913043,0,-33,-0.0652173913043,0.363095034385,-2.86956521739,-2.2,-1.35714285714,-1.26652631785,0.0464771234323,0.0206411945542,-1.15208096687,0.0968378734844,0.0307422046552,-1.31036343124,-0.118093536438,-0.0487483530962,0.446259099601,0.10489959553,1.72348441808,0.510984579091,0.435621731209,1.72348441808,0.122593710637,-0.0706774745296,-77,-0.0434782608696,-0.171746097818,-0.0869565217391,0.0434782608696,-0.0434782608696,55,11,44,396,0.555555555556,0.972972972973,0.027027027027,0.444444444444,0.833333333333,0.555555555556,0.666666666667,0.622565327968,0.528528528529,0.5,37,70,0,23,23,23,1,0,8,0,0.0386050732335,0,0,1,3.88826011686,0,16,NaN,1,ok,2.18974518502,0,23,19,19,0.826086956522,0,6,0,0.0262409796632,0,0,1,5.6,0,16,NaN,1,ok,2.55438596491,0,23,21,21,0.913043478261,0,6,0,0.0714658098102,0,0,1,5.61174453493,0,16,NaN,1,ok,2.70072976412,0,0,0,0
254,WLNM_dir_neg,0.700051020408,0.460727043125,00:00:01,10,30,54,507298700,fixed,validated_v2,/gpfs/scratch/acw792/wlnm_roleonly_v2_20260910/result_wlnm_dir_neg_roleonly_trophicv2_100x290_train10-90_Apocrita_20260910_011848/ecological_snapshots/Broadstone_Stream_tax_mass_K10_ratio0.3_exp54_seed507298700_threshold0.5_validated_v2.mat,role_only,2,uniform_without_replacement,uniform_remaining_nonlinks,176,0,176,407,198,198,176,22,0,22,0.111111111111,58,140,0.5,0.534482758621,0.442857142857,0.484375,31,27,39,113,0.442857142857,0.807142857143,0.192857142857,0.557142857143,0.534482758621,0.442857142857,0.484375,0.685714285714,0.574603174603,0.261194029851,0.263582914494,0.25,99,29,70,0,99,0,29,0,70,23,99,0.195652173913,2.18974518502,8.60869565217,6.6,4.5,4.59979377438,0.534319478842,0.291611769873,4.28989068105,0.996641269334,0.541062801932,2.91445898002,0.677096530713,0.355731225296,1.07629584498,0.491516479791,2.88826011686,2.18974518502,1.07629584498,2.88826011686,0.351612638569,0.458912768647,121,0.0683229813665,0.291765337837,23,23,23,1,0,0.347826086957,0.608695652174,0.0434782608696,23,0.0573122529644,1.64827201784,2.52173913043,2.63636363636,2.07142857143,2.01966615642,0.800902096512,0.43928035982,1.57299342033,1.24754650578,0.635682158921,1.62976270733,1.29257042306,0.614692653673,0.756586306475,0.459017867371,2.15384615385,1.78475033738,0.765882777597,2.15384615385,0.212820512821,0.205479452055,5,0.00282326369283,0.157186147186,23,19,19,0.826086956522,0,0.347826086957,0.260869565217,0.217391304348,23,87,0.171936758893,6.13082499889,7.5652173913,4.57894736842,4.35,6.14096592163,0.811736874698,0.400299850075,3.80139354519,1.00496610965,0.519740129935,3.48967987252,0.922559046757,0.47776111944,2.55195563278,0.416249955469,7.76365656869,6.13082499889,2.55195563278,7.76365656869,0.674730119494,0.429824561404,98,0.0553359683794,0.233508166622,23,23,23,1,0,0.173913043478,0.695652173913,0.130434782609,-12,-0.0237154150198,3.94107981387,-1.04347826087,-2.02105263158,-0.15,1.54117214725,0.277417395856,0.108688080202,-0.488497135862,0.00832484031245,-0.0213226719973,0.575220892492,0.245462516045,0.122029894144,1.47565978779,-0.0752665243225,4.87539645183,3.94107981387,1.47565978779,4.87539645183,0.323117480925,-0.0290882072438,-23,-0.012987012987,-0.0582571712146,-0.173913043478,0.0869565217391,0.0869565217391,60,27,39,380,0.606060606061,0.933660933661,0.0663390663391,0.393939393939,0.689655172414,0.606060606061,0.645161290323,0.567437344943,0.539721539722,0.47619047619,58,70,0,23,23,23,1,0,8,0,0.0386050732335,0,0,1,3.88826011686,0,16,NaN,1,ok,2.18974518502,0,23,19,19,0.826086956522,0,8,0,0.0468685452474,0,0,1,3.15384615385,0,16,NaN,1,ok,1.78475033738,0,23,23,23,1,0,4,0,0.00787181752389,0,0,1,8.76365656869,0,16,NaN,1,ok,6.13082499889,0,0,0,0
255,WLNM_dir_neg,0.841581632653,0.740695389311,00:00:01,10,30,55,507298701,fixed,validated_v2,/gpfs/scratch/acw792/wlnm_roleonly_v2_20260910/result_wlnm_dir_neg_roleonly_trophicv2_100x290_train10-90_Apocrita_20260910_011848/ecological_snapshots/Broadstone_Stream_tax_mass_K10_ratio0.3_exp55_seed507298701_threshold0.5_validated_v2.mat,role_only,2,uniform_without_replacement,uniform_remaining_nonlinks,176,0,176,407,198,198,176,22,0,22,0.111111111111,58,140,0.5,0.770833333333,0.528571428571,0.627118644068,37,11,33,129,0.528571428571,0.921428571429,0.0785714285714,0.471428571429,0.770833333333,0.528571428571,0.627118644068,0.790476190476,0.590476190476,0.488372093023,0.505181485541,0.45,99,29,70,0,99,0,29,0,70,23,99,0.195652173913,2.18974518502,8.60869565217,6.6,4.5,4.59979377438,0.534319478842,0.291611769873,4.28989068105,0.996641269334,0.541062801932,2.91445898002,0.677096530713,0.355731225296,1.07629584498,0.491516479791,2.88826011686,2.18974518502,1.07629584498,2.88826011686,0.351612638569,0.458912768647,121,0.0683229813665,0.291765337837,23,23,23,1,0,0.347826086957,0.608695652174,0.0434782608696,23,0.0573122529644,1.92989130435,2.52173913043,2.41666666667,1.93333333333,2.01966615642,0.800902096512,0.443778110945,1.45281517639,1.15223272611,0.602698650675,1.32175473259,1.04828823619,0.539730134933,1.09442504578,0.567091547236,3.0375,2.18819444444,1.10683431911,3.0375,0.097619047619,0.111111111111,3,0.0016939582157,0.111255411255,23,18,18,0.782608695652,0,0.260869565217,0.391304347826,0.130434782609,23,77,0.152173913043,1,6.69565217391,3.85,4.52941176471,5.15606247413,0.770061278604,0.4172783738,3.4851463469,1.04101773998,0.533032185206,3.08380956334,0.921137921516,0.503670242801,0,0,0,31.2896955176,10.1425329583,37.4927596605,0.524458874459,0.469667318982,80,0.0451722190853,0.159049444707,23,22,22,0.95652173913,0,0.0869565217391,0.652173913043,0.217391304348,-22,-0.0434782608696,-1.18974518502,-1.91304347826,-2.75,0.0294117647059,0.556268699755,0.235741799762,0.125666603927,-0.80474433415,0.044376470648,-0.00803061672627,0.169350583312,0.244041390803,0.147939017504,-1.07629584498,-0.491516479791,-2.88826011686,29.0999503326,9.06623711336,34.6044995437,0.17284623589,0.0107545503351,-41,-0.0231507622812,-0.132715893129,-0.260869565217,0.0434782608696,0.173913043478,66,11,33,396,0.666666666667,0.972972972973,0.027027027027,0.333333333333,0.857142857143,0.666666666667,0.75,0.706441433567,0.63963963964,0.6,48,70,0,23,23,23,1,0,8,0,0.0386050732335,0,0,1,3.88826011686,0,16,NaN,1,ok,2.18974518502,0,23,18,18,0.782608695652,0,6,0,0.0390001692716,0,0,1,4.0375,0,16,NaN,1,ok,2.18819444444,0,23,22,22,0.95652173913,0,2,0,0.00122006197093,0,0,1,38.4927596605,1,16,NaN,1,ok,NaN,3,0,0,0
256,WLNM_dir_neg,0.755612244898,0.669224697265,00:00:02,10,30,56,507298702,fixed,validated_v2,/gpfs/scratch/acw792/wlnm_roleonly_v2_20260910/result_wlnm_dir_neg_roleonly_trophicv2_100x290_train10-90_Apocrita_20260910_011848/ecological_snapshots/Broadstone_Stream_tax_mass_K10_ratio0.3_exp56_seed507298702_threshold0.5_validated_v2.mat,role_only,2,uniform_without_replacement,uniform_remaining_nonlinks,176,0,176,407,198,198,176,22,0,22,0.111111111111,58,140,0.5,0.826923076923,0.614285714286,0.704918032787,43,9,27,131,0.614285714286,0.935714285714,0.0642857142857,0.385714285714,0.826923076923,0.614285714286,0.704918032787,0.828571428571,0.584126984127,0.587786259542,0.600683236436,0.55,99,29,70,0,99,0,29,0,70,23,99,0.195652173913,2.18974518502,8.60869565217,6.6,4.5,4.59979377438,0.534319478842,0.291611769873,4.28989068105,0.996641269334,0.541062801932,2.91445898002,0.677096530713,0.355731225296,1.07629584498,0.491516479791,2.88826011686,2.18974518502,1.07629584498,2.88826011686,0.351612638569,0.458912768647,121,0.0683229813665,0.291765337837,23,23,23,1,0,0.347826086957,0.608695652174,0.0434782608696,23,0.0573122529644,1.82971014493,2.52173913043,2.41666666667,2.07142857143,1.80578779629,0.716088264045,0.388305847076,1.6016296049,1.27025796251,0.629685157421,1.32175473259,1.04828823619,0.554722638681,0.906791943798,0.495593220769,2.5,1.95416666667,0.909451267626,2.5,0.137777777778,0.169014084507,4,0.00225861095426,0.0767316017316,23,20,20,0.869565217391,0,0.347826086957,0.260869565217,0.260869565217,23,81,0.160079051383,3.5825820217,7.04347826087,5.4,3.68181818182,4.237047223,0.601556087217,0.327965646806,3.76430079488,1.06887553435,0.567901234568,1.9970333729,0.567058858973,0.301663982823,2.06566910595,0.576586688998,5.04381552777,3.5825820217,2.06566910595,5.04381552777,0.383495076352,0.372180451128,66,0.0372670807453,0.158711310476,23,23,23,1,0,0.347826086957,0.608695652174,0.0434782608696,-18,-0.0355731225296,1.39283683667,-1.5652173913,-1.2,-0.818181818182,-0.362746551374,0.0672366083747,0.0363538769336,-0.525589886171,0.0722342650135,0.0268384326355,-0.917425607121,-0.11003767174,-0.054067242473,0.98937326097,0.0850702092068,2.15555541091,1.39283683667,0.98937326097,2.15555541091,0.0318824377831,-0.0867323175195,-55,-0.0310559006211,-0.133054027361,0,0,0,72,9,27,398,0.727272727273,0.977886977887,0.022113022113,0.272727272727,0.888888888889,0.727272727273,0.8,0.76289595984,0.70515970516,0.666666666667,52,70,0,23,23,23,1,0,8,0,0.0386050732335,0,0,1,3.88826011686,0,16,NaN,1,ok,2.18974518502,0,23,20,20,0.869565217391,0,8,0,0.0648967551622,0,0,1,3.5,0,16,NaN,1,ok,1.95416666667,0,23,23,23,1,0,8,0,0.0264682345642,0,0,1,6.04381552777,0,16,NaN,1,ok,3.5825820217,0,0,0,0
257,WLNM_dir_neg,0.749642857143,0.587766609131,00:00:01,10,30,57,507298703,fixed,validated_v2,/gpfs/scratch/acw792/wlnm_roleonly_v2_20260910/result_wlnm_dir_neg_roleonly_trophicv2_100x290_train10-90_Apocrita_20260910_011848/ecological_snapshots/Broadstone_Stream_tax_mass_K10_ratio0.3_exp57_seed507298703_threshold0.5_validated_v2.mat,role_only,2,uniform_without_replacement,uniform_remaining_nonlinks,176,0,176,407,198,198,176,22,0,22,0.111111111111,58,140,0.5,0.641025641026,0.357142857143,0.45871559633,25,14,45,126,0.357142857143,0.9,0.1,0.642857142857,0.641025641026,0.357142857143,0.45871559633,0.719047619048,0.604761904762,0.289156626506,0.31171460008,0.257142857143,99,29,70,0,99,0,29,0,70,23,99,0.195652173913,2.18974518502,8.60869565217,6.6,4.5,4.59979377438,0.534319478842,0.291611769873,4.28989068105,0.996641269334,0.541062801932,2.91445898002,0.677096530713,0.355731225296,1.07629584498,0.491516479791,2.88826011686,2.18974518502,1.07629584498,2.88826011686,0.351612638569,0.458912768647,121,0.0683229813665,0.291765337837,23,23,23,1,0,0.347826086957,0.608695652174,0.0434782608696,23,0.0573122529644,2.94986690328,2.52173913043,2.41666666667,1.93333333333,2.17150063775,0.861112321868,0.463268365817,1.7892962381,1.41909701642,0.659670164918,1.25108648434,0.992241004823,0.521739130435,2.77094481736,0.939345708876,8.07142857143,3.36036519871,2.89164872286,8.07142857143,0.105128205128,0.0857142857143,2,0.00112930547713,0.0872655122655,23,19,19,0.826086956522,0,0.304347826087,0.347826086957,0.173913043478,23,68,0.134387351779,3.12518036829,5.91304347826,3.4,3.4,3.80087362539,0.642794804294,0.347826086957,3.30946659901,1.11937840849,0.53452685422,2.09931289343,0.710061713953,0.378516624041,1.27609774007,0.408327709025,4.48120639885,3.12518036829,1.27609774007,4.48120639885,0.364420579421,0.313672922252,39,0.0220214568041,0.147203842769,23,23,23,1,0,0.130434782609,0.739130434783,0.130434782609,-31,-0.0612648221344,0.935435183262,-2.69565217391,-3.2,-1.1,-0.798920148984,0.108475325453,0.0562143170839,-0.980424082038,0.122737139154,-0.00653594771242,-0.815146086598,0.0329651832403,0.0227853987445,0.19980189509,-0.0831887707661,1.59294628199,0.935435183262,0.19980189509,1.59294628199,0.0128079408514,-0.145239846395,-82,-0.0463015245624,-0.144561495068,-0.217391304348,0.130434782609,0.0869565217391,54,14,45,393,0.545454545455,0.965601965602,0.034398034398,0.454545454545,0.794117647059,0.545454545455,0.646706586826,0.59441836121,0.511056511057,0.477876106195,39,70,0,23,23,23,1,0,8,0,0.0386050732335,0,0,1,3.88826011686,0,16,NaN,1,ok,2.18974518502,0,23,19,19,0.826086956522,0,7,0,0.0332203389831,0,0,1,9.07142857143,0,16,NaN,1,ok,3.36036519871,0,23,23,23,1,0,3,0,0.00869990141555,0,0,1,5.48120639885,0,16,NaN,1,ok,3.12518036829,0,0,0,0
258,WLNM_dir_neg,0.781734693878,0.621587648587,00:00:01,10,30,58,507298704,fixed,validated_v2,/gpfs/scratch/acw792/wlnm_roleonly_v2_20260910/result_wlnm_dir_neg_roleonly_trophicv2_100x290_train10-90_Apocrita_20260910_011848/ecological_snapshots/Broadstone_Stream_tax_mass_K10_ratio0.3_exp58_seed507298704_threshold0.5_validated_v2.mat,role_only,2,uniform_without_replacement,uniform_remaining_nonlinks,176,0,176,407,198,198,176,22,0,22,0.111111111111,58,140,0.5,0.737704918033,0.642857142857,0.687022900763,45,16,25,124,0.642857142857,0.885714285714,0.114285714286,0.357142857143,0.737704918033,0.642857142857,0.687022900763,0.804761904762,0.569841269841,0.546125461255,0.548856320985,0.528571428571,99,29,70,0,99,0,29,0,70,23,99,0.195652173913,2.18974518502,8.60869565217,6.6,4.5,4.59979377438,0.534319478842,0.291611769873,4.28989068105,0.996641269334,0.541062801932,2.91445898002,0.677096530713,0.355731225296,1.07629584498,0.491516479791,2.88826011686,2.18974518502,1.07629584498,2.88826011686,0.351612638569,0.458912768647,121,0.0683229813665,0.291765337837,23,23,23,1,0,0.347826086957,0.608695652174,0.0434782608696,23,0.0573122529644,1.94598155468,2.52173913043,2.41666666667,1.93333333333,1.72862439312,0.685488983479,0.377811094453,1.48377256602,1.17678513857,0.611694152924,1.45281517639,1.15223272611,0.56071964018,1.16721058201,0.599805573289,3.72727272727,2.08787878788,1.18953843635,3.72727272727,0.127083333333,0.171428571429,4,0.00225861095426,0.0989177489177,23,20,20,0.869565217391,0,0.347826086957,0.304347826087,0.217391304348,23,90,0.177865612648,NaN,7.82608695652,3.91304347826,3.91304347826,4.69673168677,0.600137937754,0.316425120773,3.28789852031,0.840240732968,0.442512077295,3.6669660915,0.937113556716,0.413526570048,NaN,NaN,NaN,NaN,NaN,NaN,0.582648320406,0.461870503597,107,0.0604178430265,0.271500734082,23,23,0,1,6,0,1,0,-9,-0.0177865612648,NaN,-0.782608695652,-2.68695652174,-0.586956521739,0.0969379123972,0.0658184589127,0.0248133509003,-1.00199216074,-0.156400536367,-0.0985507246377,0.752507111475,0.260017026004,0.0577953447519,NaN,NaN,NaN,NaN,NaN,NaN,0.231035681837,0.00295773494984,-14,-0.00790513833992,-0.0202646037547,-0.347826086957,0.391304347826,-0.0434782608696,74,16,25,391,0.747474747475,0.960687960688,0.039312039312,0.252525252525,0.822222222222,0.747474747475,0.783068783069,0.734649073056,0.708162708163,0.64347826087,61,70,0,23,23,23,1,0,8,0,0.0386050732335,0,0,1,3.88826011686,0,16,NaN,1,ok,2.18974518502,0,23,20,20,0.869565217391,0,8,0,0.0381021107703,0,0,1,4.72727272727,0,16,NaN,1,ok,2.08787878788,0,23,23,0,1,6,0,23,NaN,NaN,NaN,NaN,NaN,0,0,NaN,0,no_basal_in_lcc,NaN,2,0,0,0
259,WLNM_dir_neg,0.865204081633,0.732737976594,00:00:01,10,30,59,507298705,fixed,validated_v2,/gpfs/scratch/acw792/wlnm_roleonly_v2_20260910/result_wlnm_dir_neg_roleonly_trophicv2_100x290_train10-90_Apocrita_20260910_011848/ecological_snapshots/Broadstone_Stream_tax_mass_K10_ratio0.3_exp59_seed507298705_threshold0.5_validated_v2.mat,role_only,2,uniform_without_replacement,uniform_remaining_nonlinks,176,0,176,407,198,198,176,22,0,22,0.111111111111,58,140,0.5,0.754385964912,0.614285714286,0.677165354331,43,14,27,126,0.614285714286,0.9,0.1,0.385714285714,0.754385964912,0.614285714286,0.677165354331,0.804761904762,0.57619047619,0.539325842697,0.545173020509,0.514285714286,99,29,70,0,99,0,29,0,70,23,99,0.195652173913,2.18974518502,8.60869565217,6.6,4.5,4.59979377438,0.534319478842,0.291611769873,4.28989068105,0.996641269334,0.541062801932,2.91445898002,0.677096530713,0.355731225296,1.07629584498,0.491516479791,2.88826011686,2.18974518502,1.07629584498,2.88826011686,0.351612638569,0.458912768647,121,0.0683229813665,0.291765337837,23,23,23,1,0,0.347826086957,0.608695652174,0.0434782608696,23,0.0573122529644,2.01594202899,2.52173913043,2.23076923077,2.07142857143,1.72862439312,0.685488983479,0.379310344828,1.48377256602,1.17678513857,0.605697151424,1.35570817805,1.07521683087,0.566716641679,1.08777038042,0.539584157076,3.33333333333,2.16833333333,1.0875007562,3.33333333333,0.108888888889,0.116883116883,3,0.0016939582157,0.0920024420024,23,20,20,0.869565217391,0,0.304347826087,0.304347826087,0.260869565217,23,86,0.169960474308,2.47655916083,7.47826086957,4.3,4.52631578947,3.64154768817,0.486951144348,0.273003033367,3.25041803332,0.869297846119,0.473205257836,3.53189868207,0.944577554507,0.467138523761,0.870237834568,0.351389883324,2.79911901984,2.47655916083,0.870237834568,2.79911901984,0.410581590127,0.371980676329,77,0.0434782608696,0.247378060536,23,23,23,1,0,0.130434782609,0.695652173913,0.173913043478,-13,-0.0256916996047,0.286813975801,-1.13043478261,-2.3,0.0263157894737,-0.958246086207,-0.0473683344935,-0.0186087365056,-1.03947264773,-0.127343423215,-0.0678575440962,0.617439702044,0.267481023794,0.111407298465,-0.206058010416,-0.140126596467,-0.0891410970212,0.286813975801,-0.206058010416,-0.0891410970212,0.0589689515579,-0.0869320923188,-44,-0.0248447204969,-0.0443872773008,-0.217391304348,0.0869565217391,0.130434782609,72,14,27,393,0.727272727273,0.965601965602,0.034398034398,0.272727272727,0.837209302326,0.727272727273,0.778378378378,0.731805434305,0.692874692875,0.637168141593,57,70,0,23,23,23,1,0,8,0,0.0386050732335,0,0,1,3.88826011686,0,16,NaN,1,ok,2.18974518502,0,23,20,20,0.869565217391,0,7,0,0.04212004212,0,0,1,4.33333333333,0,16,NaN,1,ok,2.16833333333,0,23,23,23,1,0,3,0,0.0107065807394,0,0,1,3.79911901984,0,16,NaN,1,ok,2.47655916083,0,0,0,0
260,WLNM_dir_neg,0.855459183673,0.733227785229,00:00:02,10,30,60,507298706,fixed,validated_v2,/gpfs/scratch/acw792/wlnm_roleonly_v2_20260910/result_wlnm_dir_neg_roleonly_trophicv2_100x290_train10-90_Apocrita_20260910_011848/ecological_snapshots/Broadstone_Stream_tax_mass_K10_ratio0.3_exp60_seed507298706_threshold0.5_validated_v2.mat,role_only,2,uniform_without_replacement,uniform_remaining_nonlinks,176,0,176,407,198,198,176,22,0,22,0.111111111111,58,140,0.5,0.825,0.471428571429,0.6,33,7,37,133,0.471428571429,0.95,0.05,0.528571428571,0.825,0.471428571429,0.6,0.790476190476,0.603174603175,0.472,0.50592082617,0.421428571429,99,29,70,0,99,0,29,0,70,23,99,0.195652173913,2.18974518502,8.60869565217,6.6,4.5,4.59979377438,0.534319478842,0.291611769873,4.28989068105,0.996641269334,0.541062801932,2.91445898002,0.677096530713,0.355731225296,1.07629584498,0.491516479791,2.88826011686,2.18974518502,1.07629584498,2.88826011686,0.351612638569,0.458912768647,121,0.0683229813665,0.291765337837,23,23,23,1,0,0.347826086957,0.608695652174,0.0434782608696,23,0.0573122529644,1.63507246377,2.52173913043,2.63636363636,1.70588235294,1.67520867675,0.664306889058,0.365817091454,1.65741834584,1.31450420532,0.656671664168,1.21421097854,0.962994914011,0.47676161919,0.742034379098,0.453823543323,2.33333333333,1.69555555556,0.749335508103,2.33333333333,0.153333333333,0.2,5,0.00282326369283,0.0841847041847,23,21,21,0.913043478261,0,0.434782608696,0.304347826087,0.173913043478,23,69,0.136363636364,1.93902005385,6,5.75,3.45,4.30644337539,0.717740562565,0.393824826717,3.78993883376,1.26331294459,0.645242596093,2.11057941204,0.703526470681,0.390674228103,1.00019595002,0.51582548001,2.42404943863,1.98170278357,1.00206415642,2.42404943863,0.442281987019,0.489795918367,72,0.0406549971767,0.180698762517,23,22,22,0.95652173913,0,0.434782608696,0.434782608696,0.0869565217391,-30,-0.0592885375494,-0.250725131178,-2.60869565217,-0.85,-1.05,-0.293350398985,0.183421083723,0.102213056844,-0.499951847288,0.266671675252,0.104179794161,-0.80387956798,0.0264299399687,0.0349430028069,-0.0760998949585,0.0243090002188,-0.464210678232,-0.208042401458,-0.0742316885655,-0.464210678232,0.0906693484497,0.0308831497201,-49,-0.0276679841897,-0.11106657532,0.0869565217391,-0.173913043478,0.0434782608696,62,7,37,400,0.626262626263,0.982800982801,0.017199017199,0.373737373737,0.898550724638,0.626262626263,0.738095238095,0.7040640827,0.609063609064,0.584905660377,40,70,0,23,23,23,1,0,8,0,0.0386050732335,0,0,1,3.88826011686,0,16,NaN,1,ok,2.18974518502,0,23,21,21,0.913043478261,0,10,0,0.0749462884932,0,0,1,3.33333333333,0,16,NaN,1,ok,1.69555555556,0,23,22,22,0.95652173913,0,10,0,0.0865710487474,0,0,1,3.42404943863,0,16,NaN,1,ok,1.98170278357,0,0,0,0
261,WLNM_dir_neg,0.876479591837,0.680455214274,00:00:01,10,30,61,507298707,fixed,validated_v2,/gpfs/scratch/acw792/wlnm_roleonly_v2_20260910/result_wlnm_dir_neg_roleonly_trophicv2_100x290_train10-90_Apocrita_20260910_011848/ecological_snapshots/Broadstone_Stream_tax_mass_K10_ratio0.3_exp61_seed507298707_threshold0.5_validated_v2.mat,role_only,2,uniform_without_replacement,uniform_remaining_nonlinks,176,0,176,407,198,198,176,22,0,22,0.111111111111,58,140,0.5,0.761904761905,0.457142857143,0.571428571429,32,10,38,130,0.457142857143,0.928571428571,0.0714285714286,0.542857142857,0.761904761905,0.457142857143,0.571428571429,0.771428571429,0.6,0.428571428571,0.454568645048,0.385714285714,99,29,70,0,99,0,29,0,70,23,99,0.195652173913,2.18974518502,8.60869565217,6.6,4.5,4.59979377438,0.534319478842,0.291611769873,4.28989068105,0.996641269334,0.541062801932,2.91445898002,0.677096530713,0.355731225296,1.07629584498,0.491516479791,2.88826011686,2.18974518502,1.07629584498,2.88826011686,0.351612638569,0.458912768647,121,0.0683229813665,0.291765337837,23,23,23,1,0,0.347826086957,0.608695652174,0.0434782608696,23,0.0573122529644,2.01180124224,2.52173913043,2.07142857143,1.8125,1.67520867675,0.664306889058,0.349325337331,1.48377256602,1.17678513857,0.581709145427,1.25108648434,0.992241004823,0.512743628186,0.996139600363,0.495148118736,3.01428571429,2.10816326531,0.989646106904,3.01428571429,0.272321428571,0.24,6,0.00338791643139,0.0771193092622,23,21,21,0.913043478261,0,0.304347826087,0.391304347826,0.217391304348,23,71,0.140316205534,8.62679832044,6.17391304348,4.4375,3.55,3.8571324006,0.62474679728,0.3447642376,2.96821102347,0.961533148448,0.514390691978,2.33380382985,0.756020958964,0.412737293325,6.21572705007,0.72051377802,15.2965680226,8.62679832044,6.21572705007,15.2965680226,0.428300006871,0.417808219178,61,0.0344438170525,0.15775674897,23,23,23,1,0,0.304347826087,0.565217391304,0.130434782609,-28,-0.0553359683794,6.43705313541,-2.4347826087,-2.1625,-0.95,-0.742661373781,0.0904273184379,0.0531524677269,-1.32167965758,-0.0351081208866,-0.0266721099544,-0.580655150178,0.0789244282516,0.0570060680287,5.13943120509,0.228997298229,12.4083079058,6.43705313541,5.13943120509,12.4083079058,0.0766873683023,-0.0411045494692,-60,-0.0338791643139,-0.134008588867,-0.0434782608696,-0.0434782608696,0.0869565217391,61,10,38,397,0.616161616162,0.97542997543,0.02457002457,0.383838383838,0.859154929577,0.616161616162,0.717647058824,0.675714116132,0.591591591592,0.559633027523,42,70,0,23,23,23,1,0,8,0,0.0386050732335,0,0,1,3.88826011686,0,16,NaN,1,ok,2.18974518502,0,23,21,21,0.913043478261,0,7,0,0.039471211077,0,0,1,4.01428571429,0,16,NaN,1,ok,2.10816326531,0,23,23,23,1,0,7,0,0.00566057805675,0,0,1,16.2965680226,0,16,NaN,1,ok,8.62679832044,0,0,0,0
262,WLNM_dir_neg,0.897448979592,0.756219681308,00:00:01,10,30,62,507298708,fixed,validated_v2,/gpfs/scratch/acw792/wlnm_roleonly_v2_20260910/result_wlnm_dir_neg_roleonly_trophicv2_100x290_train10-90_Apocrita_20260910_011848/ecological_snapshots/Broadstone_Stream_tax_mass_K10_ratio0.3_exp62_seed507298708_threshold0.5_validated_v2.mat,role_only,2,uniform_without_replacement,uniform_remaining_nonlinks,176,0,176,407,198,198,176,22,0,22,0.111111111111,58,140,0.5,0.810344827586,0.671428571429,0.734375,47,11,23,129,0.671428571429,0.921428571429,0.0785714285714,0.328571428571,0.810344827586,0.671428571429,0.734375,0.838095238095,0.574603174603,0.619402985075,0.625068054371,0.592857142857,99,29,70,0,99,0,29,0,70,23,99,0.195652173913,2.18974518502,8.60869565217,6.6,4.5,4.59979377438,0.534319478842,0.291611769873,4.28989068105,0.996641269334,0.541062801932,2.91445898002,0.677096530713,0.355731225296,1.07629584498,0.491516479791,2.88826011686,2.18974518502,1.07629584498,2.88826011686,0.351612638569,0.458912768647,121,0.0683229813665,0.291765337837,23,23,23,1,0,0.347826086957,0.608695652174,0.0434782608696,23,0.0573122529644,1.69565217391,2.52173913043,2.41666666667,2.07142857143,1.83078634912,0.726001483272,0.386806596702,1.48377256602,1.17678513857,0.611694152924,1.71138942235,1.35730885221,0.620689655172,0.753614478768,0.444439307991,2,1.7619047619,0.756125776889,2,0.0472222222222,0.04,1,0.000564652738566,0.16075036075,23,21,21,0.913043478261,0,0.391304347826,0.217391304348,0.304347826087,23,87,0.171936758893,2.01158216042,7.5652173913,6.21428571429,3.78260869565,4.03198673064,0.532963763245,0.294352823588,4.3896212483,1.16047458288,0.606696651674,2.08798558292,0.551996188587,0.281859070465,0.903830467732,0.449313224941,2.36885620862,2.01158216042,0.903830467732,2.36885620862,0.354250097728,0.344410876133,76,0.042913608131,0.204818044967,23,23,23,1,0,0.391304347826,0.608695652174,0,-12,-0.0237154150198,-0.178163024604,-1.04347826087,-0.385714285714,-0.717391304348,-0.567807043738,-0.00135571559643,0.00274105371557,0.0997305672562,0.163833313551,0.0656338497418,-0.826473397108,-0.125100342126,-0.0738721548317,-0.172465377252,-0.0422032548507,-0.519403908236,-0.178163024604,-0.172465377252,-0.519403908236,0.0026374591592,-0.114501892514,-45,-0.0254093732355,-0.0869472928701,0.0434782608696,0,-0.0434782608696,76,11,23,396,0.767676767677,0.972972972973,0.027027027027,0.232323232323,0.873563218391,0.767676767677,0.817204301075,0.778683620046,0.74064974065,0.690909090909,58,70,0,23,23,23,1,0,8,0,0.0386050732335,0,0,1,3.88826011686,0,16,NaN,1,ok,2.18974518502,0,23,21,21,0.913043478261,0,9,0,0.0418118466899,0,0,1,3,0,16,NaN,1,ok,1.7619047619,0,23,23,23,1,0,9,0,0.0245351537226,0,0,1,3.36885620862,0,16,NaN,1,ok,2.01158216042,0,0,0,0
263,WLNM_dir_neg,0.776224489796,0.576787792728,00:00:01,10,30,63,507298709,fixed,validated_v2,/gpfs/scratch/acw792/wlnm_roleonly_v2_20260910/result_wlnm_dir_neg_roleonly_trophicv2_100x290_train10-90_Apocrita_20260910_011848/ecological_snapshots/Broadstone_Stream_tax_mass_K10_ratio0.3_exp63_seed507298709_threshold0.5_validated_v2.mat,role_only,2,uniform_without_replacement,uniform_remaining_nonlinks,176,0,176,407,198,198,176,22,0,22,0.111111111111,58,140,0.5,0.623188405797,0.614285714286,0.618705035971,43,26,27,114,0.614285714286,0.814285714286,0.185714285714,0.385714285714,0.623188405797,0.614285714286,0.618705035971,0.747619047619,0.557142857143,0.430107526882,0.430132393619,0.428571428571,99,29,70,0,99,0,29,0,70,23,99,0.195652173913,2.18974518502,8.60869565217,6.6,4.5,4.59979377438,0.534319478842,0.291611769873,4.28989068105,0.996641269334,0.541062801932,2.91445898002,0.677096530713,0.355731225296,1.07629584498,0.491516479791,2.88826011686,2.18974518502,1.07629584498,2.88826011686,0.351612638569,0.458912768647,121,0.0683229813665,0.291765337837,23,23,23,1,0,0.347826086957,0.608695652174,0.0434782608696,23,0.0573122529644,2.05900621118,2.52173913043,2.23076923077,2.07142857143,2.21296931781,0.877556798443,0.43928035982,1.71138942235,1.35730885221,0.63868065967,1.42118360737,1.12714561964,0.578710644678,1.14729296901,0.557207143318,3.5,2.35317460317,1.13223059126,3.5,0.257142857143,0.214285714286,7,0.00395256916996,0.107967032967,23,18,18,0.782608695652,0,0.217391304348,0.391304347826,0.173913043478,23,98,0.193675889328,5.46072214608,8.52173913043,4.45454545455,4.45454545455,4.58128173031,0.53759938672,0.299467613132,3.78054098226,0.887269822368,0.466725820763,3.44063143391,0.807495132449,0.425909494232,1.46341553186,0.267989378091,5.96833716254,5.46072214608,1.46341553186,5.96833716254,0.490816671251,0.533898305085,147,0.0830039525692,0.198124218607,23,23,23,1,0,0.0434782608696,0.913043478261,0.0434782608696,-1,-0.00197628458498,3.27097696106,-0.0869565217391,-2.14545454545,-0.0454545454545,-0.0185120440652,0.0032799078785,0.00785584325957,-0.509349698783,-0.109371446966,-0.0743369811693,0.526172453889,0.130398601736,0.070178268936,0.387119686872,-0.2235271017,3.08007704568,3.27097696106,0.387119686872,3.08007704568,0.139204032682,0.0749855364375,26,0.0146809712027,-0.0936411192294,-0.304347826087,0.304347826087,0,72,26,27,381,0.727272727273,0.936117936118,0.0638820638821,0.272727272727,0.734693877551,0.727272727273,0.730964467005,0.665949101729,0.663390663391,0.576,69,70,0,23,23,23,1,0,8,0,0.0386050732335,0,0,1,3.88826011686,0,16,NaN,1,ok,2.18974518502,0,23,18,18,0.782608695652,0,5,0,0.0420831643486,0,0,1,4.5,0,16,NaN,1,ok,2.35317460317,0,23,23,23,1,0,1,0,0.00545806602527,0,0,1,6.96833716254,0,16,NaN,1,ok,5.46072214608,0,0,0,0
264,WLNM_dir_neg,0.742602040816,0.614164798353,00:00:01,10,30,64,507298710,fixed,validated_v2,/gpfs/scratch/acw792/wlnm_roleonly_v2_20260910/result_wlnm_dir_neg_roleonly_trophicv2_100x290_train10-90_Apocrita_20260910_011848/ecological_snapshots/Broadstone_Stream_tax_mass_K10_ratio0.3_exp64_seed507298710_threshold0.5_validated_v2.mat,role_only,2,uniform_without_replacement,uniform_remaining_nonlinks,176,0,176,407,198,198,176,22,0,22,0.111111111111,58,140,0.5,0.603174603175,0.542857142857,0.571428571429,38,25,32,115,0.542857142857,0.821428571429,0.178571428571,0.457142857143,0.603174603175,0.542857142857,0.571428571429,0.728571428571,0.566666666667,0.373626373626,0.374736707051,0.364285714286,99,29,70,0,99,0,29,0,70,23,99,0.195652173913,2.18974518502,8.60869565217,6.6,4.5,4.59979377438,0.534319478842,0.291611769873,4.28989068105,0.996641269334,0.541062801932,2.91445898002,0.677096530713,0.355731225296,1.07629584498,0.491516479791,2.88826011686,2.18974518502,1.07629584498,2.88826011686,0.351612638569,0.458912768647,121,0.0683229813665,0.291765337837,23,23,23,1,0,0.347826086957,0.608695652174,0.0434782608696,23,0.0573122529644,1.81922877847,2.52173913043,2.41666666667,1.70588235294,1.90381352261,0.754960534826,0.404797601199,1.65741834584,1.31450420532,0.653673163418,1.09616651457,0.869373442591,0.455772113943,0.930962858883,0.51173490102,2.73660714286,1.93906641604,0.96460339704,2.73660714286,0.440293040293,0.276315789474,7,0.00395256916996,0.0884018759019,23,19,19,0.826086956522,0,0.391304347826,0.347826086957,0.173913043478,23,92,0.181818181818,4.31809359525,8,4.18181818182,4.6,4.03394686042,0.504243357553,0.275519848771,2.98481002898,0.746202507245,0.405482041588,3.33030165164,0.83257541291,0.442344045369,1.40984682316,0.326497513791,5.05795262295,4.31809359525,1.40984682316,5.05795262295,0.354503226242,0.405279503106,87,0.0491247882552,0.223392264301,23,23,23,1,0,0.0434782608696,0.826086956522,0.130434782609,-7,-0.0138339920949,2.12834841022,-0.608695652174,-2.41818181818,0.1,-0.565846913953,-0.0300761212887,-0.0160919211014,-1.30508065207,-0.25043876209,-0.135580760344,0.415842671615,0.155478882197,0.0866128200722,0.333550978181,-0.165018966,2.16969250609,2.12834841022,0.333550978181,2.16969250609,0.0028905876732,-0.0536332655417,-34,-0.0191981931112,-0.0683730735354,-0.304347826087,0.217391304348,0.0869565217391,67,25,32,382,0.676767676768,0.938574938575,0.0614250614251,0.323232323232,0.728260869565,0.676767676768,0.701570680628,0.632903810939,0.615342615343,0.540322580645,63,70,0,23,23,23,1,0,8,0,0.0386050732335,0,0,1,3.88826011686,0,16,NaN,1,ok,2.18974518502,0,23,19,19,0.826086956522,0,8,0,0.0349314470352,0,0,1,3.73660714286,0,16,NaN,1,ok,1.93906641604,0,23,23,23,1,0,1,0,0.00556055711487,0,0,1,6.05795262295,0,16,NaN,1,ok,4.31809359525,0,0,0,0
265,WLNM_dir_neg,0.802295918367,0.667387977132,00:00:02,10,30,65,507298711,fixed,validated_v2,/gpfs/scratch/acw792/wlnm_roleonly_v2_20260910/result_wlnm_dir_neg_roleonly_trophicv2_100x290_train10-90_Apocrita_20260910_011848/ecological_snapshots/Broadstone_Stream_tax_mass_K10_ratio0.3_exp65_seed507298711_threshold0.5_validated_v2.mat,role_only,2,uniform_without_replacement,uniform_remaining_nonlinks,176,0,176,407,198,198,176,22,0,22,0.111111111111,58,140,0.5,0.826923076923,0.614285714286,0.704918032787,43,9,27,131,0.614285714286,0.935714285714,0.0642857142857,0.385714285714,0.826923076923,0.614285714286,0.704918032787,0.828571428571,0.584126984127,0.587786259542,0.600683236436,0.55,99,29,70,0,99,0,29,0,70,23,99,0.195652173913,2.18974518502,8.60869565217,6.6,4.5,4.59979377438,0.534319478842,0.291611769873,4.28989068105,0.996641269334,0.541062801932,2.91445898002,0.677096530713,0.355731225296,1.07629584498,0.491516479791,2.88826011686,2.18974518502,1.07629584498,2.88826011686,0.351612638569,0.458912768647,121,0.0683229813665,0.291765337837,23,23,23,1,0,0.347826086957,0.608695652174,0.0434782608696,23,0.0573122529644,2.36503623188,2.52173913043,2.07142857143,1.61111111111,1.64785163767,0.65345840804,0.35832083958,1.48377256602,1.17678513857,0.569715142429,0.963770592486,0.764369780247,0.404797601199,1.3931009774,0.589040014954,3.875,2.49503968254,1.38950531955,3.875,0.0270833333333,0.0405405405405,1,0.000564652738566,0.053872318158,23,21,21,0.913043478261,0,0.304347826087,0.478260869565,0.130434782609,23,81,0.160079051383,3.68121416403,7.04347826087,5.4,3.68181818182,4.45664224266,0.632733157908,0.348362855609,3.54028202802,1.00526526722,0.541062801932,2.98282302552,0.846974439346,0.449812130972,2.21571870747,0.60189888682,5.48549113694,3.68121416403,2.21571870747,5.48549113694,0.392373737374,0.447841726619,83,0.046866177301,0.231626799127,23,23,23,1,0,0.347826086957,0.608695652174,0.0434782608696,-18,-0.0355731225296,1.491468979,-1.5652173913,-1.2,-0.818181818182,-0.143151531718,0.0984136790666,0.0567510857366,-0.749608653024,0.00862399788228,0,0.068364045497,0.169877908633,0.0940809056751,1.13942286249,0.110382407029,2.59723102008,1.491468979,1.13942286249,2.59723102008,0.0407610988046,-0.0110710420286,-38,-0.0214568040655,-0.06013853871,0,0,0,72,9,27,398,0.727272727273,0.977886977887,0.022113022113,0.272727272727,0.888888888889,0.727272727273,0.8,0.76289595984,0.70515970516,0.666666666667,52,70,0,23,23,23,1,0,8,0,0.0386050732335,0,0,1,3.88826011686,0,16,NaN,1,ok,2.18974518502,0,23,21,21,0.913043478261,0,7,0,0.0357541899441,0,0,1,4.875,0,16,NaN,1,ok,2.49503968254,0,23,23,23,1,0,8,0,0.0203188650669,0,0,1,6.48549113694,0,16,NaN,1,ok,3.68121416403,0,0,0,0
266,WLNM_dir_neg,0.827244897959,0.69868450072,00:00:02,10,30,66,507298712,fixed,validated_v2,/gpfs/scratch/acw792/wlnm_roleonly_v2_20260910/result_wlnm_dir_neg_roleonly_trophicv2_100x290_train10-90_Apocrita_20260910_011848/ecological_snapshots/Broadstone_Stream_tax_mass_K10_ratio0.3_exp66_seed507298712_threshold0.5_validated_v2.mat,role_only,2,uniform_without_replacement,uniform_remaining_nonlinks,176,0,176,407,198,198,176,22,0,22,0.111111111111,58,140,0.5,0.731707317073,0.428571428571,0.540540540541,30,11,40,129,0.428571428571,0.921428571429,0.0785714285714,0.571428571429,0.731707317073,0.428571428571,0.540540540541,0.757142857143,0.601587301587,0.390438247012,0.416241905974,0.35,99,29,70,0,99,0,29,0,70,23,99,0.195652173913,2.18974518502,8.60869565217,6.6,4.5,4.59979377438,0.534319478842,0.291611769873,4.28989068105,0.996641269334,0.541062801932,2.91445898002,0.677096530713,0.355731225296,1.07629584498,0.491516479791,2.88826011686,2.18974518502,1.07629584498,2.88826011686,0.351612638569,0.458912768647,121,0.0683229813665,0.291765337837,23,23,23,1,0,0.347826086957,0.608695652174,0.0434782608696,23,0.0573122529644,2.02115942029,2.52173913043,2.23076923077,1.8125,1.78043828152,0.706035870259,0.377811094453,1.42118360737,1.12714561964,0.575712143928,1.32175473259,1.04828823619,0.524737631184,1.08700060341,0.537810423313,2.8,2.18350877193,1.1146751028,2.8,0.2,0.303797468354,8,0.00451722190853,0.0814255189255,23,19,19,0.826086956522,0,0.391304347826,0.304347826087,0.260869565217,23,70,0.138339920949,2.64320054642,6.08695652174,3.33333333333,4.11764705882,3.28789852031,0.540154756908,0.301242236025,2.70484852323,0.888735943346,0.463354037267,2.89950247879,0.952693671602,0.490683229814,0.901130029155,0.340923820697,3.00341997264,2.64320054642,0.901130029155,3.00341997264,0.347386199659,0.330985915493,47,0.0265386787126,0.215513349085,23,23,23,1,0,0.0869565217391,0.652173913043,0.260869565217,-29,-0.0573122529644,0.4534553614,-2.52173913043,-3.26666666667,-0.382352941176,-1.31189525407,0.00583527806592,0.00963046615221,-1.58504215782,-0.107905325989,-0.0777087646653,-0.014956501235,0.275597140889,0.134952004517,-0.175165815828,-0.150592659095,0.115159855782,0.4534553614,-0.175165815828,0.115159855782,-0.00422643891023,-0.127926853154,-74,-0.0417843026539,-0.076251988752,-0.260869565217,0.0434782608696,0.217391304348,59,11,40,396,0.59595959596,0.972972972973,0.027027027027,0.40404040404,0.842857142857,0.59595959596,0.698224852071,0.653707297652,0.568932568933,0.536363636364,41,70,0,23,23,23,1,0,8,0,0.0386050732335,0,0,1,3.88826011686,0,16,NaN,1,ok,2.18974518502,0,23,19,19,0.826086956522,0,7,0,0.0347912813049,0,0,1,3.8,0,16,NaN,1,ok,2.18350877193,0,23,23,23,1,0,2,0,0.00738769600268,0,0,1,4.00341997264,0,16,NaN,1,ok,2.64320054642,0,0,0,0
267,WLNM_dir_neg,0.742908163265,0.643374419966,00:00:02,10,30,67,507298713,fixed,validated_v2,/gpfs/scratch/acw792/wlnm_roleonly_v2_20260910/result_wlnm_dir_neg_roleonly_trophicv2_100x290_train10-90_Apocrita_20260910_011848/ecological_snapshots/Broadstone_Stream_tax_mass_K10_ratio0.3_exp67_seed507298713_threshold0.5_validated_v2.mat,role_only,2,uniform_without_replacement,uniform_remaining_nonlinks,176,0,176,407,198,198,176,22,0,22,0.111111111111,58,140,0.5,0.820512820513,0.457142857143,0.587155963303,32,7,38,133,0.457142857143,0.95,0.05,0.542857142857,0.820512820513,0.457142857143,0.587155963303,0.785714285714,0.604761904762,0.457831325301,0.493548116793,0.407142857143,99,29,70,0,99,0,29,0,70,23,99,0.195652173913,2.18974518502,8.60869565217,6.6,4.5,4.59979377438,0.534319478842,0.291611769873,4.28989068105,0.996641269334,0.541062801932,2.91445898002,0.677096530713,0.355731225296,1.07629584498,0.491516479791,2.88826011686,2.18974518502,1.07629584498,2.88826011686,0.351612638569,0.458912768647,121,0.0683229813665,0.291765337837,23,23,23,1,0,0.347826086957,0.608695652174,0.0434782608696,23,0.0573122529644,1.88876811594,2.52173913043,2.41666666667,1.70588235294,1.9970333729,0.791927027186,0.422788605697,1.57299342033,1.24754650578,0.632683658171,1.2869057783,1.02064941037,0.491754122939,1.02714301934,0.543816369339,3.175,1.97341269841,1.03634513719,3.175,0.174358974359,0.153846153846,4,0.00225861095426,0.0840187590188,23,21,21,0.913043478261,0,0.391304347826,0.347826086957,0.173913043478,23,68,0.134387351779,2.42705990744,5.91304347826,4.85714285714,3.09090909091,3.70396646704,0.62640609369,0.34462915601,3.37744202386,1.1423700963,0.593350383632,2.20491724993,0.745780834536,0.386189258312,1.28784459502,0.530619203538,3.72719594595,2.42705990744,1.28784459502,3.72719594595,0.350931079503,0.379474940334,53,0.029926595144,0.166243107192,23,23,23,1,0,0.391304347826,0.565217391304,0.0434782608696,-31,-0.0612648221344,0.237314722411,-2.69565217391,-1.74285714286,-1.40909090909,-0.89582730734,0.0920866148483,0.0530173861376,-0.912448657192,0.14572882697,0.0522875816993,-0.709541730092,0.0686843038234,0.0304580330156,0.21154875004,0.0391027237469,0.838935829088,0.237314722411,0.21154875004,0.838935829088,-0.000681559066652,-0.0794378283132,-68,-0.0383963862225,-0.125522230645,0.0434782608696,-0.0434782608696,0,61,7,38,400,0.616161616162,0.982800982801,0.017199017199,0.383838383838,0.897058823529,0.616161616162,0.730538922156,0.696663399837,0.598962598963,0.575471698113,39,70,0,23,23,23,1,0,8,0,0.0386050732335,0,0,1,3.88826011686,0,16,NaN,1,ok,2.18974518502,0,23,21,21,0.913043478261,0,9,0,0.048123517027,0,0,1,4.175,0,16,NaN,1,ok,1.97341269841,0,23,23,23,1,0,9,0,0.0287194345228,0,0,1,4.72719594595,0,16,NaN,1,ok,2.42705990744,0,0,0,0
268,WLNM_dir_neg,0.805,0.686360107294,00:00:00,10,30,68,507298714,fixed,validated_v2,/gpfs/scratch/acw792/wlnm_roleonly_v2_20260910/result_wlnm_dir_neg_roleonly_trophicv2_100x290_train10-90_Apocrita_20260910_011848/ecological_snapshots/Broadstone_Stream_tax_mass_K10_ratio0.3_exp68_seed507298714_threshold0.5_validated_v2.mat,role_only,2,uniform_without_replacement,uniform_remaining_nonlinks,176,0,176,407,198,198,176,22,0,22,0.111111111111,58,140,0.5,0.775,0.442857142857,0.563636363636,31,9,39,131,0.442857142857,0.935714285714,0.0642857142857,0.557142857143,0.775,0.442857142857,0.563636363636,0.771428571429,0.603174603175,0.424,0.454471250628,0.378571428571,99,29,70,0,99,0,29,0,70,23,99,0.195652173913,2.18974518502,8.60869565217,6.6,4.5,4.59979377438,0.534319478842,0.291611769873,4.28989068105,0.996641269334,0.541062801932,2.91445898002,0.677096530713,0.355731225296,1.07629584498,0.491516479791,2.88826011686,2.18974518502,1.07629584498,2.88826011686,0.351612638569,0.458912768647,121,0.0683229813665,0.291765337837,23,23,23,1,0,0.347826086957,0.608695652174,0.0434782608696,23,0.0573122529644,1.57578502415,2.52173913043,2.9,2.07142857143,1.97414113011,0.782849068836,0.428785607196,1.7892962381,1.41909701642,0.689655172414,1.25108648434,0.992241004823,0.530734632684,0.724721639798,0.459911490901,2.16666666667,1.73572530864,0.745053252782,2.16666666667,0.214583333333,0.172413793103,5,0.00282326369283,0.103253968254,23,18,18,0.782608695652,0,0.347826086957,0.260869565217,0.173913043478,23,69,0.136363636364,1,6,3.45,3.28571428571,3.75378596765,0.625630994608,0.341524889729,3.41121146169,1.13707048723,0.54820415879,2.43086217402,0.810287391341,0.414618777568,0,0,0,NaN,NaN,NaN,0.503945044854,0.415178571429,62,0.0350084697911,0.215022046667,23,23,0,1,7,0.130434782609,0.782608695652,0.0869565217391,-30,-0.0592885375494,-1.18974518502,-2.60869565217,-3.15,-1.21428571429,-0.846007806729,0.0913115157662,0.0499131198564,-0.878679219357,0.140429217896,0.0071413568578,-0.483596806002,0.133190860628,0.0588875522713,-1.07629584498,-0.491516479791,-2.88826011686,NaN,NaN,NaN,0.152332406285,-0.0437341972187,-59,-0.0333145115754,-0.07674329117,-0.217391304348,0.173913043478,0.0434782608696,60,9,39,398,0.606060606061,0.977886977887,0.022113022113,0.393939393939,0.869565217391,0.606060606061,0.714285714286,0.675030512279,0.583947583948,0.555555555556,40,70,0,23,23,23,1,0,8,0,0.0386050732335,0,0,1,3.88826011686,0,16,NaN,1,ok,2.18974518502,0,23,18,18,0.782608695652,0,8,0,0.112670546237,0,0,1,3.16666666667,0,16,NaN,1,ok,1.73572530864,0,23,23,0,1,7,3,11,NaN,NaN,NaN,NaN,NaN,0,0,NaN,0,basal_unreachable_in_lcc,NaN,2,0,0,0
269,WLNM_dir_neg,0.890408163265,0.723950032419,00:00:00,10,30,69,507298715,fixed,validated_v2,/gpfs/scratch/acw792/wlnm_roleonly_v2_20260910/result_wlnm_dir_neg_roleonly_trophicv2_100x290_train10-90_Apocrita_20260910_011848/ecological_snapshots/Broadstone_Stream_tax_mass_K10_ratio0.3_exp69_seed507298715_threshold0.5_validated_v2.mat,role_only,2,uniform_without_replacement,uniform_remaining_nonlinks,176,0,176,407,198,198,176,22,0,22,0.111111111111,58,140,0.5,0.769230769231,0.571428571429,0.655737704918,40,12,30,128,0.571428571429,0.914285714286,0.0857142857143,0.428571428571,0.769230769231,0.571428571429,0.655737704918,0.8,0.584126984127,0.519083969466,0.530473507502,0.485714285714,99,29,70,0,99,0,29,0,70,23,99,0.195652173913,2.18974518502,8.60869565217,6.6,4.5,4.59979377438,0.534319478842,0.291611769873,4.28989068105,0.996641269334,0.541062801932,2.91445898002,0.677096530713,0.355731225296,1.07629584498,0.491516479791,2.88826011686,2.18974518502,1.07629584498,2.88826011686,0.351612638569,0.458912768647,121,0.0683229813665,0.291765337837,23,23,23,1,0,0.347826086957,0.608695652174,0.0434782608696,23,0.0573122529644,1.69162137681,2.52173913043,2.63636363636,2.07142857143,2.35235984448,0.932832352123,0.478260869565,1.83940186188,1.45883595942,0.689655172414,1.32175473259,1.04828823619,0.554722638681,0.807836294676,0.477551481525,2.21666666667,1.82818287037,0.840624694176,2.21666666667,0.49880952381,0.326086956522,10,0.00564652738566,0.096810966811,23,18,18,0.782608695652,0,0.391304347826,0.217391304348,0.260869565217,23,81,0.160079051383,3.7526504711,7.04347826087,5.78571428571,3.68181818182,5.06752818416,0.719463877998,0.391304347826,4.62079848686,1.31207858269,0.655931293612,2.10776842823,0.598502146287,0.322061191626,2.61323022501,0.696369204949,7.42287792977,3.7526504711,2.61323022501,7.42287792977,0.555810098992,0.481967213115,98,0.0553359683794,0.163167610126,23,23,23,1,0,0.391304347826,0.565217391304,0.0434782608696,-18,-0.0355731225296,1.56290528608,-1.5652173913,-0.814285714286,-0.818181818182,0.467734409781,0.185144399156,0.0996925779534,0.330907805808,0.315437313353,0.11486849168,-0.806690551796,-0.0785943844257,-0.03367003367,1.53693438003,0.204852725158,4.53461781291,1.56290528608,1.53693438003,4.53461781291,0.204197460423,0.0230544444675,-23,-0.012987012987,-0.128597727711,0.0434782608696,-0.0434782608696,0,69,12,30,395,0.69696969697,0.970515970516,0.029484029484,0.30303030303,0.851851851852,0.69696969697,0.766666666667,0.722137290673,0.667485667486,0.621621621622,52,70,0,23,23,23,1,0,8,0,0.0386050732335,0,0,1,3.88826011686,0,16,NaN,1,ok,2.18974518502,0,23,18,18,0.782608695652,0,8,0,0.0615611523478,0,0,1,3.21666666667,0,16,NaN,1,ok,1.82818287037,0,23,23,23,1,0,9,0,0.0160859673519,0,0,1,8.42287792977,0,16,NaN,1,ok,3.7526504711,0,0,0,0
270,WLNM_dir_neg,0.834081632653,0.704229739872,00:00:01,10,30,70,507298716,fixed,validated_v2,/gpfs/scratch/acw792/wlnm_roleonly_v2_20260910/result_wlnm_dir_neg_roleonly_trophicv2_100x290_train10-90_Apocrita_20260910_011848/ecological_snapshots/Broadstone_Stream_tax_mass_K10_ratio0.3_exp70_seed507298716_threshold0.5_validated_v2.mat,role_only,2,uniform_without_replacement,uniform_remaining_nonlinks,176,0,176,407,198,198,176,22,0,22,0.111111111111,58,140,0.5,0.80487804878,0.471428571429,0.594594594595,33,8,37,132,0.471428571429,0.942857142857,0.0571428571429,0.528571428571,0.80487804878,0.471428571429,0.594594594595,0.785714285714,0.601587301587,0.462151394422,0.492694500949,0.414285714286,99,29,70,0,99,0,29,0,70,23,99,0.195652173913,2.18974518502,8.60869565217,6.6,4.5,4.59979377438,0.534319478842,0.291611769873,4.28989068105,0.996641269334,0.541062801932,2.91445898002,0.677096530713,0.355731225296,1.07629584498,0.491516479791,2.88826011686,2.18974518502,1.07629584498,2.88826011686,0.351612638569,0.458912768647,121,0.0683229813665,0.291765337837,23,23,23,1,0,0.347826086957,0.608695652174,0.0434782608696,23,0.0573122529644,1.62379227053,2.52173913043,2.9,1.8125,1.70212608275,0.674981032815,0.370314842579,1.73774648492,1.37821272942,0.674662668666,1.05388421411,0.835839204297,0.452773613193,0.793148456449,0.488454385972,2.16666666667,1.75511695906,0.814988545851,2.16666666667,0.150980392157,0.197368421053,5,0.00282326369283,0.0748677248677,23,19,19,0.826086956522,0,0.391304347826,0.304347826087,0.130434782609,23,70,0.138339920949,2.54491905633,6.08695652174,5.83333333333,3.04347826087,4.36840977388,0.717667319995,0.396894409938,3.74746290987,1.23130924182,0.626086956522,1.9182914005,0.630295745879,0.341614906832,1.57118617287,0.617381589786,4.39924160117,2.54491905633,1.57118617287,4.39924160117,0.411255411255,0.434389140271,64,0.0361377752682,0.185728534191,23,23,23,1,0,0.478260869565,0.521739130435,0,-29,-0.0573122529644,0.355173871304,-2.52173913043,-0.766666666667,-1.45652173913,-0.231384000493,0.183347841154,0.105282640065,-0.542427771175,0.234667972481,0.0850241545894,-0.996167579524,-0.0468007848341,-0.0141163184641,0.49489032789,0.125865109995,1.51098148431,0.355173871304,0.49489032789,1.51098148431,0.0596427726863,-0.0245236283758,-57,-0.0321852060982,-0.106036803646,0.130434782609,-0.0869565217391,-0.0434782608696,62,8,37,399,0.626262626263,0.980343980344,0.019656019656,0.373737373737,0.885714285714,0.626262626263,0.733727810651,0.696995016978,0.606606606607,0.579439252336,41,70,0,23,23,23,1,0,8,0,0.0386050732335,0,0,1,3.88826011686,0,16,NaN,1,ok,2.18974518502,0,23,19,19,0.826086956522,0,9,0,0.101123595506,0,0,1,3.16666666667,0,16,NaN,1,ok,1.75511695906,0,23,23,23,1,0,11,0,0.0717895539022,0,0,1,5.39924160117,0,16,NaN,1,ok,2.54491905633,0,0,0,0
271,WLNM_dir_neg,0.697755102041,0.516219398991,00:00:00,10,30,71,507298717,fixed,validated_v2,/gpfs/scratch/acw792/wlnm_roleonly_v2_20260910/result_wlnm_dir_neg_roleonly_trophicv2_100x290_train10-90_Apocrita_20260910_011848/ecological_snapshots/Broadstone_Stream_tax_mass_K10_ratio0.3_exp71_seed507298717_threshold0.5_validated_v2.mat,role_only,2,uniform_without_replacement,uniform_remaining_nonlinks,176,0,176,407,198,198,176,22,0,22,0.111111111111,58,140,0.5,0.820512820513,0.457142857143,0.587155963303,32,7,38,133,0.457142857143,0.95,0.05,0.542857142857,0.820512820513,0.457142857143,0.587155963303,0.785714285714,0.604761904762,0.457831325301,0.493548116793,0.407142857143,99,29,70,0,99,0,29,0,70,23,99,0.195652173913,2.18974518502,8.60869565217,6.6,4.5,4.59979377438,0.534319478842,0.291611769873,4.28989068105,0.996641269334,0.541062801932,2.91445898002,0.677096530713,0.355731225296,1.07629584498,0.491516479791,2.88826011686,2.18974518502,1.07629584498,2.88826011686,0.351612638569,0.458912768647,121,0.0683229813665,0.291765337837,23,23,23,1,0,0.347826086957,0.608695652174,0.0434782608696,23,0.0573122529644,1.70962732919,2.52173913043,2.63636363636,1.70588235294,1.83078634912,0.726001483272,0.389805097451,1.88817832614,1.49752074142,0.698650674663,1.09616651457,0.869373442591,0.455772113943,0.867621280505,0.507491466526,2.66666666667,1.81607142857,0.88328177943,2.66666666667,0.0997023809524,0.0789473684211,2,0.00112930547713,0.0701948051948,23,20,20,0.869565217391,0,0.391304347826,0.347826086957,0.130434782609,23,68,0.134387351779,2.17138709806,5.91304347826,5.66666666667,2.95652173913,4.19862578685,0.710061713953,0.382992327366,4.09521073794,1.38514480842,0.673913043478,1.82104517615,0.615941750758,0.331202046036,1.26853630586,0.58420550946,3.45752968457,2.17138709806,1.26853630586,3.45752968457,0.355735930736,0.375886524823,53,0.029926595144,0.153475527415,23,23,23,1,0,0.478260869565,0.521739130435,0,-31,-0.0612648221344,-0.0183580869604,-2.69565217391,-0.933333333333,-1.54347826087,-0.401167987524,0.175742235111,0.0913805574931,-0.194679943107,0.388503539087,0.132850241546,-1.09341380387,-0.0611547799545,-0.0245291792606,0.192240460876,0.0926890296685,0.569269567708,-0.0183580869604,0.192240460876,0.569269567708,0.00412329216677,-0.0830262438246,-68,-0.0383963862225,-0.138289810422,0.130434782609,-0.0869565217391,-0.0434782608696,61,7,38,400,0.616161616162,0.982800982801,0.017199017199,0.383838383838,0.897058823529,0.616161616162,0.730538922156,0.696663399837,0.598962598963,0.575471698113,39,70,0,23,23,23,1,0,8,0,0.0386050732335,0,0,1,3.88826011686,0,16,NaN,1,ok,2.18974518502,0,23,20,20,0.869565217391,0,9,0,0.0747616020343,0,0,1,3.66666666667,0,16,NaN,1,ok,1.81607142857,0,23,23,23,1,0,11,0,0.0588070791128,0,0,1,4.45752968457,0,16,NaN,1,ok,2.17138709806,0,0,0,0
272,WLNM_dir_neg,0.769540816327,0.607820655004,00:00:02,10,30,72,507298718,fixed,validated_v2,/gpfs/scratch/acw792/wlnm_roleonly_v2_20260910/result_wlnm_dir_neg_roleonly_trophicv2_100x290_train10-90_Apocrita_20260910_011848/ecological_snapshots/Broadstone_Stream_tax_mass_K10_ratio0.3_exp72_seed507298718_threshold0.5_validated_v2.mat,role_only,2,uniform_without_replacement,uniform_remaining_nonlinks,176,0,176,407,198,198,176,22,0,22,0.111111111111,58,140,0.5,0.676470588235,0.328571428571,0.442307692308,23,11,47,129,0.328571428571,0.921428571429,0.0785714285714,0.671428571429,0.676470588235,0.328571428571,0.442307692308,0.72380952381,0.612698412698,0.286885245902,0.319931685556,0.25,99,29,70,0,99,0,29,0,70,23,99,0.195652173913,2.18974518502,8.60869565217,6.6,4.5,4.59979377438,0.534319478842,0.291611769873,4.28989068105,0.996641269334,0.541062801932,2.91445898002,0.677096530713,0.355731225296,1.07629584498,0.491516479791,2.88826011686,2.18974518502,1.07629584498,2.88826011686,0.351612638569,0.458912768647,121,0.0683229813665,0.291765337837,23,23,23,1,0,0.347826086957,0.608695652174,0.0434782608696,23,0.0573122529644,1.77173913043,2.52173913043,2.41666666667,2.07142857143,2.08609171805,0.827243267504,0.428785607196,1.93572611005,1.5352310528,0.680659670165,1.25108648434,0.992241004823,0.530734632684,0.835852946894,0.471769761437,2.08333333333,1.98611111111,0.824806594702,2.08333333333,0.254761904762,0.180722891566,5,0.00282326369283,0.122871572872,23,18,18,0.782608695652,0,0.260869565217,0.347826086957,0.173913043478,23,63,0.124505928854,5.73925216879,5.47826086957,4.2,3.31578947368,4.47081002644,0.816100242921,0.44099378882,3.78054098226,1.38019750146,0.651483781919,2.17876927946,0.7954237052,0.416839199448,3.70094974713,0.644848777904,8.8091954023,6.45013999411,3.43239884901,8.8091954023,0.606946140279,0.464467005076,61,0.0344438170525,0.140134062172,23,20,20,0.869565217391,0,0.217391304348,0.608695652174,0.0434782608696,-36,-0.0711462450593,3.54950698376,-3.13043478261,-2.4,-1.18421052632,-0.12898374794,0.281780764079,0.149382018947,-0.509349698783,0.383556232127,0.110420979986,-0.735689700564,0.118327174487,0.0611079741515,2.62465390214,0.153332298113,5.92093528544,4.26039480908,2.35610300403,5.92093528544,0.25533350171,0.00555423642886,-60,-0.0338791643139,-0.151631275665,-0.130434782609,0,0,52,11,47,396,0.525252525253,0.972972972973,0.027027027027,0.474747474747,0.825396825397,0.525252525253,0.641975308642,0.598643972599,0.498225498225,0.472727272727,34,70,0,23,23,23,1,0,8,0,0.0386050732335,0,0,1,3.88826011686,0,16,NaN,1,ok,2.18974518502,0,23,18,18,0.782608695652,0,6,0,0.0291438979964,0,0,1,3.08333333333,0,16,NaN,1,ok,1.98611111111,0,23,20,20,0.869565217391,0,5,0,0.00917769083924,0,0,1,9.8091954023,0,16,NaN,1,ok,6.45013999411,0,0,0,0
273,WLNM_dir_neg,0.689897959184,0.55285445533,00:00:01,10,30,73,507298719,fixed,validated_v2,/gpfs/scratch/acw792/wlnm_roleonly_v2_20260910/result_wlnm_dir_neg_roleonly_trophicv2_100x290_train10-90_Apocrita_20260910_011848/ecological_snapshots/Broadstone_Stream_tax_mass_K10_ratio0.3_exp73_seed507298719_threshold0.5_validated_v2.mat,role_only,2,uniform_without_replacement,uniform_remaining_nonlinks,176,0,176,407,198,198,176,22,0,22,0.111111111111,58,140,0.5,0.625,0.357142857143,0.454545454545,25,15,45,125,0.357142857143,0.892857142857,0.107142857143,0.642857142857,0.625,0.357142857143,0.454545454545,0.714285714286,0.603174603175,0.28,0.300122523999,0.25,99,29,70,0,99,0,29,0,70,23,99,0.195652173913,2.18974518502,8.60869565217,6.6,4.5,4.59979377438,0.534319478842,0.291611769873,4.28989068105,0.996641269334,0.541062801932,2.91445898002,0.677096530713,0.355731225296,1.07629584498,0.491516479791,2.88826011686,2.18974518502,1.07629584498,2.88826011686,0.351612638569,0.458912768647,121,0.0683229813665,0.291765337837,23,23,23,1,0,0.347826086957,0.608695652174,0.0434782608696,23,0.0573122529644,2.25362318841,2.52173913043,2.41666666667,1.8125,1.64785163767,0.65345840804,0.349325337331,1.81452200829,1.43910366175,0.671664167916,1.09616651457,0.869373442591,0.458770614693,1.57463284579,0.698711680768,5,2.37301587302,1.59852776181,5,0.0725490196078,0.0810810810811,2,0.00112930547713,0.0537463378372,23,21,21,0.913043478261,0,0.391304347826,0.304347826087,0.217391304348,23,69,0.136363636364,1,6,3.28571428571,3.28571428571,3.59292233552,0.598820389254,0.294896030246,2.86038776774,0.953462589246,0.473850031506,2.29624198915,0.765413996383,0.39445494644,0,0,0,NaN,NaN,NaN,0.297719912937,0.260479041916,29,0.0163749294184,0.151974332468,23,23,0,1,7,0.0869565217391,0.826086956522,0.0869565217391,-30,-0.0592885375494,-1.18974518502,-2.60869565217,-3.31428571429,-1.21428571429,-1.00687143886,0.0645009104118,0.00328426037311,-1.42950291331,-0.0431786800886,-0.0672127704264,-0.618216990876,0.08831746567,0.0387237211434,-1.07629584498,-0.491516479791,-2.88826011686,NaN,NaN,NaN,-0.0538927256319,-0.198433726731,-92,-0.0519480519481,-0.139791005369,-0.260869565217,0.217391304348,0.0434782608696,54,15,45,392,0.545454545455,0.963144963145,0.036855036855,0.454545454545,0.782608695652,0.545454545455,0.642857142857,0.587929801018,0.5085995086,0.473684210526,40,70,0,23,23,23,1,0,8,0,0.0386050732335,0,0,1,3.88826011686,0,16,NaN,1,ok,2.18974518502,0,23,21,21,0.913043478261,0,9,0,0.0610859728507,0,0,1,6,0,16,NaN,1,ok,2.37301587302,0,23,23,0,1,7,2,11,NaN,NaN,NaN,NaN,NaN,0,0,NaN,0,basal_unreachable_in_lcc,NaN,2,0,0,0
274,WLNM_dir_neg,0.784336734694,0.625379498057,00:00:02,10,30,74,507298720,fixed,validated_v2,/gpfs/scratch/acw792/wlnm_roleonly_v2_20260910/result_wlnm_dir_neg_roleonly_trophicv2_100x290_train10-90_Apocrita_20260910_011848/ecological_snapshots/Broadstone_Stream_tax_mass_K10_ratio0.3_exp74_seed507298720_threshold0.5_validated_v2.mat,role_only,2,uniform_without_replacement,uniform_remaining_nonlinks,176,0,176,407,198,198,176,22,0,22,0.111111111111,58,140,0.5,0.709090909091,0.557142857143,0.624,39,16,31,124,0.557142857143,0.885714285714,0.114285714286,0.442857142857,0.709090909091,0.557142857143,0.624,0.77619047619,0.579365079365,0.467924528302,0.474820540262,0.442857142857,99,29,70,0,99,0,29,0,70,23,99,0.195652173913,2.18974518502,8.60869565217,6.6,4.5,4.59979377438,0.534319478842,0.291611769873,4.28989068105,0.996641269334,0.541062801932,2.91445898002,0.677096530713,0.355731225296,1.07629584498,0.491516479791,2.88826011686,2.18974518502,1.07629584498,2.88826011686,0.351612638569,0.458912768647,121,0.0683229813665,0.291765337837,23,23,23,1,0,0.347826086957,0.608695652174,0.0434782608696,23,0.0573122529644,1.81685645273,2.52173913043,2.41666666667,1.70588235294,1.80578779629,0.716088264045,0.388305847076,1.76370970876,1.39880425177,0.662668665667,1.09616651457,0.869373442591,0.455772113943,0.906482423606,0.498929027798,2.33333333333,1.98882623225,0.908194549062,2.33333333333,0.0654761904762,0.075,2,0.00112930547713,0.0694985569986,23,19,19,0.826086956522,0,0.304347826087,0.434782608696,0.0869565217391,23,84,0.166007905138,1,7.30434782609,4.2,4,4.02757295074,0.551393915875,0.297619047619,3.40599332263,0.932593409769,0.492753623188,3.47207948762,0.950688431135,0.453416149068,0,0,0,NaN,NaN,NaN,0.408250876108,0.405940594059,82,0.0463015245624,0.216291573923,23,22,0,0.95652173913,7,0.0869565217391,0.826086956522,0.0434782608696,-15,-0.0296442687747,-1.18974518502,-1.30434782609,-2.4,-0.5,-0.572220823639,0.0170744370331,0.00600727774641,-0.883897358412,-0.0640478595651,-0.048309178744,0.5576205076,0.273591900422,0.0976849237719,-1.07629584498,-0.491516479791,-2.88826011686,NaN,NaN,NaN,0.0566382375389,-0.0529721745879,-39,-0.0220214568041,-0.0754737639136,-0.260869565217,0.217391304348,0,68,16,31,391,0.686868686869,0.960687960688,0.039312039312,0.313131313131,0.809523809524,0.686868686869,0.743169398907,0.690393508821,0.647556647557,0.591304347826,55,70,0,23,23,23,1,0,8,0,0.0386050732335,0,0,1,3.88826011686,0,16,NaN,1,ok,2.18974518502,0,23,19,19,0.826086956522,0,7,0,0.0664031620553,0,0,1,3.33333333333,0,16,NaN,1,ok,1.98882623225,0,23,22,0,0.95652173913,7,2,16,NaN,NaN,NaN,NaN,NaN,0,0,NaN,0,basal_unreachable_in_lcc,NaN,2,0,0,0
275,WLNM_dir_neg,0.792704081633,0.633126302951,00:00:02,10,30,75,507298721,fixed,validated_v2,/gpfs/scratch/acw792/wlnm_roleonly_v2_20260910/result_wlnm_dir_neg_roleonly_trophicv2_100x290_train10-90_Apocrita_20260910_011848/ecological_snapshots/Broadstone_Stream_tax_mass_K10_ratio0.3_exp75_seed507298721_threshold0.5_validated_v2.mat,role_only,2,uniform_without_replacement,uniform_remaining_nonlinks,176,0,176,407,198,198,176,22,0,22,0.111111111111,58,140,0.5,0.691176470588,0.671428571429,0.68115942029,47,21,23,119,0.671428571429,0.85,0.15,0.328571428571,0.691176470588,0.671428571429,0.68115942029,0.790476190476,0.55873015873,0.525179856115,0.525302217034,0.521428571429,99,29,70,0,99,0,29,0,70,23,99,0.195652173913,2.18974518502,8.60869565217,6.6,4.5,4.59979377438,0.534319478842,0.291611769873,4.28989068105,0.996641269334,0.541062801932,2.91445898002,0.677096530713,0.355731225296,1.07629584498,0.491516479791,2.88826011686,2.18974518502,1.07629584498,2.88826011686,0.351612638569,0.458912768647,121,0.0683229813665,0.291765337837,23,23,23,1,0,0.347826086957,0.608695652174,0.0434782608696,23,0.0573122529644,2.66666666667,2.52173913043,1.93333333333,1.8125,1.50361882311,0.596262636751,0.326836581709,1.35570817805,1.07521683087,0.551724137931,1.32175473259,1.04828823619,0.521739130435,2.06216518556,0.773311944584,6.5,2.74242424242,2.0776763022,6.5,0.164583333333,0.260869565217,6,0.00338791643139,0.0896825396825,23,22,22,0.95652173913,0,0.304347826087,0.391304347826,0.260869565217,23,97,0.191699604743,NaN,8.4347826087,4.21739130435,4.21739130435,4.77518288042,0.566129929123,0.303003137606,3.28849954371,0.779747314489,0.414164051995,3.64263293561,0.863717087824,0.415060510982,NaN,NaN,NaN,NaN,NaN,NaN,0.432544295716,0.476,119,0.0671936758893,0.210377855501,23,23,0,1,6,0,1,0,-2,-0.00395256916996,NaN,-0.173913043478,-2.38260869565,-0.282608695652,0.175389106048,0.0318104502807,0.0113913677338,-1.00139113733,-0.216893954845,-0.126898749938,0.728173955581,0.186620557111,0.0593292856852,NaN,NaN,NaN,NaN,NaN,NaN,0.0809316571465,0.0170872313527,-2,-0.00112930547713,-0.0813874823357,-0.347826086957,0.391304347826,-0.0434782608696,76,21,23,386,0.767676767677,0.948402948403,0.0515970515971,0.232323232323,0.783505154639,0.767676767677,0.775510204082,0.721653384382,0.71607971608,0.633333333333,68,70,0,23,23,23,1,0,8,0,0.0386050732335,0,0,1,3.88826011686,0,16,NaN,1,ok,2.18974518502,0,23,22,22,0.95652173913,0,7,0,0.0179104477612,0,0,1,7.5,0,16,NaN,1,ok,2.74242424242,0,23,23,0,1,6,0,23,NaN,NaN,NaN,NaN,NaN,0,0,NaN,0,no_basal_in_lcc,NaN,2,0,0,0
276,WLNM_dir_neg,0.851071428571,0.695571036467,00:00:01,10,30,76,507298722,fixed,validated_v2,/gpfs/scratch/acw792/wlnm_roleonly_v2_20260910/result_wlnm_dir_neg_roleonly_trophicv2_100x290_train10-90_Apocrita_20260910_011848/ecological_snapshots/Broadstone_Stream_tax_mass_K10_ratio0.3_exp76_seed507298722_threshold0.5_validated_v2.mat,role_only,2,uniform_without_replacement,uniform_remaining_nonlinks,176,0,176,407,198,198,176,22,0,22,0.111111111111,58,140,0.5,0.765625,0.7,0.731343283582,49,15,21,125,0.7,0.892857142857,0.107142857143,0.3,0.765625,0.7,0.731343283582,0.828571428571,0.565079365079,0.605839416058,0.60715095108,0.592857142857,99,29,70,0,99,0,29,0,70,23,99,0.195652173913,2.18974518502,8.60869565217,6.6,4.5,4.59979377438,0.534319478842,0.291611769873,4.28989068105,0.996641269334,0.541062801932,2.91445898002,0.677096530713,0.355731225296,1.07629584498,0.491516479791,2.88826011686,2.18974518502,1.07629584498,2.88826011686,0.351612638569,0.458912768647,121,0.0683229813665,0.291765337837,23,23,23,1,0,0.347826086957,0.608695652174,0.0434782608696,23,0.0573122529644,1.86467391304,2.52173913043,2.41666666667,1.61111111111,1.72862439312,0.685488983479,0.370314842579,1.6016296049,1.27025796251,0.63868065967,1.00983307821,0.800902096512,0.410794602699,0.986207455111,0.528890037133,3.125,1.94702380952,0.993971317823,3.125,0.139583333333,0.155844155844,4,0.00225861095426,0.0549783549784,23,21,21,0.913043478261,0,0.391304347826,0.391304347826,0.130434782609,23,93,0.183794466403,1,8.08695652174,5.16666666667,4.04347826087,4.22022234957,0.521855451829,0.288920056101,4.237047223,1.04787189386,0.554464703132,2.0108401878,0.497304562574,0.274894810659,0,0,0,NaN,NaN,NaN,0.465362667635,0.45223880597,101,0.0570299265951,0.134689086744,23,23,0,1,7,0.217391304348,0.782608695652,0,-6,-0.0118577075099,-1.18974518502,-0.521739130435,-1.43333333333,-0.45652173913,-0.379571424803,-0.0124640270128,-0.00269171377166,-0.0528434580439,0.0512306245268,0.0134019011999,-0.903618792225,-0.179791968139,-0.0808364146373,-1.07629584498,-0.491516479791,-2.88826011686,NaN,NaN,NaN,0.113750029066,-0.00667396267713,-20,-0.0112930547713,-0.157076251093,-0.130434782609,0.173913043478,-0.0434782608696,78,15,21,392,0.787878787879,0.963144963145,0.036855036855,0.212121212121,0.838709677419,0.787878787879,0.8125,0.76922249031,0.751023751024,0.684210526316,64,70,0,23,23,23,1,0,8,0,0.0386050732335,0,0,1,3.88826011686,0,16,NaN,1,ok,2.18974518502,0,23,21,21,0.913043478261,0,9,0,0.0559049615653,0,0,1,4.125,0,16,NaN,1,ok,1.94702380952,0,23,23,0,1,7,5,4,NaN,NaN,NaN,NaN,NaN,0,0,NaN,0,basal_unreachable_in_lcc,NaN,2,0,0,0
277,WLNM_dir_neg,0.804591836735,0.738505384389,00:00:02,10,30,77,507298723,fixed,validated_v2,/gpfs/scratch/acw792/wlnm_roleonly_v2_20260910/result_wlnm_dir_neg_roleonly_trophicv2_100x290_train10-90_Apocrita_20260910_011848/ecological_snapshots/Broadstone_Stream_tax_mass_K10_ratio0.3_exp77_seed507298723_threshold0.5_validated_v2.mat,role_only,2,uniform_without_replacement,uniform_remaining_nonlinks,176,0,176,407,198,198,176,22,0,22,0.111111111111,58,140,0.5,0.833333333333,0.571428571429,0.677966101695,40,8,30,132,0.571428571429,0.942857142857,0.0571428571429,0.428571428571,0.833333333333,0.571428571429,0.677966101695,0.819047619048,0.590476190476,0.558139534884,0.57735026919,0.514285714286,99,29,70,0,99,0,29,0,70,23,99,0.195652173913,2.18974518502,8.60869565217,6.6,4.5,4.59979377438,0.534319478842,0.291611769873,4.28989068105,0.996641269334,0.541062801932,2.91445898002,0.677096530713,0.355731225296,1.07629584498,0.491516479791,2.88826011686,2.18974518502,1.07629584498,2.88826011686,0.351612638569,0.458912768647,121,0.0683229813665,0.291765337837,23,23,23,1,0,0.347826086957,0.608695652174,0.0434782608696,23,0.0573122529644,1.84255599473,2.52173913043,2.63636363636,1.70588235294,1.75472259443,0.695838270205,0.362818590705,1.68462003551,1.3360779592,0.665667166417,0.91539317456,0.726001483272,0.383808095952,1.04895946131,0.569295839208,3.18181818182,1.9227994228,1.06423518456,3.18181818182,0.141176470588,0.0857142857143,2,0.00112930547713,0.0497402597403,23,21,21,0.913043478261,0,0.434782608696,0.304347826087,0.173913043478,23,77,0.152173913043,2.87314528172,6.69565217391,5.13333333333,3.5,3.84275921949,0.573918584729,0.317334839074,3.89181770633,1.16249100319,0.604178430265,1.7992093125,0.53742615828,0.298136645963,1.62998282748,0.567316535591,5,2.95828824907,1.6151427771,5,0.379674029674,0.373540856031,64,0.0361377752682,0.124752900956,23,22,22,0.95652173913,0,0.304347826087,0.652173913043,0,-22,-0.0434782608696,0.683400096694,-1.91304347826,-1.46666666667,-1,-0.757034554888,0.0395991058872,0.0257230692013,-0.398072974719,0.165849733855,0.063115628333,-1.11524966752,-0.139670372433,-0.0575945793337,0.553686982492,0.0758000558002,2.11173988314,0.768543064044,0.53884693212,2.11173988314,0.0280613911049,-0.0853719126162,-57,-0.0321852060982,-0.167012436881,-0.0434782608696,0.0434782608696,-0.0434782608696,69,8,30,399,0.69696969697,0.980343980344,0.019656019656,0.30303030303,0.896103896104,0.69696969697,0.784090909091,0.748050019923,0.677313677314,0.644859813084,48,70,0,23,23,23,1,0,8,0,0.0386050732335,0,0,1,3.88826011686,0,16,NaN,1,ok,2.18974518502,0,23,21,21,0.913043478261,0,10,0,0.116642120766,0,0,1,4.18181818182,0,16,NaN,1,ok,1.9227994228,0,23,22,22,0.95652173913,0,7,0,0.0312307760806,0,0,1,6,0,16,NaN,1,ok,2.95828824907,0,0,0,0
278,WLNM_dir_neg,0.761479591837,0.58532454179,00:00:00,10,30,78,507298724,fixed,validated_v2,/gpfs/scratch/acw792/wlnm_roleonly_v2_20260910/result_wlnm_dir_neg_roleonly_trophicv2_100x290_train10-90_Apocrita_20260910_011848/ecological_snapshots/Broadstone_Stream_tax_mass_K10_ratio0.3_exp78_seed507298724_threshold0.5_validated_v2.mat,role_only,2,uniform_without_replacement,uniform_remaining_nonlinks,176,0,176,407,198,198,176,22,0,22,0.111111111111,58,140,0.5,0.767441860465,0.471428571429,0.58407079646,33,10,37,130,0.471428571429,0.928571428571,0.0714285714286,0.528571428571,0.767441860465,0.471428571429,0.58407079646,0.77619047619,0.598412698413,0.442687747036,0.467283628747,0.4,99,29,70,0,99,0,29,0,70,23,99,0.195652173913,2.18974518502,8.60869565217,6.6,4.5,4.59979377438,0.534319478842,0.291611769873,4.28989068105,0.996641269334,0.541062801932,2.91445898002,0.677096530713,0.355731225296,1.07629584498,0.491516479791,2.88826011686,2.18974518502,1.07629584498,2.88826011686,0.351612638569,0.458912768647,121,0.0683229813665,0.291765337837,23,23,23,1,0,0.347826086957,0.608695652174,0.0434782608696,23,0.0573122529644,1.74258109041,2.52173913043,2.63636363636,2.07142857143,1.95098029479,0.773664599659,0.419790104948,1.81452200829,1.43910366175,0.680659670165,1.25108648434,0.992241004823,0.530734632684,0.895601285944,0.51395099538,2.55555555556,1.94885361552,0.91147046134,2.55555555556,0.259821428571,0.279069767442,8,0.00451722190853,0.0865873015873,23,18,18,0.782608695652,0,0.304347826087,0.304347826087,0.173913043478,23,72,0.142292490119,1,6.26086956522,4.5,3.27272727273,4.2449691219,0.678015901414,0.376207729469,3.7210011828,1.18865315562,0.606280193237,2.70192436181,0.863114726688,0.434782608696,0,0,0,40.315821256,27.7352671644,64.4164759725,0.463083213083,0.434782608696,70,0.0395256916996,0.212430851742,23,23,23,1,0,0.304347826087,0.652173913043,0.0434782608696,-27,-0.0533596837945,-1.18974518502,-2.34782608696,-2.1,-1.22727272727,-0.354824652481,0.143696422572,0.084595959596,-0.568889498251,0.192011886281,0.0652173913043,-0.212534618219,0.186018195975,0.0790513833992,-1.07629584498,-0.491516479791,-2.88826011686,38.126076071,26.6589713194,61.5282158557,0.111470574514,-0.0241301599516,-51,-0.0287972896669,-0.0793344860948,-0.0434782608696,0.0434782608696,0,62,10,37,397,0.626262626263,0.97542997543,0.02457002457,0.373737373737,0.861111111111,0.626262626263,0.72514619883,0.683247986396,0.601692601693,0.56880733945,43,70,0,23,23,23,1,0,8,0,0.0386050732335,0,0,1,3.88826011686,0,16,NaN,1,ok,2.18974518502,0,23,18,18,0.782608695652,0,7,0,0.0676570610345,0,0,1,3.55555555556,0,16,NaN,1,ok,1.94885361552,0,23,23,23,1,0,7,0,0.000700254919979,0,0,1,65.4164759725,1,16,NaN,1,ok,NaN,3,0,0,0
279,WLNM_dir_neg,0.792959183673,0.706982297879,00:00:01,10,30,79,507298725,fixed,validated_v2,/gpfs/scratch/acw792/wlnm_roleonly_v2_20260910/result_wlnm_dir_neg_roleonly_trophicv2_100x290_train10-90_Apocrita_20260910_011848/ecological_snapshots/Broadstone_Stream_tax_mass_K10_ratio0.3_exp79_seed507298725_threshold0.5_validated_v2.mat,role_only,2,uniform_without_replacement,uniform_remaining_nonlinks,176,0,176,407,198,198,176,22,0,22,0.111111111111,58,140,0.5,0.837837837838,0.442857142857,0.579439252336,31,6,39,134,0.442857142857,0.957142857143,0.0428571428571,0.557142857143,0.837837837838,0.442857142857,0.579439252336,0.785714285714,0.607936507937,0.453441295547,0.49493608146,0.4,99,29,70,0,99,0,29,0,70,23,99,0.195652173913,2.18974518502,8.60869565217,6.6,4.5,4.59979377438,0.534319478842,0.291611769873,4.28989068105,0.996641269334,0.541062801932,2.91445898002,0.677096530713,0.355731225296,1.07629584498,0.491516479791,2.88826011686,2.18974518502,1.07629584498,2.88826011686,0.351612638569,0.458912768647,121,0.0683229813665,0.291765337837,23,23,23,1,0,0.347826086957,0.608695652174,0.0434782608696,23,0.0573122529644,1.63297101449,2.52173913043,2.9,1.61111111111,1.90381352261,0.754960534826,0.418290854573,1.68462003551,1.3360779592,0.665667166417,1.00983307821,0.800902096512,0.416791604198,0.81009347673,0.496085643616,2.37083333333,1.76622807018,0.833251031511,2.37083333333,0.121428571429,0.142857142857,4,0.00225861095426,0.0715873015873,23,19,19,0.826086956522,0,0.391304347826,0.391304347826,0.0434782608696,23,66,0.130434782609,2.28060349741,5.73913043478,6,3.3,4.30873733144,0.750764838053,0.414361001318,3.87655362199,1.3509202016,0.671936758893,1.98412673317,0.691438103984,0.38208168643,1.47590013666,0.647153325131,4,2.40256573526,1.48879020554,4,0.438118022329,0.41095890411,60,0.0338791643139,0.190047694433,23,21,21,0.913043478261,0,0.434782608696,0.434782608696,0.0434782608696,-33,-0.0652173913043,0.0908583123874,-2.86956521739,-0.6,-1.2,-0.291056442942,0.216445359211,0.122749231445,-0.413337059054,0.35427893227,0.130873956961,-0.930332246854,0.0143415732708,0.0263504611331,0.399604291672,0.15563684534,1.11173988314,0.212820550236,0.412494360561,1.11173988314,0.0865053837594,-0.0479538645377,-61,-0.0344438170525,-0.101717643404,0.0869565217391,-0.173913043478,0,60,6,39,401,0.606060606061,0.985257985258,0.014742014742,0.393939393939,0.909090909091,0.606060606061,0.727272727273,0.696527117964,0.591318591319,0.571428571429,37,70,0,23,23,23,1,0,8,0,0.0386050732335,0,0,1,3.88826011686,0,16,NaN,1,ok,2.18974518502,0,23,19,19,0.826086956522,0,9,0,0.0799112097669,0,0,1,3.37083333333,0,16,NaN,1,ok,1.76622807018,0,23,21,21,0.913043478261,0,10,0,0.0394407041147,0,0,1,5,0,16,NaN,1,ok,2.40256573526,0,0,0,0
280,WLNM_dir_neg,0.743673469388,0.643287517666,00:00:00,10,30,80,507298726,fixed,validated_v2,/gpfs/scratch/acw792/wlnm_roleonly_v2_20260910/result_wlnm_dir_neg_roleonly_trophicv2_100x290_train10-90_Apocrita_20260910_011848/ecological_snapshots/Broadstone_Stream_tax_mass_K10_ratio0.3_exp80_seed507298726_threshold0.5_validated_v2.mat,role_only,2,uniform_without_replacement,uniform_remaining_nonlinks,176,0,176,407,198,198,176,22,0,22,0.111111111111,58,140,0.5,0.820512820513,0.457142857143,0.587155963303,32,7,38,133,0.457142857143,0.95,0.05,0.542857142857,0.820512820513,0.457142857143,0.587155963303,0.785714285714,0.604761904762,0.457831325301,0.493548116793,0.407142857143,99,29,70,0,99,0,29,0,70,23,99,0.195652173913,2.18974518502,8.60869565217,6.6,4.5,4.59979377438,0.534319478842,0.291611769873,4.28989068105,0.996641269334,0.541062801932,2.91445898002,0.677096530713,0.355731225296,1.07629584498,0.491516479791,2.88826011686,2.18974518502,1.07629584498,2.88826011686,0.351612638569,0.458912768647,121,0.0683229813665,0.291765337837,23,23,23,1,0,0.347826086957,0.608695652174,0.0434782608696,23,0.0573122529644,1.60671936759,2.52173913043,2.63636363636,2.23076923077,1.92754118497,0.764369780247,0.422788605697,1.6016296049,1.27025796251,0.644677661169,1.54382615909,1.22441385031,0.620689655172,0.687115604669,0.427651286547,1.90909090909,1.73444976077,0.691391238914,1.90909090909,0.161904761905,0.24,6,0.00338791643139,0.124891774892,23,19,19,0.826086956522,0,0.347826086957,0.217391304348,0.260869565217,23,68,0.134387351779,1.98293479704,5.91304347826,5.23076923077,3.2380952381,4.15509592361,0.702700045904,0.384271099744,3.80762704521,1.28787385353,0.63810741688,2.40223874503,0.812521928467,0.438618925831,0.957048470242,0.482642430638,2.52304714069,2.02761365146,0.954703689277,2.52304714069,0.537880329547,0.473002159827,73,0.0412196499153,0.195429730251,23,22,22,0.95652173913,0,0.391304347826,0.521739130435,0.0434782608696,-31,-0.0612648221344,-0.20681038798,-2.69565217391,-1.36923076923,-1.2619047619,-0.444697850769,0.168380567063,0.0926593298716,-0.482263635837,0.291232584193,0.0970446149474,-0.51222023499,0.135425397755,0.0828877005348,-0.119247374741,-0.00887404915338,-0.365212976168,-0.162131533569,-0.121592155706,-0.365212976168,0.186267690978,0.0140893911799,-48,-0.0271033314512,-0.0963356075862,0.0434782608696,-0.0869565217391,0,61,7,38,400,0.616161616162,0.982800982801,0.017199017199,0.383838383838,0.897058823529,0.616161616162,0.730538922156,0.696663399837,0.598962598963,0.575471698113,39,70,0,23,23,23,1,0,8,0,0.0386050732335,0,0,1,3.88826011686,0,16,NaN,1,ok,2.18974518502,0,23,19,19,0.826086956522,0,8,0,0.0847058823529,0,0,1,2.90909090909,0,16,NaN,1,ok,1.73444976077,0,23,22,22,0.95652173913,0,9,0,0.0541748607044,0,0,1,3.52304714069,0,16,NaN,1,ok,2.02761365146,0,0,0,0
281,WLNM_dir_neg,0.776071428571,0.637307594413,00:00:02,10,30,81,507298727,fixed,validated_v2,/gpfs/scratch/acw792/wlnm_roleonly_v2_20260910/result_wlnm_dir_neg_roleonly_trophicv2_100x290_train10-90_Apocrita_20260910_011848/ecological_snapshots/Broadstone_Stream_tax_mass_K10_ratio0.3_exp81_seed507298727_threshold0.5_validated_v2.mat,role_only,2,uniform_without_replacement,uniform_remaining_nonlinks,176,0,176,407,198,198,176,22,0,22,0.111111111111,58,140,0.5,0.691176470588,0.671428571429,0.68115942029,47,21,23,119,0.671428571429,0.85,0.15,0.328571428571,0.691176470588,0.671428571429,0.68115942029,0.790476190476,0.55873015873,0.525179856115,0.525302217034,0.521428571429,99,29,70,0,99,0,29,0,70,23,99,0.195652173913,2.18974518502,8.60869565217,6.6,4.5,4.59979377438,0.534319478842,0.291611769873,4.28989068105,0.996641269334,0.541062801932,2.91445898002,0.677096530713,0.355731225296,1.07629584498,0.491516479791,2.88826011686,2.18974518502,1.07629584498,2.88826011686,0.351612638569,0.458912768647,121,0.0683229813665,0.291765337837,23,23,23,1,0,0.347826086957,0.608695652174,0.0434782608696,23,0.0573122529644,2.10303442029,2.52173913043,2.07142857143,2.07142857143,1.72862439312,0.685488983479,0.376311844078,1.2869057783,1.02064941037,0.545727136432,1.35570817805,1.07521683087,0.55772113943,1.08408195074,0.515484644608,2.875,2.33525219298,1.05313880999,2.875,0.20625,0.214285714286,5,0.00282326369283,0.0844322344322,23,19,19,0.826086956522,0,0.217391304348,0.391304347826,0.217391304348,23,97,0.191699604743,5.11746616986,8.4347826087,4.61904761905,5.10526315789,4.72734873761,0.560458870953,0.314208874944,3.23273767655,0.76652542846,0.424025100852,3.20449289335,0.759828211826,0.424921559839,2.07315717665,0.405113997403,6.59044964676,5.11746616986,2.07315717665,6.59044964676,0.55478917218,0.472573839662,112,0.0632411067194,0.174832931619,23,23,23,1,0,0.0869565217391,0.739130434783,0.173913043478,-2,-0.00395256916996,2.92772098484,-0.173913043478,-1.98095238095,0.605263157895,0.12755496323,0.0261393921116,0.0225971050713,-1.0571530045,-0.230115840874,-0.117037701081,0.29003391333,0.0827316811135,0.0691903345422,0.996861331663,-0.0864024823886,3.7021895299,2.92772098484,0.996861331663,3.7021895299,0.203176533611,0.0136610710152,-9,-0.00508187464709,-0.116932406218,-0.260869565217,0.130434782609,0.130434782609,76,21,23,386,0.767676767677,0.948402948403,0.0515970515971,0.232323232323,0.783505154639,0.767676767677,0.775510204082,0.721653384382,0.71607971608,0.633333333333,68,70,0,23,23,23,1,0,8,0,0.0386050732335,0,0,1,3.88826011686,0,16,NaN,1,ok,2.18974518502,0,23,19,19,0.826086956522,0,5,0,0.0406621721789,0,0,1,3.875,0,16,NaN,1,ok,2.33525219298,0,23,23,23,1,0,2,0,0.00794649212196,0,0,1,7.59044964676,0,16,NaN,1,ok,5.11746616986,0,0,0,0
282,WLNM_dir_neg,0.784132653061,0.611442845242,00:00:01,10,30,82,507298728,fixed,validated_v2,/gpfs/scratch/acw792/wlnm_roleonly_v2_20260910/result_wlnm_dir_neg_roleonly_trophicv2_100x290_train10-90_Apocrita_20260910_011848/ecological_snapshots/Broadstone_Stream_tax_mass_K10_ratio0.3_exp82_seed507298728_threshold0.5_validated_v2.mat,role_only,2,uniform_without_replacement,uniform_remaining_nonlinks,176,0,176,407,198,198,176,22,0,22,0.111111111111,58,140,0.5,0.657142857143,0.328571428571,0.438095238095,23,12,47,128,0.328571428571,0.914285714286,0.0857142857143,0.671428571429,0.657142857143,0.328571428571,0.438095238095,0.719047619048,0.611111111111,0.277551020408,0.307192686988,0.242857142857,99,29,70,0,99,0,29,0,70,23,99,0.195652173913,2.18974518502,8.60869565217,6.6,4.5,4.59979377438,0.534319478842,0.291611769873,4.28989068105,0.996641269334,0.541062801932,2.91445898002,0.677096530713,0.355731225296,1.07629584498,0.491516479791,2.88826011686,2.18974518502,1.07629584498,2.88826011686,0.351612638569,0.458912768647,121,0.0683229813665,0.291765337837,23,23,23,1,0,0.347826086957,0.608695652174,0.0434782608696,23,0.0573122529644,2.19309462916,2.52173913043,2.23076923077,2.07142857143,2.17150063775,0.861112321868,0.461769115442,1.51409712984,1.2008356547,0.611694152924,1.51409712984,1.2008356547,0.599700149925,1.40341436675,0.639924218539,3.98529411765,2.44427244582,1.42279003434,3.98529411765,0.20306122449,0.151898734177,4,0.00225861095426,0.115186202686,23,19,19,0.826086956522,0,0.260869565217,0.347826086957,0.217391304348,23,64,0.126482213439,1,5.5652173913,2.90909090909,4.26666666667,5.40055625886,0.970412452764,0.442934782609,2.44868279506,0.879995379475,0.434782608696,3.93072421894,1.41260401618,0.631793478261,0,0,0,NaN,NaN,NaN,0.441685353735,0.329923273657,43,0.0242800677583,0.34032980007,23,22,0,0.95652173913,6,0,0.652173913043,0.304347826087,-35,-0.0691699604743,-1.18974518502,-3.04347826087,-3.69090909091,-0.233333333333,0.800762484485,0.436092973923,0.151323012736,-1.84120788599,-0.116645889859,-0.106280193237,1.01626523892,0.735507485469,0.276062252964,-1.07629584498,-0.491516479791,-2.88826011686,NaN,NaN,NaN,0.0900727151661,-0.12898949499,-78,-0.0440429136081,0.0485644622333,-0.347826086957,0.0434782608696,0.260869565217,52,12,47,395,0.525252525253,0.970515970516,0.029484029484,0.474747474747,0.8125,0.525252525253,0.638036809816,0.591687787883,0.495768495768,0.468468468468,35,70,0,23,23,23,1,0,8,0,0.0386050732335,0,0,1,3.88826011686,0,16,NaN,1,ok,2.18974518502,0,23,19,19,0.826086956522,0,6,0,0.0369873445262,0,0,1,4.98529411765,0,16,NaN,1,ok,2.44427244582,0,23,22,0,0.95652173913,6,0,22,NaN,NaN,NaN,NaN,NaN,0,0,NaN,0,no_basal_in_lcc,NaN,2,0,0,0
283,WLNM_dir_neg,0.814846938776,0.670925225629,00:00:02,10,30,83,507298729,fixed,validated_v2,/gpfs/scratch/acw792/wlnm_roleonly_v2_20260910/result_wlnm_dir_neg_roleonly_trophicv2_100x290_train10-90_Apocrita_20260910_011848/ecological_snapshots/Broadstone_Stream_tax_mass_K10_ratio0.3_exp83_seed507298729_threshold0.5_validated_v2.mat,role_only,2,uniform_without_replacement,uniform_remaining_nonlinks,176,0,176,407,198,198,176,22,0,22,0.111111111111,58,140,0.5,0.735849056604,0.557142857143,0.634146341463,39,14,31,126,0.557142857143,0.9,0.1,0.442857142857,0.735849056604,0.557142857143,0.634146341463,0.785714285714,0.58253968254,0.486692015209,0.496109125002,0.457142857143,99,29,70,0,99,0,29,0,70,23,99,0.195652173913,2.18974518502,8.60869565217,6.6,4.5,4.59979377438,0.534319478842,0.291611769873,4.28989068105,0.996641269334,0.541062801932,2.91445898002,0.677096530713,0.355731225296,1.07629584498,0.491516479791,2.88826011686,2.18974518502,1.07629584498,2.88826011686,0.351612638569,0.458912768647,121,0.0683229813665,0.291765337837,23,23,23,1,0,0.347826086957,0.608695652174,0.0434782608696,23,0.0573122529644,2.02210144928,2.52173913043,2.23076923077,1.70588235294,1.62003269376,0.642426757871,0.350824587706,1.42118360737,1.12714561964,0.587706146927,1.00983307821,0.800902096512,0.431784107946,1.09764327628,0.542823050088,3,2.11944444444,1.10040186262,3,0.152083333333,0.140625,3,0.0016939582157,0.0592185592186,23,21,21,0.913043478261,0,0.347826086957,0.391304347826,0.173913043478,23,82,0.162055335968,5.19076506552,7.13043478261,4.55555555556,3.90476190476,4.09327994541,0.574057553319,0.317073170732,3.3279271047,0.933442968393,0.505832449629,2.1705903461,0.608824121468,0.326617179215,2.81346303421,0.542013171218,7.2929952577,5.19076506552,2.81346303421,7.2929952577,0.321265242694,0.361111111111,65,0.0367024280068,0.130617460736,23,23,23,1,0,0.217391304348,0.695652173913,0.0869565217391,-17,-0.0335968379447,3.0010198805,-1.47826086957,-2.04444444444,-0.595238095238,-0.506513828971,0.0397380744773,0.0254614008591,-0.961963576342,-0.0631983009414,-0.0352303523035,-0.743868633922,-0.068272409245,-0.0291140460812,1.73716718923,0.050496691427,4.40473514084,3.0010198805,1.73716718923,4.40473514084,-0.0303473958753,-0.0978016575362,-56,-0.0316205533597,-0.161147877101,-0.130434782609,0.0869565217391,0.0434782608696,68,14,31,393,0.686868686869,0.965601965602,0.034398034398,0.313131313131,0.829268292683,0.686868686869,0.75138121547,0.702402307633,0.652470652471,0.601769911504,53,70,0,23,23,23,1,0,8,0,0.0386050732335,0,0,1,3.88826011686,0,16,NaN,1,ok,2.18974518502,0,23,21,21,0.913043478261,0,8,0,0.0344234079174,0,0,1,4,0,16,NaN,1,ok,2.11944444444,0,23,23,23,1,0,5,0,0.0187893627242,0,0,1,8.2929952577,0,16,NaN,1,ok,5.19076506552,0,0,0,0
284,WLNM_dir_neg,0.759132653061,0.607258350901,00:00:01,10,30,84,507298730,fixed,validated_v2,/gpfs/scratch/acw792/wlnm_roleonly_v2_20260910/result_wlnm_dir_neg_roleonly_trophicv2_100x290_train10-90_Apocrita_20260910_011848/ecological_snapshots/Broadstone_Stream_tax_mass_K10_ratio0.3_exp84_seed507298730_threshold0.5_validated_v2.mat,role_only,2,uniform_without_replacement,uniform_remaining_nonlinks,176,0,176,407,198,198,176,22,0,22,0.111111111111,58,140,0.5,0.733333333333,0.471428571429,0.573913043478,33,12,37,128,0.471428571429,0.914285714286,0.0857142857143,0.528571428571,0.733333333333,0.471428571429,0.573913043478,0.766666666667,0.595238095238,0.423529411765,0.443129367526,0.385714285714,99,29,70,0,99,0,29,0,70,23,99,0.195652173913,2.18974518502,8.60869565217,6.6,4.5,4.59979377438,0.534319478842,0.291611769873,4.28989068105,0.996641269334,0.541062801932,2.91445898002,0.677096530713,0.355731225296,1.07629584498,0.491516479791,2.88826011686,2.18974518502,1.07629584498,2.88826011686,0.351612638569,0.458912768647,121,0.0683229813665,0.291765337837,23,23,23,1,0,0.347826086957,0.608695652174,0.0434782608696,23,0.0573122529644,1.75942028986,2.52173913043,2.41666666667,2.07142857143,1.95098029479,0.773664599659,0.406296851574,1.51409712984,1.2008356547,0.617691154423,1.35570817805,1.07521683087,0.566716641679,0.821365979879,0.466838983622,2.13333333333,1.91929824561,0.818181949449,2.13333333333,0.131111111111,0.104651162791,3,0.0016939582157,0.101803751804,23,19,19,0.826086956522,0,0.304347826087,0.304347826087,0.217391304348,23,74,0.146245059289,5.48751680925,6.4347826087,4.35294117647,3.7,4.34664015447,0.675491375356,0.377203290247,3.0444662428,0.946253021411,0.513513513514,2.81160778558,0.873878095517,0.468860164512,3.06669269197,0.558848892599,7.7086233698,5.91489936251,2.85298004254,7.7086233698,0.398845598846,0.494908350305,81,0.0457368718238,0.170625350956,23,21,21,0.913043478261,0,0.173913043478,0.695652173913,0.0434782608696,-25,-0.0494071146245,3.29777162422,-2.17391304348,-2.24705882353,-0.8,-0.253153619912,0.141171896514,0.0855915203741,-1.24542443825,-0.050388247923,-0.0275492884189,-0.102851194447,0.196781564805,0.113128939216,1.99039684698,0.0673324128076,4.82036325294,3.72515417749,1.77668419756,4.82036325294,0.0472329602764,0.0359955816582,-40,-0.0225861095426,-0.121139986881,-0.173913043478,0.0869565217391,0,62,12,37,395,0.626262626263,0.970515970516,0.029484029484,0.373737373737,0.837837837838,0.626262626263,0.71676300578,0.669993065281,0.596778596779,0.558558558559,45,70,0,23,23,23,1,0,8,0,0.0386050732335,0,0,1,3.88826011686,0,16,NaN,1,ok,2.18974518502,0,23,19,19,0.826086956522,0,7,0,0.0821417706115,0,0,1,3.13333333333,0,16,NaN,1,ok,1.91929824561,0,23,21,21,0.913043478261,0,4,0,0.00946371613567,0,0,1,8.7086233698,0,16,NaN,1,ok,5.91489936251,0,0,0,0
285,WLNM_dir_neg,0.813520408163,0.671479852758,00:00:00,10,30,85,507298731,fixed,validated_v2,/gpfs/scratch/acw792/wlnm_roleonly_v2_20260910/result_wlnm_dir_neg_roleonly_trophicv2_100x290_train10-90_Apocrita_20260910_011848/ecological_snapshots/Broadstone_Stream_tax_mass_K10_ratio0.3_exp85_seed507298731_threshold0.5_validated_v2.mat,role_only,2,uniform_without_replacement,uniform_remaining_nonlinks,176,0,176,407,198,198,176,22,0,22,0.111111111111,58,140,0.5,0.729166666667,0.5,0.593220338983,35,13,35,127,0.5,0.907142857143,0.0928571428571,0.5,0.729166666667,0.5,0.593220338983,0.771428571429,0.590476190476,0.441860465116,0.457068963108,0.407142857143,99,29,70,0,99,0,29,0,70,23,99,0.195652173913,2.18974518502,8.60869565217,6.6,4.5,4.59979377438,0.534319478842,0.291611769873,4.28989068105,0.996641269334,0.541062801932,2.91445898002,0.677096530713,0.355731225296,1.07629584498,0.491516479791,2.88826011686,2.18974518502,1.07629584498,2.88826011686,0.351612638569,0.458912768647,121,0.0683229813665,0.291765337837,23,23,23,1,0,0.347826086957,0.608695652174,0.0434782608696,23,0.0573122529644,2.6237458194,2.52173913043,2.07142857143,1.93333333333,2.31339115934,0.917379252843,0.458770614693,1.51409712984,1.2008356547,0.590704647676,1.32175473259,1.04828823619,0.545727136432,1.72964052247,0.659225642089,4.5,2.86730769231,1.72779659251,4.5,0.264957264957,0.195652173913,6,0.00338791643139,0.0889717425432,23,20,20,0.869565217391,0,0.260869565217,0.391304347826,0.217391304348,23,77,0.152173913043,1,6.69565217391,3.5,3.66666666667,4.42549208983,0.660950117312,0.361377752682,3.18531710498,0.951458356033,0.483342744212,2.62173945818,0.783116981014,0.42123094297,0,0,0,NaN,NaN,NaN,0.36386814244,0.386317907445,64,0.0361377752682,0.151258007265,23,23,0,1,7,0.0434782608696,0.869565217391,0.0869565217391,-22,-0.0434782608696,-1.18974518502,-1.91304347826,-3.1,-0.833333333333,-0.174301684546,0.126630638471,0.0697659828095,-1.10457357607,-0.0451829133007,-0.0577200577201,-0.292719521848,0.106020450301,0.0654997176736,-1.07629584498,-0.491516479791,-2.88826011686,NaN,NaN,NaN,0.0122555038704,-0.0725948612026,-57,-0.0321852060982,-0.140507330572,-0.304347826087,0.260869565217,0.0434782608696,64,13,35,394,0.646464646465,0.968058968059,0.031941031941,0.353535353535,0.831168831169,0.646464646465,0.727272727273,0.678702375996,0.614523614524,0.571428571429,48,70,0,23,23,23,1,0,8,0,0.0386050732335,0,0,1,3.88826011686,0,16,NaN,1,ok,2.18974518502,0,23,20,20,0.869565217391,0,6,0,0.0298507462687,0,0,1,5.5,0,16,NaN,1,ok,2.86730769231,0,23,23,0,1,7,1,21,NaN,NaN,NaN,NaN,NaN,0,0,NaN,0,basal_unreachable_in_lcc,NaN,2,0,0,0
286,WLNM_dir_neg,0.837959183673,0.668729254793,00:00:02,10,30,86,507298732,fixed,validated_v2,/gpfs/scratch/acw792/wlnm_roleonly_v2_20260910/result_wlnm_dir_neg_roleonly_trophicv2_100x290_train10-90_Apocrita_20260910_011848/ecological_snapshots/Broadstone_Stream_tax_mass_K10_ratio0.3_exp86_seed507298732_threshold0.5_validated_v2.mat,role_only,2,uniform_without_replacement,uniform_remaining_nonlinks,176,0,176,407,198,198,176,22,0,22,0.111111111111,58,140,0.5,0.765957446809,0.514285714286,0.615384615385,36,11,34,129,0.514285714286,0.921428571429,0.0785714285714,0.485714285714,0.765957446809,0.514285714286,0.615384615385,0.785714285714,0.592063492063,0.474708171206,0.492801596378,0.435714285714,99,29,70,0,99,0,29,0,70,23,99,0.195652173913,2.18974518502,8.60869565217,6.6,4.5,4.59979377438,0.534319478842,0.291611769873,4.28989068105,0.996641269334,0.541062801932,2.91445898002,0.677096530713,0.355731225296,1.07629584498,0.491516479791,2.88826011686,2.18974518502,1.07629584498,2.88826011686,0.351612638569,0.458912768647,121,0.0683229813665,0.291765337837,23,23,23,1,0,0.347826086957,0.608695652174,0.0434782608696,23,0.0573122529644,1.89576365663,2.52173913043,2.41666666667,1.61111111111,1.70212608275,0.674981032815,0.365817091454,1.45281517639,1.15223272611,0.602698650675,1.13687735424,0.901661349912,0.440779610195,1.06084896155,0.559589249342,3.15384615385,1.93648018648,1.06726054539,3.15384615385,0.107142857143,0.0483870967742,1,0.000564652738566,0.072619047619,23,22,22,0.95652173913,0,0.434782608696,0.347826086957,0.173913043478,23,76,0.150197628458,4.96980870203,6.60869565217,4.47058823529,3.30434782609,4.30368901414,0.651216100824,0.351258581236,3.5218123254,1.06581162479,0.562929061785,2.22454862855,0.673218663904,0.339816933638,2.52190879213,0.507445848187,6.92704242916,4.96980870203,2.52190879213,6.92704242916,0.365917920463,0.333333333333,53,0.029926595144,0.165693684319,23,23,23,1,0,0.260869565217,0.739130434783,0,-23,-0.0454545454545,2.78006351701,-2,-2.12941176471,-1.19565217391,-0.296104760236,0.116896621982,0.0596468113631,-0.768078355648,0.0691703554578,0.0218662598525,-0.689910351473,-0.00387786680899,-0.015914291658,1.44561294715,0.0159293683956,4.0387823123,2.78006351701,1.44561294715,4.0387823123,0.0143052818942,-0.125579435314,-68,-0.0383963862225,-0.126071653517,-0.0869565217391,0.130434782609,-0.0434782608696,65,11,34,396,0.656565656566,0.972972972973,0.027027027027,0.343434343434,0.855263157895,0.656565656566,0.742857142857,0.69903055962,0.629538629539,0.590909090909,47,70,0,23,23,23,1,0,8,0,0.0386050732335,0,0,1,3.88826011686,0,16,NaN,1,ok,2.18974518502,0,23,22,22,0.95652173913,0,10,0,0.0682788051209,0,0,1,4.15384615385,0,16,NaN,1,ok,1.93648018648,0,23,23,23,1,0,6,0,0.0101895724351,0,0,1,7.92704242916,0,16,NaN,1,ok,4.96980870203,0,0,0,0
287,WLNM_dir_neg,0.803214285714,0.617262272769,00:00:02,10,30,87,507298733,fixed,validated_v2,/gpfs/scratch/acw792/wlnm_roleonly_v2_20260910/result_wlnm_dir_neg_roleonly_trophicv2_100x290_train10-90_Apocrita_20260910_011848/ecological_snapshots/Broadstone_Stream_tax_mass_K10_ratio0.3_exp87_seed507298733_threshold0.5_validated_v2.mat,role_only,2,uniform_without_replacement,uniform_remaining_nonlinks,176,0,176,407,198,198,176,22,0,22,0.111111111111,58,140,0.5,0.655172413793,0.542857142857,0.59375,38,20,32,120,0.542857142857,0.857142857143,0.142857142857,0.457142857143,0.655172413793,0.542857142857,0.59375,0.752380952381,0.574603174603,0.417910447761,0.42173266319,0.4,99,29,70,0,99,0,29,0,70,23,99,0.195652173913,2.18974518502,8.60869565217,6.6,4.5,4.59979377438,0.534319478842,0.291611769873,4.28989068105,0.996641269334,0.541062801932,2.91445898002,0.677096530713,0.355731225296,1.07629584498,0.491516479791,2.88826011686,2.18974518502,1.07629584498,2.88826011686,0.351612638569,0.458912768647,121,0.0683229813665,0.291765337837,23,23,23,1,0,0.347826086957,0.608695652174,0.0434782608696,23,0.0573122529644,1.89130434783,2.52173913043,2.23076923077,1.93333333333,1.64785163767,0.65345840804,0.35832083958,1.45281517639,1.15223272611,0.599700149925,1.21421097854,0.962994914011,0.515742128936,0.952944262168,0.503855586893,3,1.97619047619,0.954937046043,3,0.155555555556,0.162162162162,4,0.00225861095426,0.0688339438339,23,21,21,0.913043478261,0,0.347826086957,0.304347826087,0.260869565217,23,87,0.171936758893,1,7.5652173913,4.14285714286,3.95454545455,3.89435590376,0.514771182681,0.284857571214,3.52853976673,0.932832352123,0.490754622689,2.81160778558,0.74329860998,0.374812593703,0,0,0,30.3058314797,12.2043168663,38.1160677406,0.306036716906,0.336448598131,60,0.0338791643139,0.204227366549,23,23,23,1,0,0.0869565217391,0.869565217391,0.0434782608696,-12,-0.0237154150198,-1.18974518502,-1.04347826087,-2.45714285714,-0.545454545455,-0.705437870619,-0.0195482961611,-0.00675419865825,-0.76135091432,-0.0638089172109,-0.0503081792437,-0.102851194447,0.0662020792676,0.0190813684067,-1.07629584498,-0.491516479791,-2.88826011686,28.1160862947,11.1280210214,35.2278076237,-0.0455759216629,-0.122464170516,-61,-0.0344438170525,-0.087537971288,-0.260869565217,0.260869565217,0,67,20,32,387,0.676767676768,0.95085995086,0.04914004914,0.323232323232,0.770114942529,0.676767676768,0.720430107527,0.659857590301,0.627627627628,0.563025210084,58,70,0,23,23,23,1,0,8,0,0.0386050732335,0,0,1,3.88826011686,0,16,NaN,1,ok,2.18974518502,0,23,21,21,0.913043478261,0,8,0,0.0614531099968,0,0,1,4,0,16,NaN,1,ok,1.97619047619,0,23,23,23,1,0,2,0,0.000462437161332,0,0,1,39.1160677406,1,16,NaN,1,ok,NaN,3,0,0,0
288,WLNM_dir_neg,0.839285714286,0.669813444337,00:00:01,10,30,88,507298734,fixed,validated_v2,/gpfs/scratch/acw792/wlnm_roleonly_v2_20260910/result_wlnm_dir_neg_roleonly_trophicv2_100x290_train10-90_Apocrita_20260910_011848/ecological_snapshots/Broadstone_Stream_tax_mass_K10_ratio0.3_exp88_seed507298734_threshold0.5_validated_v2.mat,role_only,2,uniform_without_replacement,uniform_remaining_nonlinks,176,0,176,407,198,198,176,22,0,22,0.111111111111,58,140,0.5,0.745762711864,0.628571428571,0.682170542636,44,15,26,125,0.628571428571,0.892857142857,0.107142857143,0.371428571429,0.745762711864,0.628571428571,0.682170542636,0.804761904762,0.573015873016,0.542750929368,0.546881689623,0.521428571429,99,29,70,0,99,0,29,0,70,23,99,0.195652173913,2.18974518502,8.60869565217,6.6,4.5,4.59979377438,0.534319478842,0.291611769873,4.28989068105,0.996641269334,0.541062801932,2.91445898002,0.677096530713,0.355731225296,1.07629584498,0.491516479791,2.88826011686,2.18974518502,1.07629584498,2.88826011686,0.351612638569,0.458912768647,121,0.0683229813665,0.291765337837,23,23,23,1,0,0.347826086957,0.608695652174,0.0434782608696,23,0.0573122529644,1.88923395445,2.52173913043,2.41666666667,1.93333333333,1.95098029479,0.773664599659,0.424287856072,1.7892962381,1.41909701642,0.668665667166,1.2869057783,1.02064941037,0.536731634183,1.00431604908,0.531599618305,3,2.13624338624,1.00406189707,3,0.311746031746,0.209302325581,6,0.00338791643139,0.0777477152477,23,18,18,0.782608695652,0,0.260869565217,0.391304347826,0.130434782609,23,88,0.173913043478,1,7.65217391304,6.28571428571,3.82608695652,4.47831843088,0.585234794945,0.322628458498,4.24962216409,1.11069670198,0.582015810277,2.51634969952,0.657682307829,0.350790513834,0,0,0,NaN,NaN,NaN,0.497280617933,0.503438789546,122,0.068887634105,0.214959298367,23,23,0,1,7,0.391304347826,0.608695652174,0,-11,-0.0217391304348,-1.18974518502,-0.95652173913,-0.314285714286,-0.673913043478,-0.121475343495,0.0509153161031,0.0310166886254,-0.0402685169544,0.114055432645,0.0409530083443,-0.398109280504,-0.0194142228835,-0.00494071146245,-1.07629584498,-0.491516479791,-2.88826011686,NaN,NaN,NaN,0.145667979364,0.0445260208988,1,0.000564652738566,-0.0768060394699,0.0434782608696,0,-0.0434782608696,73,15,26,392,0.737373737374,0.963144963145,0.036855036855,0.262626262626,0.829545454545,0.737373737374,0.780748663102,0.733170628377,0.700518700519,0.640350877193,59,70,0,23,23,23,1,0,8,0,0.0386050732335,0,0,1,3.88826011686,0,16,NaN,1,ok,2.18974518502,0,23,18,18,0.782608695652,0,6,0,0.0453043888627,0,0,1,4,0,16,NaN,1,ok,2.13624338624,0,23,23,0,1,7,9,2,NaN,NaN,NaN,NaN,NaN,0,0,NaN,0,basal_unreachable_in_lcc,NaN,2,0,0,0
289,WLNM_dir_neg,0.864387755102,0.655572967594,00:00:02,10,30,89,507298735,fixed,validated_v2,/gpfs/scratch/acw792/wlnm_roleonly_v2_20260910/result_wlnm_dir_neg_roleonly_trophicv2_100x290_train10-90_Apocrita_20260910_011848/ecological_snapshots/Broadstone_Stream_tax_mass_K10_ratio0.3_exp89_seed507298735_threshold0.5_validated_v2.mat,role_only,2,uniform_without_replacement,uniform_remaining_nonlinks,176,0,176,407,198,198,176,22,0,22,0.111111111111,58,140,0.5,0.705882352941,0.685714285714,0.695652173913,48,20,22,120,0.685714285714,0.857142857143,0.142857142857,0.314285714286,0.705882352941,0.685714285714,0.695652173913,0.8,0.55873015873,0.546762589928,0.546889979378,0.542857142857,99,29,70,0,99,0,29,0,70,23,99,0.195652173913,2.18974518502,8.60869565217,6.6,4.5,4.59979377438,0.534319478842,0.291611769873,4.28989068105,0.996641269334,0.541062801932,2.91445898002,0.677096530713,0.355731225296,1.07629584498,0.491516479791,2.88826011686,2.18974518502,1.07629584498,2.88826011686,0.351612638569,0.458912768647,121,0.0683229813665,0.291765337837,23,23,23,1,0,0.347826086957,0.608695652174,0.0434782608696,23,0.0573122529644,2.52173913043,2.52173913043,2.07142857143,1.93333333333,1.56291002525,0.619774665186,0.337331334333,1.38883179505,1.10148728573,0.572713643178,1.38883179505,1.10148728573,0.55772113943,1.67520867675,0.664306889058,5,2.59090909091,1.68067704354,5,0.0444444444444,0.0483870967742,1,0.000564652738566,0.112742019885,23,22,22,0.95652173913,0,0.347826086957,0.304347826087,0.304347826087,23,97,0.191699604743,3.02803654664,8.4347826087,5.38888888889,4.40909090909,3.87094171014,0.458926079038,0.256835499776,3.77740316932,0.895672916436,0.491259524877,2.62776299158,0.623077822746,0.344240251009,1.31393123439,0.433921854689,3.56828786259,3.02803654664,1.31393123439,3.56828786259,0.390727147249,0.448132780083,108,0.0609824957651,0.16041250763,23,23,23,1,0,0.217391304348,0.739130434783,0.0434782608696,-2,-0.00395256916996,0.838291361615,-0.173913043478,-1.21111111111,-0.0909090909091,-0.728852064235,-0.0753933998043,-0.0347762700968,-0.512487511731,-0.100968352898,-0.0498032770556,-0.286695988444,-0.0540187079668,-0.0114909742879,0.237635389402,-0.0575946251018,0.680027745727,0.838291361615,0.237635389402,0.680027745727,0.0391145086797,-0.0107799885643,-13,-0.00734048560136,-0.131352830207,-0.130434782609,0.130434782609,0,77,20,22,387,0.777777777778,0.95085995086,0.04914004914,0.222222222222,0.79381443299,0.777777777778,0.785714285714,0.734309143315,0.728637728638,0.647058823529,68,70,0,23,23,23,1,0,8,0,0.0386050732335,0,0,1,3.88826011686,0,16,NaN,1,ok,2.18974518502,0,23,22,22,0.95652173913,0,8,0,0.0208333333333,0,0,1,6,0,16,NaN,1,ok,2.59090909091,0,23,23,23,1,0,5,0,0.0194003648333,0,0,1,4.56828786259,0,16,NaN,1,ok,3.02803654664,0,0,0,0
290,WLNM_dir_neg,0.778112244898,0.726748809852,00:00:00,10,30,90,507298736,fixed,validated_v2,/gpfs/scratch/acw792/wlnm_roleonly_v2_20260910/result_wlnm_dir_neg_roleonly_trophicv2_100x290_train10-90_Apocrita_20260910_011848/ecological_snapshots/Broadstone_Stream_tax_mass_K10_ratio0.3_exp90_seed507298736_threshold0.5_validated_v2.mat,role_only,2,uniform_without_replacement,uniform_remaining_nonlinks,176,0,176,407,198,198,176,22,0,22,0.111111111111,58,140,0.5,0.820512820513,0.457142857143,0.587155963303,32,7,38,133,0.457142857143,0.95,0.05,0.542857142857,0.820512820513,0.457142857143,0.587155963303,0.785714285714,0.604761904762,0.457831325301,0.493548116793,0.407142857143,99,29,70,0,99,0,29,0,70,23,99,0.195652173913,2.18974518502,8.60869565217,6.6,4.5,4.59979377438,0.534319478842,0.291611769873,4.28989068105,0.996641269334,0.541062801932,2.91445898002,0.677096530713,0.355731225296,1.07629584498,0.491516479791,2.88826011686,2.18974518502,1.07629584498,2.88826011686,0.351612638569,0.458912768647,121,0.0683229813665,0.291765337837,23,23,23,1,0,0.347826086957,0.608695652174,0.0434782608696,23,0.0573122529644,1.76811594203,2.52173913043,2.41666666667,2.07142857143,1.92754118497,0.764369780247,0.419790104948,1.42118360737,1.12714561964,0.590704647676,1.54382615909,1.22441385031,0.599700149925,0.803227596516,0.454284460325,2.08333333333,1.98148148148,0.783070228841,2.08333333333,0.217777777778,0.176470588235,5,0.00282326369283,0.142171717172,23,18,18,0.782608695652,0,0.260869565217,0.347826086957,0.173913043478,23,68,0.134387351779,2.15716694856,5.91304347826,5.23076923077,4,4.70891845793,0.796361209798,0.43989769821,3.57361875249,1.20872398981,0.620204603581,2.63677249113,0.891849519057,0.492327365729,1.12532484055,0.52166794105,2.95971384087,2.40078104299,1.08975231203,2.95971384087,0.5626882921,0.511727078891,80,0.0451722190853,0.203631162285,23,19,19,0.826086956522,0,0.260869565217,0.478260869565,0.0869565217391,-31,-0.0612648221344,-0.0325782364682,-2.69565217391,-1.36923076923,-0.5,0.109124683558,0.262041730956,0.148285928337,-0.716271928558,0.212082720478,0.0791418016482,-0.277686488898,0.214752988345,0.136596140432,0.0490289955716,0.0301514612588,0.0714537240159,0.211035857965,0.0134564670503,0.0714537240159,0.211075653531,0.052814310244,-41,-0.0231507622812,-0.0881341755518,-0.0869565217391,-0.130434782609,0.0434782608696,61,7,38,400,0.616161616162,0.982800982801,0.017199017199,0.383838383838,0.897058823529,0.616161616162,0.730538922156,0.696663399837,0.598962598963,0.575471698113,39,70,0,23,23,23,1,0,8,0,0.0386050732335,0,0,1,3.88826011686,0,16,NaN,1,ok,2.18974518502,0,23,18,18,0.782608695652,0,6,0,0.0411977875262,0,0,1,3.08333333333,0,16,NaN,1,ok,1.98148148148,0,23,19,19,0.826086956522,0,6,0,0.0559650084024,0,0,1,3.95971384087,0,16,NaN,1,ok,2.40078104299,0,0,0,0
291,WLNM_dir_neg,0.783673469388,0.589840823438,00:00:01,10,30,91,507298737,fixed,validated_v2,/gpfs/scratch/acw792/wlnm_roleonly_v2_20260910/result_wlnm_dir_neg_roleonly_trophicv2_100x290_train10-90_Apocrita_20260910_011848/ecological_snapshots/Broadstone_Stream_tax_mass_K10_ratio0.3_exp91_seed507298737_threshold0.5_validated_v2.mat,role_only,2,uniform_without_replacement,uniform_remaining_nonlinks,176,0,176,407,198,198,176,22,0,22,0.111111111111,58,140,0.5,0.688524590164,0.6,0.641221374046,42,19,28,121,0.6,0.864285714286,0.135714285714,0.4,0.688524590164,0.6,0.641221374046,0.77619047619,0.569841269841,0.479704797048,0.482103525189,0.464285714286,99,29,70,0,99,0,29,0,70,23,99,0.195652173913,2.18974518502,8.60869565217,6.6,4.5,4.59979377438,0.534319478842,0.291611769873,4.28989068105,0.996641269334,0.541062801932,2.91445898002,0.677096530713,0.355731225296,1.07629584498,0.491516479791,2.88826011686,2.18974518502,1.07629584498,2.88826011686,0.351612638569,0.458912768647,121,0.0683229813665,0.291765337837,23,23,23,1,0,0.347826086957,0.608695652174,0.0434782608696,23,0.0573122529644,1.67753623188,2.52173913043,2.63636363636,2.07142857143,1.80578779629,0.716088264045,0.352323838081,1.54382615909,1.22441385031,0.629685157421,1.25108648434,0.992241004823,0.530734632684,0.80464024673,0.479655957014,2.25,1.74206349206,0.813580376546,2.25,0.167063492063,0.1125,3,0.0016939582157,0.0936363636364,23,21,21,0.913043478261,0,0.434782608696,0.173913043478,0.304347826087,23,90,0.177865612648,4.63186219411,7.82608695652,4.5,4.09090909091,4.04128887983,0.516386912423,0.286473429952,3.836582801,0.980460049145,0.512077294686,2.46637465779,0.630295745879,0.343961352657,1.83876451843,0.396981697938,5.5,4.63186219411,1.83876451843,5.5,0.495845941498,0.43661971831,93,0.0525127046866,0.141436869148,23,23,23,1,0,0.130434782609,0.826086956522,0.0434782608696,-9,-0.0177865612648,2.44211700908,-0.782608695652,-2.1,-0.409090909091,-0.558504894542,-0.0179325664184,-0.00513833992095,-0.453307880047,-0.0161812201896,-0.0289855072464,-0.448084322238,-0.0468007848341,-0.0117698726394,0.762468673448,-0.0945347818533,2.61173988314,2.44211700908,0.762468673448,2.61173988314,0.144233302929,-0.0222930503374,-28,-0.0158102766798,-0.150328468689,-0.217391304348,0.217391304348,0,71,19,28,388,0.717171717172,0.953316953317,0.046683046683,0.282828282828,0.788888888889,0.717171717172,0.751322751323,0.695565968938,0.670488670489,0.601694915254,61,70,0,23,23,23,1,0,8,0,0.0386050732335,0,0,1,3.88826011686,0,16,NaN,1,ok,2.18974518502,0,23,21,21,0.913043478261,0,10,0,0.0972972972973,0,0,1,3.25,0,16,NaN,1,ok,1.74206349206,0,23,23,23,1,0,3,0,0.0114971732715,0,0,1,6.5,0,16,NaN,1,ok,4.63186219411,0,0,0,0
292,WLNM_dir_neg,0.821734693878,0.790156361644,00:00:01,10,30,92,507298738,fixed,validated_v2,/gpfs/scratch/acw792/wlnm_roleonly_v2_20260910/result_wlnm_dir_neg_roleonly_trophicv2_100x290_train10-90_Apocrita_20260910_011848/ecological_snapshots/Broadstone_Stream_tax_mass_K10_ratio0.3_exp92_seed507298738_threshold0.5_validated_v2.mat,role_only,2,uniform_without_replacement,uniform_remaining_nonlinks,176,0,176,407,198,198,176,22,0,22,0.111111111111,58,140,0.5,0.888888888889,0.457142857143,0.603773584906,32,4,38,136,0.457142857143,0.971428571429,0.0285714285714,0.542857142857,0.888888888889,0.457142857143,0.603773584906,0.8,0.609523809524,0.487804878049,0.536056267419,0.428571428571,99,29,70,0,99,0,29,0,70,23,99,0.195652173913,2.18974518502,8.60869565217,6.6,4.5,4.59979377438,0.534319478842,0.291611769873,4.28989068105,0.996641269334,0.541062801932,2.91445898002,0.677096530713,0.355731225296,1.07629584498,0.491516479791,2.88826011686,2.18974518502,1.07629584498,2.88826011686,0.351612638569,0.458912768647,121,0.0683229813665,0.291765337837,23,23,23,1,0,0.347826086957,0.608695652174,0.0434782608696,23,0.0573122529644,1.80362318841,2.52173913043,2.41666666667,1.70588235294,1.90381352261,0.754960534826,0.409295352324,1.71138942235,1.35730885221,0.653673163418,1.09616651457,0.869373442591,0.455772113943,0.902856808811,0.5005795083,2.5,1.97280701754,0.906955470859,2.5,0.170793650794,0.142857142857,4,0.00225861095426,0.0750601250601,23,19,19,0.826086956522,0,0.304347826087,0.434782608696,0.0869565217391,23,65,0.128458498024,2.07585886136,5.65217391304,4.64285714286,3.61111111111,4.07440676833,0.72085658209,0.4,3.53748978685,1.25172715535,0.628762541806,2.16694535554,0.766765279654,0.424080267559,1.04759589522,0.504656609717,2.78917589176,2.30235546375,1.01487423545,2.78917589176,0.527705627706,0.498795180723,69,0.038961038961,0.177519733014,23,19,19,0.826086956522,0,0.217391304348,0.565217391304,0.0434782608696,-34,-0.0671936758893,-0.113886323669,-2.95652173913,-1.95714285714,-0.888888888889,-0.525387006045,0.186537103248,0.108388230127,-0.752400894193,0.255085886014,0.0876997398737,-0.747513624481,0.0896687489412,0.0683490422621,-0.0286999497606,0.0131401299258,-0.0990842250989,0.112610278721,-0.0614216095372,-0.0990842250989,0.176092989136,0.0398824120756,-52,-0.0293619424054,-0.114245604823,-0.130434782609,-0.0434782608696,0,61,4,38,403,0.616161616162,0.990171990172,0.00982800982801,0.383838383838,0.938461538462,0.616161616162,0.743902439024,0.71887018009,0.606333606334,0.592233009709,36,70,0,23,23,23,1,0,8,0,0.0386050732335,0,0,1,3.88826011686,0,16,NaN,1,ok,2.18974518502,0,23,19,19,0.826086956522,0,7,0,0.0507549803324,0,0,1,3.5,0,16,NaN,1,ok,1.97280701754,0,23,19,19,0.826086956522,0,5,0,0.0276090237913,0,0,1,3.78917589176,0,16,NaN,1,ok,2.30235546375,0,0,0,0
293,WLNM_dir_neg,0.845663265306,0.721841188976,00:00:02,10,30,93,507298739,fixed,validated_v2,/gpfs/scratch/acw792/wlnm_roleonly_v2_20260910/result_wlnm_dir_neg_roleonly_trophicv2_100x290_train10-90_Apocrita_20260910_011848/ecological_snapshots/Broadstone_Stream_tax_mass_K10_ratio0.3_exp93_seed507298739_threshold0.5_validated_v2.mat,role_only,2,uniform_without_replacement,uniform_remaining_nonlinks,176,0,176,407,198,198,176,22,0,22,0.111111111111,58,140,0.5,0.754385964912,0.614285714286,0.677165354331,43,14,27,126,0.614285714286,0.9,0.1,0.385714285714,0.754385964912,0.614285714286,0.677165354331,0.804761904762,0.57619047619,0.539325842697,0.545173020509,0.514285714286,99,29,70,0,99,0,29,0,70,23,99,0.195652173913,2.18974518502,8.60869565217,6.6,4.5,4.59979377438,0.534319478842,0.291611769873,4.28989068105,0.996641269334,0.541062801932,2.91445898002,0.677096530713,0.355731225296,1.07629584498,0.491516479791,2.88826011686,2.18974518502,1.07629584498,2.88826011686,0.351612638569,0.458912768647,121,0.0683229813665,0.291765337837,23,23,23,1,0,0.347826086957,0.608695652174,0.0434782608696,23,0.0573122529644,2.00724637681,2.52173913043,2.07142857143,1.93333333333,1.85544812567,0.735781153281,0.379310344828,1.32175473259,1.04828823619,0.554722638681,1.57299342033,1.24754650578,0.581709145427,0.989181710679,0.492805328786,3,2.05303030303,0.987201650914,3,0.320634920635,0.146341463415,4,0.00225861095426,0.127655677656,23,22,22,0.95652173913,0,0.347826086957,0.304347826087,0.304347826087,23,86,0.169960474308,5.63099486374,7.47826086957,3.90909090909,4.09523809524,4.20896840327,0.562827170205,0.30485338726,3.29210337991,0.880446252767,0.460060667341,3.49307615543,0.934194785756,0.453993933266,1.3051194765,0.231774226061,6.08675809514,5.63099486374,1.3051194765,6.08675809514,0.426118326118,0.400966183575,83,0.046866177301,0.215813535275,23,23,23,1,0,0.0434782608696,0.869565217391,0.0869565217391,-13,-0.0256916996047,3.44124967872,-1.13043478261,-2.69090909091,-0.404761904762,-0.390825371103,0.0285076913635,0.0132416173872,-0.997787301135,-0.116195016567,-0.0810021345916,0.57861717541,0.257098255043,0.0982627079695,0.228823631512,-0.259742253731,3.19849797828,3.44124967872,0.228823631512,3.19849797828,0.0745056875492,-0.0579465850724,-38,-0.0214568040655,-0.0759518025618,-0.304347826087,0.260869565217,0.0434782608696,72,14,27,393,0.727272727273,0.965601965602,0.034398034398,0.272727272727,0.837209302326,0.727272727273,0.778378378378,0.731805434305,0.692874692875,0.637168141593,57,70,0,23,23,23,1,0,8,0,0.0386050732335,0,0,1,3.88826011686,0,16,NaN,1,ok,2.18974518502,0,23,22,22,0.95652173913,0,8,0,0.0230713770728,0,0,1,4,0,16,NaN,1,ok,2.05303030303,0,23,23,23,1,0,1,0,0.00324377381953,0,0,1,7.08675809514,0,16,NaN,1,ok,5.63099486374,0,0,0,0
294,WLNM_dir_neg,0.736836734694,0.563028749233,00:00:00,10,30,94,507298740,fixed,validated_v2,/gpfs/scratch/acw792/wlnm_roleonly_v2_20260910/result_wlnm_dir_neg_roleonly_trophicv2_100x290_train10-90_Apocrita_20260910_011848/ecological_snapshots/Broadstone_Stream_tax_mass_K10_ratio0.3_exp94_seed507298740_threshold0.5_validated_v2.mat,role_only,2,uniform_without_replacement,uniform_remaining_nonlinks,176,0,176,407,198,198,176,22,0,22,0.111111111111,58,140,0.5,0.791666666667,0.542857142857,0.64406779661,38,10,32,130,0.542857142857,0.928571428571,0.0714285714286,0.457142857143,0.791666666667,0.542857142857,0.64406779661,0.8,0.590476190476,0.511627906977,0.529237746757,0.471428571429,99,29,70,0,99,0,29,0,70,23,99,0.195652173913,2.18974518502,8.60869565217,6.6,4.5,4.59979377438,0.534319478842,0.291611769873,4.28989068105,0.996641269334,0.541062801932,2.91445898002,0.677096530713,0.355731225296,1.07629584498,0.491516479791,2.88826011686,2.18974518502,1.07629584498,2.88826011686,0.351612638569,0.458912768647,121,0.0683229813665,0.291765337837,23,23,23,1,0,0.347826086957,0.608695652174,0.0434782608696,23,0.0573122529644,1.89492753623,2.52173913043,2.23076923077,1.61111111111,1.41001499726,0.559143878223,0.298350824588,1.6016296049,1.27025796251,0.620689655172,1.00983307821,0.800902096512,0.416791604198,0.942546984369,0.497405291942,3,1.93560606061,0.943836809029,3,0,0,0,0,0.0749287749288,23,22,22,0.95652173913,0,0.391304347826,0.391304347826,0.173913043478,23,77,0.152173913043,1,6.69565217391,4.8125,3.5,3.72259419087,0.555971859675,0.309994353473,3.40599332263,1.01737462884,0.547713156409,2.69019593156,0.803565018519,0.409937888199,0,0,0,NaN,NaN,NaN,0.521968771969,0.496108949416,85,0.0479954827781,0.19429604641,23,23,0,1,7,0.304347826087,0.652173913043,0.0434782608696,-22,-0.0434782608696,-1.18974518502,-1.91304347826,-1.7875,-1,-0.877199583509,0.0216523808332,0.0183825836,-0.883897358412,0.0207333595048,0.00665035447644,-0.224263048462,0.126468487806,0.0542066629023,-1.07629584498,-0.491516479791,-2.88826011686,NaN,NaN,NaN,0.1703561334,0.0371961807691,-36,-0.0203274985884,-0.0974692914267,-0.0434782608696,0.0434782608696,0,67,10,32,397,0.676767676768,0.97542997543,0.02457002457,0.323232323232,0.87012987013,0.676767676768,0.761363636364,0.720310962352,0.652197652198,0.614678899083,48,70,0,23,23,23,1,0,8,0,0.0386050732335,0,0,1,3.88826011686,0,16,NaN,1,ok,2.18974518502,0,23,22,22,0.95652173913,0,9,0,0.0353460972018,0,0,1,4,0,16,NaN,1,ok,1.93560606061,0,23,23,0,1,7,7,5,NaN,NaN,NaN,NaN,NaN,0,0,NaN,0,basal_unreachable_in_lcc,NaN,2,0,0,0
295,WLNM_dir_neg,0.679846938776,0.510637067736,00:00:02,10,30,95,507298741,fixed,validated_v2,/gpfs/scratch/acw792/wlnm_roleonly_v2_20260910/result_wlnm_dir_neg_roleonly_trophicv2_100x290_train10-90_Apocrita_20260910_011848/ecological_snapshots/Broadstone_Stream_tax_mass_K10_ratio0.3_exp95_seed507298741_threshold0.5_validated_v2.mat,role_only,2,uniform_without_replacement,uniform_remaining_nonlinks,176,0,176,407,198,198,176,22,0,22,0.111111111111,58,140,0.5,0.710526315789,0.385714285714,0.5,27,11,43,129,0.385714285714,0.921428571429,0.0785714285714,0.614285714286,0.710526315789,0.385714285714,0.5,0.742857142857,0.606349206349,0.346774193548,0.376094892841,0.307142857143,99,29,70,0,99,0,29,0,70,23,99,0.195652173913,2.18974518502,8.60869565217,6.6,4.5,4.59979377438,0.534319478842,0.291611769873,4.28989068105,0.996641269334,0.541062801932,2.91445898002,0.677096530713,0.355731225296,1.07629584498,0.491516479791,2.88826011686,2.18974518502,1.07629584498,2.88826011686,0.351612638569,0.458912768647,121,0.0683229813665,0.291765337837,23,23,23,1,0,0.347826086957,0.608695652174,0.0434782608696,23,0.0573122529644,2.01242236025,2.52173913043,2.23076923077,2.07142857143,2.01966615642,0.800902096512,0.419790104948,1.45281517639,1.15223272611,0.599700149925,1.42118360737,1.12714561964,0.578710644678,1.06853552572,0.530969813705,3.28571428571,2.29365079365,1.04516519338,3.28571428571,0.129131652661,0.1125,3,0.0016939582157,0.0879426129426,23,18,18,0.782608695652,0,0.217391304348,0.391304347826,0.173913043478,23,67,0.132411067194,1,5.82608695652,3.72222222222,3.52631578947,3.91561180536,0.672082623308,0.361453601557,2.62701080522,0.901809679404,0.484101232966,2.64425695833,0.90773000062,0.486696950032,0,0,0,NaN,NaN,NaN,0.464583782231,0.440298507463,59,0.0333145115754,0.152024282907,23,22,0,0.95652173913,7,0.173913043478,0.652173913043,0.130434782609,-32,-0.0632411067194,-1.18974518502,-2.78260869565,-2.87777777778,-0.973684210526,-0.684181969017,0.137763144466,0.0698418316848,-1.66287987583,-0.0948315899298,-0.0569615689668,-0.270202021698,0.230633469907,0.130965724736,-1.07629584498,-0.491516479791,-2.88826011686,NaN,NaN,NaN,0.112971143662,-0.0186142611846,-62,-0.0350084697911,-0.13974105493,-0.173913043478,0.0434782608696,0.0869565217391,56,11,43,396,0.565656565657,0.972972972973,0.027027027027,0.434343434343,0.835820895522,0.565656565657,0.674698795181,0.630427728904,0.53862953863,0.509090909091,38,70,0,23,23,23,1,0,8,0,0.0386050732335,0,0,1,3.88826011686,0,16,NaN,1,ok,2.18974518502,0,23,18,18,0.782608695652,0,5,0,0.0575736806032,0,0,1,4.28571428571,0,16,NaN,1,ok,2.29365079365,0,23,22,0,0.95652173913,7,4,16,NaN,NaN,NaN,NaN,NaN,0,0,NaN,0,basal_unreachable_in_lcc,NaN,2,0,0,0
296,WLNM_dir_neg,0.807755102041,0.730313155949,00:00:01,10,30,96,507298742,fixed,validated_v2,/gpfs/scratch/acw792/wlnm_roleonly_v2_20260910/result_wlnm_dir_neg_roleonly_trophicv2_100x290_train10-90_Apocrita_20260910_011848/ecological_snapshots/Broadstone_Stream_tax_mass_K10_ratio0.3_exp96_seed507298742_threshold0.5_validated_v2.mat,role_only,2,uniform_without_replacement,uniform_remaining_nonlinks,176,0,176,407,198,198,176,22,0,22,0.111111111111,58,140,0.5,0.770833333333,0.528571428571,0.627118644068,37,11,33,129,0.528571428571,0.921428571429,0.0785714285714,0.471428571429,0.770833333333,0.528571428571,0.627118644068,0.790476190476,0.590476190476,0.488372093023,0.505181485541,0.45,99,29,70,0,99,0,29,0,70,23,99,0.195652173913,2.18974518502,8.60869565217,6.6,4.5,4.59979377438,0.534319478842,0.291611769873,4.28989068105,0.996641269334,0.541062801932,2.91445898002,0.677096530713,0.355731225296,1.07629584498,0.491516479791,2.88826011686,2.18974518502,1.07629584498,2.88826011686,0.351612638569,0.458912768647,121,0.0683229813665,0.291765337837,23,23,23,1,0,0.347826086957,0.608695652174,0.0434782608696,23,0.0573122529644,1.97826086957,2.52173913043,2.63636363636,1.70588235294,2.04204810774,0.809777697895,0.43928035982,1.57299342033,1.24754650578,0.635682158921,1.09616651457,0.869373442591,0.455772113943,1.30114116477,0.657719709662,4.22222222222,2.125,1.33660356756,4.22222222222,0.257509157509,0.194805194805,5,0.00282326369283,0.0729004329004,23,20,20,0.869565217391,0,0.391304347826,0.347826086957,0.130434782609,23,77,0.152173913043,5.82743009689,6.69565217391,4.52941176471,3.5,5.06713817929,0.756780377427,0.404291360813,3.72471714182,1.11257784756,0.579333709768,2.42353415213,0.723912798689,0.371541501976,3.08091424631,0.528691755214,8.72738468001,6.04685873766,2.9637601542,8.72738468001,0.40436970437,0.451612903226,70,0.0395256916996,0.158820336118,23,22,22,0.95652173913,0,0.217391304348,0.739130434783,0,-22,-0.0434782608696,3.63768491187,-1.91304347826,-2.07058823529,-1,0.467344404917,0.222460898585,0.11267959094,-0.565173539228,0.115936578222,0.0382709078361,-0.49092482789,0.0468162679767,0.0158102766798,2.00461840133,0.0371752754226,5.83912456315,3.85711355264,1.88746430922,5.83912456315,0.0527570658005,-0.00729986542148,-51,-0.0287972896669,-0.132945001719,-0.130434782609,0.130434782609,-0.0434782608696,66,11,33,396,0.666666666667,0.972972972973,0.027027027027,0.333333333333,0.857142857143,0.666666666667,0.75,0.706441433567,0.63963963964,0.6,48,70,0,23,23,23,1,0,8,0,0.0386050732335,0,0,1,3.88826011686,0,16,NaN,1,ok,2.18974518502,0,23,20,20,0.869565217391,0,9,0,0.0671654321909,0,0,1,5.22222222222,0,16,NaN,1,ok,2.125,0,23,22,22,0.95652173913,0,5,0,0.00677843860789,0,0,1,9.72738468001,0,16,NaN,1,ok,6.04685873766,0,0,0,0
297,WLNM_dir_neg,0.855306122449,0.813327026846,00:00:02,10,30,97,507298743,fixed,validated_v2,/gpfs/scratch/acw792/wlnm_roleonly_v2_20260910/result_wlnm_dir_neg_roleonly_trophicv2_100x290_train10-90_Apocrita_20260910_011848/ecological_snapshots/Broadstone_Stream_tax_mass_K10_ratio0.3_exp97_seed507298743_threshold0.5_validated_v2.mat,role_only,2,uniform_without_replacement,uniform_remaining_nonlinks,176,0,176,407,198,198,176,22,0,22,0.111111111111,58,140,0.5,0.926829268293,0.542857142857,0.684684684685,38,3,32,137,0.542857142857,0.978571428571,0.0214285714286,0.457142857143,0.926829268293,0.542857142857,0.684684684685,0.833333333333,0.601587301587,0.581673306773,0.620115492574,0.521428571429,99,29,70,0,99,0,29,0,70,23,99,0.195652173913,2.18974518502,8.60869565217,6.6,4.5,4.59979377438,0.534319478842,0.291611769873,4.28989068105,0.996641269334,0.541062801932,2.91445898002,0.677096530713,0.355731225296,1.07629584498,0.491516479791,2.88826011686,2.18974518502,1.07629584498,2.88826011686,0.351612638569,0.458912768647,121,0.0683229813665,0.291765337837,23,23,23,1,0,0.347826086957,0.608695652174,0.0434782608696,23,0.0573122529644,1.74154589372,2.52173913043,2.41666666667,1.8125,1.83078634912,0.726001483272,0.391304347826,1.6016296049,1.27025796251,0.629685157421,1.42118360737,1.12714561964,0.536731634183,0.817116397788,0.469190275568,2.55555555556,1.81216931217,0.821109643375,2.55555555556,0.102380952381,0.0740740740741,2,0.00112930547713,0.095652958153,23,21,21,0.913043478261,0,0.391304347826,0.304347826087,0.217391304348,23,70,0.138339920949,1.87595208457,6.08695652174,5.38461538462,3.5,3.48911350395,0.573211504221,0.315527950311,3.35041735351,1.10085141615,0.585093167702,2.40223874503,0.789307016225,0.427329192547,0.883516946732,0.470969889902,2.61280178203,1.87595208457,0.883516946732,2.61280178203,0.337973894792,0.349168646081,49,0.0276679841897,0.20676727119,23,23,23,1,0,0.434782608696,0.434782608696,0.130434782609,-29,-0.0573122529644,-0.313793100453,-2.52173913043,-1.21538461538,-1,-1.11068027042,0.0388920253793,0.0239161804379,-0.939473327539,0.104210146818,0.0440303657695,-0.51222023499,0.112210485513,0.0715979672501,-0.192778898251,-0.0205465898894,-0.275458334829,-0.313793100453,-0.192778898251,-0.275458334829,-0.0136387437771,-0.109744122567,-72,-0.0406549971767,-0.0849980666464,0.0869565217391,-0.173913043478,0.0869565217391,67,3,32,404,0.676767676768,0.992628992629,0.00737100737101,0.323232323232,0.957142857143,0.676767676768,0.792899408284,0.769141215855,0.669396669397,0.656862745098,41,70,0,23,23,23,1,0,8,0,0.0386050732335,0,0,1,3.88826011686,0,16,NaN,1,ok,2.18974518502,0,23,21,21,0.913043478261,0,9,0,0.0554557124519,0,0,1,3.55555555556,0,16,NaN,1,ok,1.81216931217,0,23,23,23,1,0,10,0,0.0694325165676,0,0,1,3.61280178203,0,16,NaN,1,ok,1.87595208457,0,0,0,0
298,WLNM_dir_neg,0.872448979592,0.710103985782,00:00:01,10,30,98,507298744,fixed,validated_v2,/gpfs/scratch/acw792/wlnm_roleonly_v2_20260910/result_wlnm_dir_neg_roleonly_trophicv2_100x290_train10-90_Apocrita_20260910_011848/ecological_snapshots/Broadstone_Stream_tax_mass_K10_ratio0.3_exp98_seed507298744_threshold0.5_validated_v2.mat,role_only,2,uniform_without_replacement,uniform_remaining_nonlinks,176,0,176,407,198,198,176,22,0,22,0.111111111111,58,140,0.5,0.75,0.557142857143,0.639344262295,39,13,31,127,0.557142857143,0.907142857143,0.0928571428571,0.442857142857,0.75,0.557142857143,0.639344262295,0.790476190476,0.584126984127,0.496183206107,0.507070264524,0.464285714286,99,29,70,0,99,0,29,0,70,23,99,0.195652173913,2.18974518502,8.60869565217,6.6,4.5,4.59979377438,0.534319478842,0.291611769873,4.28989068105,0.996641269334,0.541062801932,2.91445898002,0.677096530713,0.355731225296,1.07629584498,0.491516479791,2.88826011686,2.18974518502,1.07629584498,2.88826011686,0.351612638569,0.458912768647,121,0.0683229813665,0.291765337837,23,23,23,1,0,0.347826086957,0.608695652174,0.0434782608696,23,0.0573122529644,2.08022774327,2.52173913043,2.07142857143,1.93333333333,1.87978638093,0.74543253037,0.400299850075,1.42118360737,1.12714561964,0.581709145427,1.25108648434,0.992241004823,0.527736131934,1.06266387044,0.510840158669,3.28571428571,2.18310657596,1.05564079924,3.28571428571,0.188095238095,0.0810810810811,2,0.00112930547713,0.0945054945055,23,21,21,0.913043478261,0,0.304347826087,0.347826086957,0.260869565217,23,81,0.160079051383,4.76009550852,7.04347826087,4.76470588235,3.68181818182,4.60709197246,0.654093304732,0.352657004831,3.50155245073,0.994267979837,0.536768652711,2.5382450132,0.720736238316,0.39398819109,2.65765148226,0.558318940765,6.93034444308,4.76009550852,2.65765148226,6.93034444308,0.475149189435,0.42397137746,79,0.0446075663467,0.153917065249,23,23,23,1,0,0.260869565217,0.695652173913,0.0434782608696,-18,-0.0355731225296,2.5703503235,-1.5652173913,-1.83529411765,-0.818181818182,0.00729819808098,0.11977382589,0.0610452349583,-0.788338230317,-0.00237328949713,-0.00429414922169,-0.376213966824,0.0436397076034,0.0382569657932,1.58135563727,0.0668024609733,4.04208432622,2.5703503235,1.58135563727,4.04208432622,0.123536550866,-0.0349413911875,-42,-0.0237154150198,-0.137848272588,-0.0869565217391,0.0869565217391,0,68,13,31,394,0.686868686869,0.968058968059,0.031941031941,0.313131313131,0.83950617284,0.686868686869,0.755555555556,0.708551067617,0.654927654928,0.607142857143,52,70,0,23,23,23,1,0,8,0,0.0386050732335,0,0,1,3.88826011686,0,16,NaN,1,ok,2.18974518502,0,23,21,21,0.913043478261,0,7,0,0.0297239915074,0,0,1,4.28571428571,0,16,NaN,1,ok,2.18310657596,0,23,23,23,1,0,6,0,0.0154253320984,0,0,1,7.93034444308,0,16,NaN,1,ok,4.76009550852,0,0,0,0
299,WLNM_dir_neg,0.884336734694,0.770174957186,00:00:01,10,30,99,507298745,fixed,validated_v2,/gpfs/scratch/acw792/wlnm_roleonly_v2_20260910/result_wlnm_dir_neg_roleonly_trophicv2_100x290_train10-90_Apocrita_20260910_011848/ecological_snapshots/Broadstone_Stream_tax_mass_K10_ratio0.3_exp99_seed507298745_threshold0.5_validated_v2.mat,role_only,2,uniform_without_replacement,uniform_remaining_nonlinks,176,0,176,407,198,198,176,22,0,22,0.111111111111,58,140,0.5,0.825396825397,0.742857142857,0.781954887218,52,11,18,129,0.742857142857,0.921428571429,0.0785714285714,0.257142857143,0.825396825397,0.742857142857,0.781954887218,0.861904761905,0.566666666667,0.681318681319,0.683343406975,0.664285714286,99,29,70,0,99,0,29,0,70,23,99,0.195652173913,2.18974518502,8.60869565217,6.6,4.5,4.59979377438,0.534319478842,0.291611769873,4.28989068105,0.996641269334,0.541062801932,2.91445898002,0.677096530713,0.355731225296,1.07629584498,0.491516479791,2.88826011686,2.18974518502,1.07629584498,2.88826011686,0.351612638569,0.458912768647,121,0.0683229813665,0.291765337837,23,23,23,1,0,0.347826086957,0.608695652174,0.0434782608696,23,0.0573122529644,1.9653784219,2.52173913043,2.23076923077,2.07142857143,1.72862439312,0.685488983479,0.376311844078,1.32175473259,1.04828823619,0.551724137931,1.35570817805,1.07521683087,0.55772113943,1.04317592642,0.530776116597,2.93055555556,2.16861598441,1.03891304515,2.93055555556,0.0916666666667,0.0845070422535,2,0.00112930547713,0.0935897435897,23,19,19,0.826086956522,0,0.260869565217,0.347826086957,0.217391304348,23,92,0.181818181818,6.05876815243,8,5.75,4.18181818182,5.03623235799,0.629529044748,0.351606805293,4.05642027588,1.01410506897,0.547258979206,2.9541957835,0.738548945876,0.393194706994,3.84743080599,0.635018655474,9.76097801854,6.05876815243,3.84743080599,9.76097801854,0.515983183483,0.553977272727,130,0.0734048560136,0.217825698911,23,23,23,1,0,0.304347826087,0.652173913043,0.0434782608696,-7,-0.0138339920949,3.86902296741,-0.608695652174,-0.85,-0.318181818182,0.43643858361,0.0952095659066,0.0599950354204,-0.23347040517,0.017463799635,0.00619617727368,0.0397368034796,0.0614524151632,0.0374634816979,2.771134961,0.143502175683,6.87271790169,3.86902296741,2.771134961,6.87271790169,0.164370544914,0.09506450408,9,0.00508187464709,-0.0739396389255,-0.0434782608696,0.0434782608696,0,81,11,18,396,0.818181818182,0.972972972973,0.027027027027,0.181818181818,0.880434782609,0.818181818182,0.848167539267,0.813733471207,0.791154791155,0.736363636364,63,70,0,23,23,23,1,0,8,0,0.0386050732335,0,0,1,3.88826011686,0,16,NaN,1,ok,2.18974518502,0,23,19,19,0.826086956522,0,6,0,0.0367138810198,0,0,1,3.93055555556,0,16,NaN,1,ok,2.16861598441,0,23,23,23,1,0,7,0,0.00833269190521,0,0,1,10.7609780185,0,16,NaN,1,ok,6.05876815243,0,0,0,0
300,WLNM_dir_neg,0.837448979592,0.72343745069,00:00:00,10,30,100,507298746,fixed,validated_v2,/gpfs/scratch/acw792/wlnm_roleonly_v2_20260910/result_wlnm_dir_neg_roleonly_trophicv2_100x290_train10-90_Apocrita_20260910_011848/ecological_snapshots/Broadstone_Stream_tax_mass_K10_ratio0.3_exp100_seed507298746_threshold0.5_validated_v2.mat,role_only,2,uniform_without_replacement,uniform_remaining_nonlinks,176,0,176,407,198,198,176,22,0,22,0.111111111111,58,140,0.5,0.853658536585,0.5,0.630630630631,35,6,35,134,0.5,0.957142857143,0.0428571428571,0.5,0.853658536585,0.5,0.630630630631,0.804761904762,0.601587301587,0.509960159363,0.543662897599,0.457142857143,99,29,70,0,99,0,29,0,70,23,99,0.195652173913,2.18974518502,8.60869565217,6.6,4.5,4.59979377438,0.534319478842,0.291611769873,4.28989068105,0.996641269334,0.541062801932,2.91445898002,0.677096530713,0.355731225296,1.07629584498,0.491516479791,2.88826011686,2.18974518502,1.07629584498,2.88826011686,0.351612638569,0.458912768647,121,0.0683229813665,0.291765337837,23,23,23,1,0,0.347826086957,0.608695652174,0.0434782608696,23,0.0573122529644,1.77453416149,2.52173913043,2.63636363636,1.52631578947,1.80578779629,0.716088264045,0.388305847076,1.62976270733,1.29257042306,0.647676161919,0.963770592486,0.764369780247,0.377811094453,0.940681229987,0.530100378116,2.83333333333,1.89071428571,0.956906197753,2.83333333333,0.0977777777778,0.128571428571,3,0.0016939582157,0.0579942279942,23,20,20,0.869565217391,0,0.391304347826,0.434782608696,0.0434782608696,23,70,0.138339920949,2.35048502011,6.08695652174,5.38461538462,3.18181818182,4.0216803756,0.660704633134,0.362732919255,3.66157269824,1.20308817228,0.622360248447,2.0108401878,0.660704633134,0.345341614907,1.4449111885,0.614728950044,4.24952259707,2.35048502011,1.4449111885,4.24952259707,0.470380677524,0.43137254902,66,0.0372670807453,0.16627919801,23,23,23,1,0,0.434782608696,0.521739130435,0.0434782608696,-29,-0.0573122529644,0.160739835081,-2.52173913043,-1.21538461538,-1.31818181818,-0.578113398778,0.126385154292,0.071121149382,-0.628317982806,0.206446902945,0.0812974465148,-0.903618792225,-0.0163918975786,-0.0103896103896,0.36861534352,0.123212470253,1.36126248021,0.160739835081,0.36861534352,1.36126248021,0.118768038954,-0.0275402196277,-55,-0.0310559006211,-0.125486139827,0.0869565217391,-0.0869565217391,0,64,6,35,401,0.646464646465,0.985257985258,0.014742014742,0.353535353535,0.914285714286,0.646464646465,0.757396449704,0.725853496529,0.631722631723,0.609523809524,41,70,0,23,23,23,1,0,8,0,0.0386050732335,0,0,1,3.88826011686,0,16,NaN,1,ok,2.18974518502,0,23,20,20,0.869565217391,0,9,0,0.0642594859241,0,0,1,3.83333333333,0,16,NaN,1,ok,1.89071428571,0,23,23,23,1,0,10,0,0.0387843691255,0,0,1,5.24952259707,0,16,NaN,1,ok,2.35048502011,0,0,0,0
301,WLNM_dir_neg,0.860416666667,0.769170949348,00:00:01,10,40,1,508215947,fixed,validated_v2,/gpfs/scratch/acw792/wlnm_roleonly_v2_20260910/result_wlnm_dir_neg_roleonly_trophicv2_100x290_train10-90_Apocrita_20260910_011848/ecological_snapshots/Broadstone_Stream_tax_mass_K10_ratio0.4_exp1_seed508215947_threshold0.5_validated_v2.mat,role_only,2,uniform_without_replacement,uniform_remaining_nonlinks,176,0,176,407,198,198,176,22,0,22,0.111111111111,78,120,0.5,0.871794871795,0.566666666667,0.686868686869,34,5,26,115,0.566666666667,0.958333333333,0.0416666666667,0.433333333333,0.871794871795,0.566666666667,0.686868686869,0.827777777778,0.594444444444,0.575342465753,0.600736046075,0.525,99,39,60,0,99,0,39,0,60,23,99,0.195652173913,2.18974518502,8.60869565217,6.6,4.5,4.59979377438,0.534319478842,0.291611769873,4.28989068105,0.996641269334,0.541062801932,2.91445898002,0.677096530713,0.355731225296,1.07629584498,0.491516479791,2.88826011686,2.18974518502,1.07629584498,2.88826011686,0.351612638569,0.458912768647,121,0.0683229813665,0.291765337837,23,23,23,1,0,0.347826086957,0.608695652174,0.0434782608696,23,0.0770750988142,2.05561912026,3.39130434783,3,2.05263157895,2.14770766664,0.633298414522,0.348940914158,1.79481026115,1.05847784632,0.564102564103,1.36297744291,0.803807209921,0.423634336678,1.13697593849,0.553106325624,2.90204678363,2.15615427458,1.1401490505,2.90204678363,0.216666666667,0.212389380531,8,0.00451722190853,0.105769230769,23,21,21,0.913043478261,0,0.347826086957,0.478260869565,0.0869565217391,23,78,0.154150197628,3.62725794306,6.78260869565,5.57142857143,4.10526315789,3.98812466454,0.587992739003,0.327201783724,3.76272544398,1.10952160528,0.585284280936,2.42597928558,0.715352866261,0.392419175028,2.38916638448,0.658670108931,6.50816512744,3.87747298526,2.35009387862,6.50816512744,0.37634164777,0.449168207024,81,0.0457368718238,0.19128184356,23,21,21,0.913043478261,0,0.304347826087,0.521739130435,0.0869565217391,-21,-0.0415019762846,1.43751275803,-1.82608695652,-1.02857142857,-0.394736842105,-0.611669109836,0.0536732601611,0.0355900138509,-0.527165237064,0.112880335943,0.0442214790041,-0.488479694443,0.0382563355485,0.0366879497314,1.31287053949,0.16715362914,3.61990501059,1.68772780023,1.27379803364,3.61990501059,0.0247290092011,-0.00974456162325,-40,-0.0225861095426,-0.100483494276,-0.0434782608696,-0.0869565217391,0.0434782608696,73,5,26,402,0.737373737374,0.987714987715,0.012285012285,0.262626262626,0.935897435897,0.737373737374,0.824858757062,0.796593517857,0.725088725089,0.701923076923,39,60,0,23,23,23,1,0,8,0,0.0386050732335,0,0,1,3.88826011686,0,16,NaN,1,ok,2.18974518502,0,23,21,21,0.913043478261,0,8,0,0.0311908023614,0,0,1,3.90204678363,0,16,NaN,1,ok,2.15615427458,0,23,21,21,0.913043478261,0,7,0,0.0192808552036,0,0,1,7.50816512744,0,16,NaN,1,ok,3.87747298526,0,0,0,0
302,WLNM_dir_neg,0.852222222222,0.698031491558,00:00:00,10,40,2,508215948,fixed,validated_v2,/gpfs/scratch/acw792/wlnm_roleonly_v2_20260910/result_wlnm_dir_neg_roleonly_trophicv2_100x290_train10-90_Apocrita_20260910_011848/ecological_snapshots/Broadstone_Stream_tax_mass_K10_ratio0.4_exp2_seed508215948_threshold0.5_validated_v2.mat,role_only,2,uniform_without_replacement,uniform_remaining_nonlinks,176,0,176,407,198,198,176,22,0,22,0.111111111111,78,120,0.5,0.78125,0.416666666667,0.54347826087,25,7,35,113,0.416666666667,0.941666666667,0.0583333333333,0.583333333333,0.78125,0.416666666667,0.54347826087,0.766666666667,0.607407407407,0.405660377358,0.441822278383,0.358333333333,99,39,60,0,99,0,39,0,60,23,99,0.195652173913,2.18974518502,8.60869565217,6.6,4.5,4.59979377438,0.534319478842,0.291611769873,4.28989068105,0.996641269334,0.541062801932,2.91445898002,0.677096530713,0.355731225296,1.07629584498,0.491516479791,2.88826011686,2.18974518502,1.07629584498,2.88826011686,0.351612638569,0.458912768647,121,0.0683229813665,0.291765337837,23,23,23,1,0,0.347826086957,0.608695652174,0.0434782608696,23,0.0770750988142,1.97359098229,3.39130434783,2.78571428571,2.6,2.4631674072,0.726318594431,0.402452619844,1.86924346896,1.10237435349,0.577480490524,2.05459092608,1.2116818282,0.588628762542,1.0152591278,0.51442225715,3.55555555556,2.11962962963,1.01063659438,3.55555555556,0.196778711485,0.198675496689,10,0.00564652738566,0.181240188383,23,20,20,0.869565217391,0,0.260869565217,0.391304347826,0.217391304348,23,71,0.140316205534,2.76708740785,6.17391304348,4.17647058824,3.73684210526,3.62632012217,0.587361709929,0.327005511329,3.05871398226,0.990851008339,0.515615431721,3.01380224178,0.976302134662,0.504592774036,1.23333313651,0.445715279179,3.68027681661,2.76708740785,1.23333313651,3.68027681661,0.377756132756,0.392116182573,63,0.0355731225296,0.212803311884,23,23,23,1,0,0.260869565217,0.565217391304,0.173913043478,-28,-0.0553359683794,0.577342222828,-2.4347826087,-2.42352941176,-0.763157894737,-0.973473652207,0.0530422310872,0.0353937414562,-1.23117669878,-0.00579026099521,-0.0254473702116,0.0993432617574,0.299205603949,0.148861548739,0.157037291522,-0.0458012006119,0.792016699751,0.577342222828,0.157037291522,0.792016699751,0.026143494187,-0.0667965860747,-58,-0.0327498588368,-0.0789620259526,-0.0869565217391,-0.0434782608696,0.130434782609,64,7,35,400,0.646464646465,0.982800982801,0.017199017199,0.353535353535,0.901408450704,0.646464646465,0.752941176471,0.718745287349,0.629265629266,0.603773584906,32,60,0,23,23,23,1,0,8,0,0.0386050732335,0,0,1,3.88826011686,0,16,NaN,1,ok,2.18974518502,0,23,20,20,0.869565217391,0,6,0,0.0242404654169,0,0,1,4.55555555556,0,16,NaN,1,ok,2.11962962963,0,23,23,23,1,0,6,0,0.0142544036433,0,0,1,4.68027681661,0,16,NaN,1,ok,2.76708740785,0,0,0,0
303,WLNM_dir_neg,0.866319444444,0.681047719861,00:00:00,10,40,3,508215949,fixed,validated_v2,/gpfs/scratch/acw792/wlnm_roleonly_v2_20260910/result_wlnm_dir_neg_roleonly_trophicv2_100x290_train10-90_Apocrita_20260910_011848/ecological_snapshots/Broadstone_Stream_tax_mass_K10_ratio0.4_exp3_seed508215949_threshold0.5_validated_v2.mat,role_only,2,uniform_without_replacement,uniform_remaining_nonlinks,176,0,176,407,198,198,176,22,0,22,0.111111111111,78,120,0.5,0.754716981132,0.666666666667,0.70796460177,40,13,20,107,0.666666666667,0.891666666667,0.108333333333,0.333333333333,0.754716981132,0.666666666667,0.70796460177,0.816666666667,0.568518518519,0.575107296137,0.577457477753,0.558333333333,99,39,60,0,99,0,39,0,60,23,99,0.195652173913,2.18974518502,8.60869565217,6.6,4.5,4.59979377438,0.534319478842,0.291611769873,4.28989068105,0.996641269334,0.541062801932,2.91445898002,0.677096530713,0.355731225296,1.07629584498,0.491516479791,2.88826011686,2.18974518502,1.07629584498,2.88826011686,0.351612638569,0.458912768647,121,0.0683229813665,0.291765337837,23,23,23,1,0,0.347826086957,0.608695652174,0.0434782608696,23,0.0770750988142,2.09468599034,3.39130434783,2.6,2.16666666667,2.25104279744,0.663769030013,0.361204013378,1.79481026115,1.05847784632,0.559643255295,1.66336959783,0.980961557692,0.497212931996,1.00742958116,0.480945395066,3,2.19894179894,0.992551922092,3,0.243650793651,0.264705882353,12,0.00677583286279,0.111080876795,23,21,21,0.913043478261,0,0.260869565217,0.521739130435,0.130434782609,23,92,0.181818181818,1,8,5.11111111111,4.6,5.16984262113,0.646230327641,0.36011342155,3.93122696553,0.982806741384,0.521739130435,3.10424928708,0.776062321771,0.413988657845,0,0,0,21.7632352182,9.80768136797,28.2449485771,0.485708999995,0.570080862534,141,0.0796160361378,0.183895645877,23,21,21,0.913043478261,0,0.130434782609,0.739130434783,0.0434782608696,-7,-0.0138339920949,-1.18974518502,-0.608695652174,-1.48888888889,0.1,0.570048846755,0.1119108488,0.0685016516775,-0.358663715513,-0.0138345279506,-0.0193236714976,0.18979030706,0.0989657910583,0.0582574325485,-1.07629584498,-0.491516479791,-2.88826011686,19.5734900332,8.73138552299,25.3566884603,0.134096361426,0.111168093886,20,0.0112930547713,-0.10786969196,-0.217391304348,0.130434782609,0,79,13,20,394,0.79797979798,0.968058968059,0.031941031941,0.20202020202,0.858695652174,0.79797979798,0.82722513089,0.787900662597,0.766038766039,0.705357142857,53,60,0,23,23,23,1,0,8,0,0.0386050732335,0,0,1,3.88826011686,0,16,NaN,1,ok,2.18974518502,0,23,21,21,0.913043478261,0,6,0,0.0231267345051,0,0,1,4,0,16,NaN,1,ok,2.19894179894,0,23,21,21,0.913043478261,0,3,0,0.00238608158495,0,0,1,29.2449485771,1,16,NaN,1,ok,NaN,3,0,0,0
304,WLNM_dir_neg,0.817152777778,0.683859359411,00:00:00,10,40,4,508215950,fixed,validated_v2,/gpfs/scratch/acw792/wlnm_roleonly_v2_20260910/result_wlnm_dir_neg_roleonly_trophicv2_100x290_train10-90_Apocrita_20260910_011848/ecological_snapshots/Broadstone_Stream_tax_mass_K10_ratio0.4_exp4_seed508215950_threshold0.5_validated_v2.mat,role_only,2,uniform_without_replacement,uniform_remaining_nonlinks,176,0,176,407,198,198,176,22,0,22,0.111111111111,78,120,0.5,0.888888888889,0.533333333333,0.666666666667,32,4,28,116,0.533333333333,0.966666666667,0.0333333333333,0.466666666667,0.888888888889,0.533333333333,0.666666666667,0.822222222222,0.6,0.555555555556,0.589255650989,0.5,99,39,60,0,99,0,39,0,60,23,99,0.195652173913,2.18974518502,8.60869565217,6.6,4.5,4.59979377438,0.534319478842,0.291611769873,4.28989068105,0.996641269334,0.541062801932,2.91445898002,0.677096530713,0.355731225296,1.07629584498,0.491516479791,2.88826011686,2.18974518502,1.07629584498,2.88826011686,0.351612638569,0.458912768647,121,0.0683229813665,0.291765337837,23,23,23,1,0,0.347826086957,0.608695652174,0.0434782608696,23,0.0770750988142,1.97826086957,3.39130434783,2.78571428571,2.05263157895,1.82754506063,0.538891492236,0.297658862876,1.66336959783,0.980961557692,0.523968784838,1.4596008984,0.860790273415,0.44370122631,0.942985143364,0.476673808734,2.74074074074,1.97826086957,0.942985143364,2.74074074074,0.293233082707,0.223140495868,9,0.00508187464709,0.113422291994,23,23,23,1,0,0.391304347826,0.434782608696,0.173913043478,23,75,0.148221343874,2.25145626698,6.52173913043,5,3.75,3.56586805978,0.546766435833,0.304347826087,3.40076717687,1.04290193424,0.56,2.2806974871,0.699413896044,0.354782608696,1.08882737004,0.48361026861,2.88292408132,2.25145626698,1.08882737004,2.88292408132,0.372963400236,0.328326180258,51,0.0287972896669,0.176761518904,23,23,23,1,0,0.347826086957,0.521739130435,0.130434782609,-24,-0.0474308300395,0.0617110819501,-2.08695652174,-1.6,-0.75,-1.0339257146,0.0124469569912,0.0127360562143,-0.889123504173,0.0462606649072,0.0189371980676,-0.633761492924,0.0223173653315,-0.00094861660079,0.0125315250532,-0.0079062111808,-0.00533603553999,0.0617110819501,0.0125315250532,-0.00533603553999,0.021350761667,-0.13058658839,-70,-0.0395256916996,-0.115003818932,0,-0.0869565217391,0.0869565217391,71,4,28,403,0.717171717172,0.990171990172,0.00982800982801,0.282828282828,0.946666666667,0.717171717172,0.816091954023,0.78972525993,0.707343707344,0.68932038835,36,60,0,23,23,23,1,0,8,0,0.0386050732335,0,0,1,3.88826011686,0,16,NaN,1,ok,2.18974518502,0,23,23,23,1,0,9,0,0.0421134724118,0,0,1,3.74074074074,0,16,NaN,1,ok,1.97826086957,0,23,23,23,1,0,8,0,0.03513023881,0,0,1,3.88292408132,0,16,NaN,1,ok,2.25145626698,0,0,0,0
305,WLNM_dir_neg,0.82125,0.592569227821,00:00:00,10,40,5,508215951,fixed,validated_v2,/gpfs/scratch/acw792/wlnm_roleonly_v2_20260910/result_wlnm_dir_neg_roleonly_trophicv2_100x290_train10-90_Apocrita_20260910_011848/ecological_snapshots/Broadstone_Stream_tax_mass_K10_ratio0.4_exp5_seed508215951_threshold0.5_validated_v2.mat,role_only,2,uniform_without_replacement,uniform_remaining_nonlinks,176,0,176,407,198,198,176,22,0,22,0.111111111111,78,120,0.5,0.85,0.566666666667,0.68,34,6,26,114,0.566666666667,0.95,0.05,0.433333333333,0.85,0.566666666667,0.68,0.822222222222,0.592592592593,0.563636363636,0.585844933164,0.516666666667,99,39,60,0,99,0,39,0,60,23,99,0.195652173913,2.18974518502,8.60869565217,6.6,4.5,4.59979377438,0.534319478842,0.291611769873,4.28989068105,0.996641269334,0.541062801932,2.91445898002,0.677096530713,0.355731225296,1.07629584498,0.491516479791,2.88826011686,2.18974518502,1.07629584498,2.88826011686,0.351612638569,0.458912768647,121,0.0683229813665,0.291765337837,23,23,23,1,0,0.347826086957,0.608695652174,0.0434782608696,23,0.0770750988142,1.85098814229,3.39130434783,3.25,1.85714285714,2.42597928558,0.715352866261,0.389074693423,2.20402075986,1.29980711479,0.653288740245,1.1455361035,0.67557257386,0.345596432553,0.934117256995,0.504658693187,2.36363636364,1.88966942149,0.937056001978,2.36363636364,0.258482142857,0.26582278481,14,0.00790513833992,0.0695231536141,23,22,22,0.95652173913,0,0.434782608696,0.478260869565,0.0434782608696,23,79,0.156126482213,2.0983001945,6.86956521739,6.58333333333,3.7619047619,4.53576041361,0.660268920968,0.367088607595,4.19768428537,1.22211061473,0.630709961475,2.14954724528,0.625817552423,0.336818932306,1.18061407365,0.562652606499,3.13848379479,2.14822293061,1.18328834653,3.13848379479,0.445202680917,0.447684391081,87,0.0491247882552,0.209831259472,23,22,22,0.95652173913,0,0.434782608696,0.478260869565,0.0434782608696,-20,-0.0395256916996,-0.0914449905258,-1.73913043478,-0.0166666666667,-0.738095238095,-0.0640333607701,0.125949442126,0.0754768377223,-0.0922063956723,0.225469345395,0.0896471595426,-0.764911734746,-0.0512789782899,-0.0189122929904,0.104318228668,0.0711361267075,0.250223677937,-0.0415222544122,0.10699250155,0.250223677937,0.0935900423478,-0.0112283775667,-34,-0.0191981931112,-0.0819340783644,0.0869565217391,-0.130434782609,0,73,6,26,401,0.737373737374,0.985257985258,0.014742014742,0.262626262626,0.924050632911,0.737373737374,0.820224719101,0.789776744301,0.722631722632,0.695238095238,40,60,0,23,23,23,1,0,8,0,0.0386050732335,0,0,1,3.88826011686,0,16,NaN,1,ok,2.18974518502,0,23,22,22,0.95652173913,0,10,0,0.0766473683181,0,0,1,3.36363636364,0,16,NaN,1,ok,1.88966942149,0,23,22,22,0.95652173913,0,10,0,0.0724525154256,0,0,1,4.13848379479,0,16,NaN,1,ok,2.14822293061,0,0,0,0
306,WLNM_dir_neg,0.872152777778,0.576465087222,00:00:00,10,40,6,508215952,fixed,validated_v2,/gpfs/scratch/acw792/wlnm_roleonly_v2_20260910/result_wlnm_dir_neg_roleonly_trophicv2_100x290_train10-90_Apocrita_20260910_011848/ecological_snapshots/Broadstone_Stream_tax_mass_K10_ratio0.4_exp6_seed508215952_threshold0.5_validated_v2.mat,role_only,2,uniform_without_replacement,uniform_remaining_nonlinks,176,0,176,407,198,198,176,22,0,22,0.111111111111,78,120,0.5,0.733333333333,0.55,0.628571428571,33,12,27,108,0.55,0.9,0.1,0.45,0.733333333333,0.55,0.628571428571,0.783333333333,0.583333333333,0.48,0.489897948557,0.45,99,39,60,0,99,0,39,0,60,23,99,0.195652173913,2.18974518502,8.60869565217,6.6,4.5,4.59979377438,0.534319478842,0.291611769873,4.28989068105,0.996641269334,0.541062801932,2.91445898002,0.677096530713,0.355731225296,1.07629584498,0.491516479791,2.88826011686,2.18974518502,1.07629584498,2.88826011686,0.351612638569,0.458912768647,121,0.0683229813665,0.291765337837,23,23,23,1,0,0.347826086957,0.608695652174,0.0434782608696,23,0.0770750988142,2.08913043478,3.39130434783,2.78571428571,2.6,2.10495369059,0.620691472866,0.346711259755,1.74342355488,1.0281728657,0.552954292085,1.81995960516,1.07330951074,0.555183946488,1.09814803202,0.525648381612,3.28571428571,2.19285714286,1.09389410291,3.28571428571,0.246296296296,0.232394366197,11,0.00621118012422,0.123983952555,23,21,21,0.913043478261,0,0.304347826087,0.347826086957,0.260869565217,23,84,0.166007905138,7.74934169574,7.30434782609,4.66666666667,4.94117647059,4.28989068105,0.587306462286,0.329192546584,3.12771621086,0.856398486306,0.473084886128,3.12771621086,0.856398486306,0.466873706004,4.85861808662,0.626971719326,11.8379761245,8.39213614295,4.58012897349,11.8379761245,0.446663918092,0.495867768595,100,0.0564652738566,0.181419923577,23,21,21,0.913043478261,0,0.130434782609,0.608695652174,0.173913043478,-15,-0.0296442687747,5.55959651071,-1.30434782609,-1.93333333333,0.441176470588,-0.30990309333,0.0529869834444,0.0375807767112,-1.16217447019,-0.140242783028,-0.067977915804,0.213257230832,0.179301955593,0.111142480708,3.78232224164,0.135455239535,8.94971600765,6.20239095792,3.50383312851,8.94971600765,0.0950512795233,0.0369549999478,-21,-0.0118577075099,-0.11034541426,-0.217391304348,0,0.130434782609,72,12,27,395,0.727272727273,0.970515970516,0.029484029484,0.272727272727,0.857142857143,0.727272727273,0.786885245902,0.743948485897,0.697788697789,0.648648648649,45,60,0,23,23,23,1,0,8,0,0.0386050732335,0,0,1,3.88826011686,0,16,NaN,1,ok,2.18974518502,0,23,21,21,0.913043478261,0,7,0,0.0376403672027,0,0,1,4.28571428571,0,16,NaN,1,ok,2.19285714286,0,23,21,21,0.913043478261,0,3,0,0.00892500850667,0,0,1,12.8379761245,0,16,NaN,1,ok,8.39213614295,0,0,0,0
307,WLNM_dir_neg,0.810972222222,0.716677011065,00:00:00,10,40,7,508215953,fixed,validated_v2,/gpfs/scratch/acw792/wlnm_roleonly_v2_20260910/result_wlnm_dir_neg_roleonly_trophicv2_100x290_train10-90_Apocrita_20260910_011848/ecological_snapshots/Broadstone_Stream_tax_mass_K10_ratio0.4_exp7_seed508215953_threshold0.5_validated_v2.mat,role_only,2,uniform_without_replacement,uniform_remaining_nonlinks,176,0,176,407,198,198,176,22,0,22,0.111111111111,78,120,0.5,0.722222222222,0.65,0.684210526316,39,15,21,105,0.65,0.875,0.125,0.35,0.722222222222,0.65,0.684210526316,0.8,0.566666666667,0.538461538462,0.540061724867,0.525,99,39,60,0,99,0,39,0,60,23,99,0.195652173913,2.18974518502,8.60869565217,6.6,4.5,4.59979377438,0.534319478842,0.291611769873,4.28989068105,0.996641269334,0.541062801932,2.91445898002,0.677096530713,0.355731225296,1.07629584498,0.491516479791,2.88826011686,2.18974518502,1.07629584498,2.88826011686,0.351612638569,0.458912768647,121,0.0683229813665,0.291765337837,23,23,23,1,0,0.347826086957,0.608695652174,0.0434782608696,23,0.0770750988142,1.94836956522,3.39130434783,2.78571428571,2.29411764706,1.90069677259,0.560461868841,0.307692307692,1.81995960516,1.07330951074,0.570791527313,1.42811963494,0.842224400092,0.450390189521,0.908709210465,0.466394685427,2.58333333333,1.94836956522,0.908709210465,2.58333333333,0.184391534392,0.203007518797,9,0.00508187464709,0.0899267399267,23,23,23,1,0,0.391304347826,0.347826086957,0.260869565217,23,93,0.183794466403,5.58304752922,8.08695652174,4.89473684211,4.42857142857,3.59182206836,0.444150040711,0.245909303413,3.48344475366,0.861497089614,0.461898083216,2.65395521079,0.656354514496,0.364656381487,3.21981640534,0.576713056532,10.4640770421,5.58304752922,3.21981640534,10.4640770421,0.368504925027,0.399366085578,84,0.0474308300395,0.160926272252,23,23,23,1,0,0.173913043478,0.739130434783,0.0869565217391,-6,-0.0118577075099,3.3933023442,-0.521739130435,-1.70526315789,-0.0714285714286,-1.00797170602,-0.0901694381307,-0.0457024664598,-0.806445927391,-0.13514417972,-0.0791647187159,-0.260503769236,-0.0207420162168,0.00892515619023,2.14352056036,0.0851965767406,7.57581692524,3.3933023442,2.14352056036,7.57581692524,0.0168922864575,-0.0595466830688,-37,-0.0208921513269,-0.130839065584,-0.173913043478,0.130434782609,0.0434782608696,78,15,21,392,0.787878787879,0.963144963145,0.036855036855,0.212121212121,0.838709677419,0.787878787879,0.8125,0.76922249031,0.751023751024,0.684210526316,54,60,0,23,23,23,1,0,8,0,0.0386050732335,0,0,1,3.88826011686,0,16,NaN,1,ok,2.18974518502,0,23,23,23,1,0,9,0,0.0461015386389,0,0,1,3.58333333333,0,16,NaN,1,ok,1.94836956522,0,23,23,23,1,0,4,0,0.0124354096217,0,0,1,11.4640770421,0,16,NaN,1,ok,5.58304752922,0,0,0,0
308,WLNM_dir_neg,0.901666666667,0.700353868626,00:00:00,10,40,8,508215954,fixed,validated_v2,/gpfs/scratch/acw792/wlnm_roleonly_v2_20260910/result_wlnm_dir_neg_roleonly_trophicv2_100x290_train10-90_Apocrita_20260910_011848/ecological_snapshots/Broadstone_Stream_tax_mass_K10_ratio0.4_exp8_seed508215954_threshold0.5_validated_v2.mat,role_only,2,uniform_without_replacement,uniform_remaining_nonlinks,176,0,176,407,198,198,176,22,0,22,0.111111111111,78,120,0.5,0.758620689655,0.733333333333,0.745762711864,44,14,16,106,0.733333333333,0.883333333333,0.116666666667,0.266666666667,0.758620689655,0.733333333333,0.745762711864,0.833333333333,0.559259259259,0.621848739496,0.622046441204,0.616666666667,99,39,60,0,99,0,39,0,60,23,99,0.195652173913,2.18974518502,8.60869565217,6.6,4.5,4.59979377438,0.534319478842,0.291611769873,4.28989068105,0.996641269334,0.541062801932,2.91445898002,0.677096530713,0.355731225296,1.07629584498,0.491516479791,2.88826011686,2.18974518502,1.07629584498,2.88826011686,0.351612638569,0.458912768647,121,0.0683229813665,0.291765337837,23,23,23,1,0,0.347826086957,0.608695652174,0.0434782608696,23,0.0770750988142,1.96052574313,3.39130434783,2.78571428571,2.16666666667,2.5179199647,0.742463579334,0.405797101449,1.98711262912,1.17188693512,0.604236343367,1.49041734877,0.87896407748,0.457079152731,0.930176496277,0.474452579638,2.60560560561,2.11011011011,0.938097999273,2.60560560561,0.179166666667,0.181034482759,7,0.00395256916996,0.118250003964,23,19,19,0.826086956522,0,0.304347826087,0.478260869565,0.130434782609,23,97,0.191699604743,4.84587698091,8.4347826087,6.0625,4.40909090909,4.67902560715,0.554729840024,0.307485432541,4.01085483678,0.951027435526,0.516360376513,2.43004904064,0.576197195204,0.315553563424,3.11472799331,0.642758370792,7.60620941723,4.84587698091,3.11472799331,7.60620941723,0.436730901948,0.525730180807,126,0.0711462450593,0.200018702703,23,23,23,1,0,0.304347826087,0.652173913043,0.0434782608696,-2,-0.00395256916996,2.65613179588,-0.173913043478,-0.5375,-0.0909090909091,0.0792318327778,0.0204103611817,0.0158736626688,-0.279035844265,-0.0456138338085,-0.0247024254196,-0.484409939383,-0.100899335509,-0.040177661872,2.03843214832,0.151241891,4.71794930038,2.65613179588,2.03843214832,4.71794930038,0.0851182633791,0.0668174121594,5,0.00282326369283,-0.0917466351342,-0.0434782608696,0.0434782608696,0,83,14,16,393,0.838383838384,0.965601965602,0.034398034398,0.161616161616,0.855670103093,0.838383838384,0.84693877551,0.810243696914,0.803985803986,0.734513274336,58,60,0,23,23,23,1,0,8,0,0.0386050732335,0,0,1,3.88826011686,0,16,NaN,1,ok,2.18974518502,0,23,19,19,0.826086956522,0,6,0,0.0252842314178,0,0,1,3.60560560561,0,16,NaN,1,ok,2.11011011011,0,23,23,23,1,0,7,0,0.0169962108872,0,0,1,8.60620941723,0,16,NaN,1,ok,4.84587698091,0,0,0,0
309,WLNM_dir_neg,0.856805555556,0.592219901696,00:00:00,10,40,9,508215955,fixed,validated_v2,/gpfs/scratch/acw792/wlnm_roleonly_v2_20260910/result_wlnm_dir_neg_roleonly_trophicv2_100x290_train10-90_Apocrita_20260910_011848/ecological_snapshots/Broadstone_Stream_tax_mass_K10_ratio0.4_exp9_seed508215955_threshold0.5_validated_v2.mat,role_only,2,uniform_without_replacement,uniform_remaining_nonlinks,176,0,176,407,198,198,176,22,0,22,0.111111111111,78,120,0.5,0.701754385965,0.666666666667,0.683760683761,40,17,20,103,0.666666666667,0.858333333333,0.141666666667,0.333333333333,0.701754385965,0.666666666667,0.683760683761,0.794444444444,0.561111111111,0.53164556962,0.532029321535,0.525,99,39,60,0,99,0,39,0,60,23,99,0.195652173913,2.18974518502,8.60869565217,6.6,4.5,4.59979377438,0.534319478842,0.291611769873,4.28989068105,0.996641269334,0.541062801932,2.91445898002,0.677096530713,0.355731225296,1.07629584498,0.491516479791,2.88826011686,2.18974518502,1.07629584498,2.88826011686,0.351612638569,0.458912768647,121,0.0683229813665,0.291765337837,23,23,23,1,0,0.347826086957,0.608695652174,0.0434782608696,23,0.0770750988142,2.1426790445,3.39130434783,3,2.05263157895,2.49980236373,0.737121209818,0.403567447046,1.96410476041,1.15831819204,0.597547380156,1.42811963494,0.842224400092,0.428093645485,1.19036186963,0.555548378878,3.19508448541,2.25150562017,1.18981115901,3.19508448541,0.193154761905,0.230769230769,10,0.00564652738566,0.0930097680098,23,21,21,0.913043478261,0,0.347826086957,0.478260869565,0.0869565217391,23,96,0.189723320158,6.30776074126,8.34782608696,5.64705882353,4.57142857143,4.9964414214,0.598532045272,0.330163043478,4.06372169225,0.973599988769,0.521739130435,2.74113735374,0.656730824335,0.346014492754,3.44501935601,0.546155679855,9.12621650556,6.54902259314,3.32126338354,9.12621650556,0.558598976781,0.519073569482,127,0.0717108977979,0.182252803551,23,22,22,0.95652173913,0,0.217391304348,0.695652173913,0.0434782608696,-3,-0.00592885375494,4.11801555624,-0.260869565217,-0.952941176471,0.0714285714286,0.396647647022,0.06421256643,0.0385512736056,-0.226168988793,-0.023041280565,-0.0193236714976,-0.17332162628,-0.0203657063781,-0.00971673254282,2.36872351102,0.0546392000639,6.23795638871,4.35927740811,2.24496753856,6.23795638871,0.206986338212,0.060160800835,6,0.00338791643139,-0.109512534285,-0.130434782609,0.0869565217391,0,79,17,20,390,0.79797979798,0.958230958231,0.041769041769,0.20202020202,0.822916666667,0.79797979798,0.810256410256,0.765120974243,0.756210756211,0.681034482759,57,60,0,23,23,23,1,0,8,0,0.0386050732335,0,0,1,3.88826011686,0,16,NaN,1,ok,2.18974518502,0,23,21,21,0.913043478261,0,8,0,0.0377675355834,0,0,1,4.19508448541,0,16,NaN,1,ok,2.25150562017,0,23,22,22,0.95652173913,0,5,0,0.0091520433775,0,0,1,10.1262165056,0,16,NaN,1,ok,6.54902259314,0,0,0,0
310,WLNM_dir_neg,0.878611111111,0.508616438978,00:00:00,10,40,10,508215956,fixed,validated_v2,/gpfs/scratch/acw792/wlnm_roleonly_v2_20260910/result_wlnm_dir_neg_roleonly_trophicv2_100x290_train10-90_Apocrita_20260910_011848/ecological_snapshots/Broadstone_Stream_tax_mass_K10_ratio0.4_exp10_seed508215956_threshold0.5_validated_v2.mat,role_only,2,uniform_without_replacement,uniform_remaining_nonlinks,176,0,176,407,198,198,176,22,0,22,0.111111111111,78,120,0.5,0.763636363636,0.7,0.730434782609,42,13,18,107,0.7,0.891666666667,0.108333333333,0.3,0.763636363636,0.7,0.730434782609,0.827777777778,0.564814814815,0.604255319149,0.60549003445,0.591666666667,99,39,60,0,99,0,39,0,60,23,99,0.195652173913,2.18974518502,8.60869565217,6.6,4.5,4.59979377438,0.534319478842,0.291611769873,4.28989068105,0.996641269334,0.541062801932,2.91445898002,0.677096530713,0.355731225296,1.07629584498,0.491516479791,2.88826011686,2.18974518502,1.07629584498,2.88826011686,0.351612638569,0.458912768647,121,0.0683229813665,0.291765337837,23,23,23,1,0,0.347826086957,0.608695652174,0.0434782608696,23,0.0770750988142,1.95018115942,3.39130434783,2.6,2.16666666667,2.06131313917,0.607823105139,0.335562987737,1.89340440402,1.11662311006,0.577480490524,1.69047552774,0.996947106102,0.494983277592,0.850317897941,0.43601995324,2.375,2.04067460317,0.834542773147,2.375,0.211027568922,0.257142857143,12,0.00677583286279,0.149489795918,23,21,21,0.913043478261,0,0.260869565217,0.521739130435,0.130434782609,23,94,0.185770750988,4.28083063026,8.17391304348,5.52941176471,4.7,4.14127970903,0.50664592185,0.280296022202,3.65454938745,0.894198254376,0.488436632747,3.0735387286,0.752036071892,0.40795559667,2.1910379699,0.511825428087,6.70655813912,4.59329069028,2.02529363503,6.70655813912,0.432437403866,0.472222222222,119,0.0671936758893,0.211592818946,23,21,21,0.913043478261,0,0.173913043478,0.695652173913,0.0434782608696,-5,-0.0098814229249,2.09108544523,-0.434782608696,-1.07058823529,0.2,-0.458514065343,-0.0276735569919,-0.011315747671,-0.635341293599,-0.102443014959,-0.0526261691849,0.159079748576,0.0749395411788,0.0522243713733,1.11474212491,0.0203089482955,3.81829802226,2.40354550526,0.948997790043,3.81829802226,0.0808247652968,0.0133094535749,-2,-0.00112930547713,-0.080172518891,-0.173913043478,0.0869565217391,0,81,13,18,394,0.818181818182,0.968058968059,0.031941031941,0.181818181818,0.86170212766,0.818181818182,0.839378238342,0.801969471204,0.786240786241,0.723214285714,55,60,0,23,23,23,1,0,8,0,0.0386050732335,0,0,1,3.88826011686,0,16,NaN,1,ok,2.18974518502,0,23,21,21,0.913043478261,0,6,0,0.0150508226564,0,0,1,3.375,0,16,NaN,1,ok,2.04067460317,0,23,21,21,0.913043478261,0,4,0,0.0181060999367,0,0,1,7.70655813912,0,16,NaN,1,ok,4.59329069028,0,0,0,0
311,WLNM_dir_neg,0.754861111111,0.688648915172,00:00:00,10,40,11,508215957,fixed,validated_v2,/gpfs/scratch/acw792/wlnm_roleonly_v2_20260910/result_wlnm_dir_neg_roleonly_trophicv2_100x290_train10-90_Apocrita_20260910_011848/ecological_snapshots/Broadstone_Stream_tax_mass_K10_ratio0.4_exp11_seed508215957_threshold0.5_validated_v2.mat,role_only,2,uniform_without_replacement,uniform_remaining_nonlinks,176,0,176,407,198,198,176,22,0,22,0.111111111111,78,120,0.5,0.673913043478,0.516666666667,0.584905660377,31,15,29,105,0.516666666667,0.875,0.125,0.483333333333,0.673913043478,0.516666666667,0.584905660377,0.755555555556,0.581481481481,0.41592920354,0.423303193669,0.391666666667,99,39,60,0,99,0,39,0,60,23,99,0.195652173913,2.18974518502,8.60869565217,6.6,4.5,4.59979377438,0.534319478842,0.291611769873,4.28989068105,0.996641269334,0.541062801932,2.91445898002,0.677096530713,0.355731225296,1.07629584498,0.491516479791,2.88826011686,2.18974518502,1.07629584498,2.88826011686,0.351612638569,0.458912768647,121,0.0683229813665,0.291765337837,23,23,23,1,0,0.347826086957,0.608695652174,0.0434782608696,23,0.0770750988142,2.19551630435,3.39130434783,2.6,2.29411764706,2.16876861658,0.639508694632,0.354515050167,1.69047552774,0.996947106102,0.53734671126,1.74342355488,1.0281728657,0.508361204013,1.11218826474,0.506572537193,2.96875,2.24985795455,1.10666712495,2.96875,0.0949579831933,0.110294117647,5,0.00282326369283,0.121530612245,23,22,22,0.95652173913,0,0.304347826087,0.434782608696,0.217391304348,23,85,0.167984189723,NaN,7.39130434783,3.69565217391,4.04761904762,4.13124601977,0.558933285028,0.30179028133,2.8354057367,0.767227434636,0.405115089514,3.64859602648,0.987267160106,0.497186700767,NaN,NaN,NaN,NaN,NaN,NaN,0.382740447958,0.332781456954,67,0.0378317334839,0.193669308294,23,23,0,1,6,0,0.913043478261,0.0869565217391,-14,-0.0276679841897,NaN,-1.21739130435,-2.90434782609,-0.452380952381,-0.468547754604,0.0246138061863,0.0101785114573,-1.45448494435,-0.229413834698,-0.135947712418,0.734137046453,0.310170629393,0.141455475471,NaN,NaN,NaN,NaN,NaN,NaN,0.0311278093887,-0.126131311694,-54,-0.0304912478826,-0.098096029543,-0.347826086957,0.304347826087,0.0434782608696,70,15,29,392,0.707070707071,0.963144963145,0.036855036855,0.292929292929,0.823529411765,0.707070707071,0.760869565217,0.71117890963,0.670215670216,0.614035087719,46,60,0,23,23,23,1,0,8,0,0.0386050732335,0,0,1,3.88826011686,0,16,NaN,1,ok,2.18974518502,0,23,22,22,0.95652173913,0,7,0,0.0299419547137,0,0,1,3.96875,0,16,NaN,1,ok,2.24985795455,0,23,23,0,1,6,0,23,NaN,NaN,NaN,NaN,NaN,0,0,NaN,0,no_basal_in_lcc,NaN,2,0,0,0
312,WLNM_dir_neg,0.900486111111,0.661961565232,00:00:00,10,40,12,508215958,fixed,validated_v2,/gpfs/scratch/acw792/wlnm_roleonly_v2_20260910/result_wlnm_dir_neg_roleonly_trophicv2_100x290_train10-90_Apocrita_20260910_011848/ecological_snapshots/Broadstone_Stream_tax_mass_K10_ratio0.4_exp12_seed508215958_threshold0.5_validated_v2.mat,role_only,2,uniform_without_replacement,uniform_remaining_nonlinks,176,0,176,407,198,198,176,22,0,22,0.111111111111,78,120,0.5,0.851851851852,0.766666666667,0.80701754386,46,8,14,112,0.766666666667,0.933333333333,0.0666666666667,0.233333333333,0.851851851852,0.766666666667,0.80701754386,0.877777777778,0.566666666667,0.717948717949,0.720082299823,0.7,99,39,60,0,99,0,39,0,60,23,99,0.195652173913,2.18974518502,8.60869565217,6.6,4.5,4.59979377438,0.534319478842,0.291611769873,4.28989068105,0.996641269334,0.541062801932,2.91445898002,0.677096530713,0.355731225296,1.07629584498,0.491516479791,2.88826011686,2.18974518502,1.07629584498,2.88826011686,0.351612638569,0.458912768647,121,0.0683229813665,0.291765337837,23,23,23,1,0,0.347826086957,0.608695652174,0.0434782608696,23,0.0770750988142,2.01858597728,3.39130434783,2.78571428571,2.4375,2.33041413477,0.687173398714,0.375696767001,1.81995960516,1.07330951074,0.570791527313,1.76930347386,1.04343538202,0.541806020067,0.974832831815,0.482928566227,2.54054054054,2.11559416559,0.965244061179,2.54054054054,0.348179271709,0.278571428571,13,0.00734048560136,0.173940345369,23,21,21,0.913043478261,0,0.304347826087,0.391304347826,0.217391304348,23,93,0.183794466403,4.42331342873,8.08695652174,6.2,4.04347826087,4.68957299353,0.579893434684,0.324918186068,4.25844893732,1.05316479095,0.566619915849,2.4767695395,0.612534402241,0.331930808789,2.9604659939,0.669286959108,8.2055239677,4.42331342873,2.9604659939,8.2055239677,0.426083440369,0.476060191518,116,0.0654997176736,0.209503292381,23,23,23,1,0,0.347826086957,0.652173913043,0,-6,-0.0118577075099,2.2335682437,-0.521739130435,-0.4,-0.45652173913,0.0897792191544,0.0455739558422,0.0333064161956,-0.0314417437253,0.0565235216164,0.0255571139162,-0.437689440528,-0.0645621284716,-0.0238004165073,1.88417014891,0.177770479317,5.31726385084,2.2335682437,1.88417014891,5.31726385084,0.0744708018,0.0171474228712,-5,-0.00282326369283,-0.0822620454553,0,0.0434782608696,-0.0434782608696,85,8,14,399,0.858585858586,0.980343980344,0.019656019656,0.141414141414,0.913978494624,0.858585858586,0.885416666667,0.85925871055,0.83892983893,0.794392523364,54,60,0,23,23,23,1,0,8,0,0.0386050732335,0,0,1,3.88826011686,0,16,NaN,1,ok,2.18974518502,0,23,21,21,0.913043478261,0,7,0,0.0140065300715,0,0,1,3.54054054054,0,16,NaN,1,ok,2.11559416559,0,23,23,23,1,0,8,0,0.0124994341855,0,0,1,9.2055239677,0,16,NaN,1,ok,4.42331342873,0,0,0,0
313,WLNM_dir_neg,0.86125,0.752240270292,00:00:00,10,40,13,508215959,fixed,validated_v2,/gpfs/scratch/acw792/wlnm_roleonly_v2_20260910/result_wlnm_dir_neg_roleonly_trophicv2_100x290_train10-90_Apocrita_20260910_011848/ecological_snapshots/Broadstone_Stream_tax_mass_K10_ratio0.4_exp13_seed508215959_threshold0.5_validated_v2.mat,role_only,2,uniform_without_replacement,uniform_remaining_nonlinks,176,0,176,407,198,198,176,22,0,22,0.111111111111,78,120,0.5,0.809523809524,0.566666666667,0.666666666667,34,8,26,112,0.566666666667,0.933333333333,0.0666666666667,0.433333333333,0.809523809524,0.566666666667,0.666666666667,0.811111111111,0.588888888889,0.540540540541,0.557278212575,0.5,99,39,60,0,99,0,39,0,60,23,99,0.195652173913,2.18974518502,8.60869565217,6.6,4.5,4.59979377438,0.534319478842,0.291611769873,4.28989068105,0.996641269334,0.541062801932,2.91445898002,0.677096530713,0.355731225296,1.07629584498,0.491516479791,2.88826011686,2.18974518502,1.07629584498,2.88826011686,0.351612638569,0.458912768647,121,0.0683229813665,0.291765337837,23,23,23,1,0,0.347826086957,0.608695652174,0.0434782608696,23,0.0770750988142,1.82753623188,3.39130434783,3,2.78571428571,2.58912288473,0.763459312165,0.425863991081,2.16238047717,1.275250025,0.642140468227,1.94082415973,1.14458860702,0.593088071349,0.82433492696,0.4510635207,2.20317460317,2.00175438596,0.803937026983,2.20317460317,0.225238095238,0.269461077844,15,0.00846979107849,0.146409146409,23,19,19,0.826086956522,0,0.260869565217,0.347826086957,0.217391304348,23,81,0.160079051383,2.81064914638,7.04347826087,5.0625,4.05,4.54750941695,0.645634053024,0.359098228663,3.8714522201,1.09930124768,0.578636607622,2.93675091366,0.833892234742,0.450885668277,1.31874686936,0.46919654524,3.36857565954,2.81064914638,1.31874686936,3.36857565954,0.548315573316,0.48309178744,100,0.0564652738566,0.196756033319,23,23,23,1,0,0.304347826087,0.565217391304,0.130434782609,-18,-0.0355731225296,0.620903961351,-1.5652173913,-1.5375,-0.45,-0.0522843574288,0.111314574182,0.0674864587908,-0.418438460951,0.102659978348,0.0375738056897,0.0222919336306,0.156795704029,0.0951544429805,0.242451024377,-0.0223199345516,0.480315542678,0.620903961351,0.242451024377,0.480315542678,0.196702934746,0.0241790187923,-21,-0.0118577075099,-0.0950093045182,-0.0434782608696,-0.0434782608696,0.0869565217391,73,8,26,399,0.737373737374,0.980343980344,0.019656019656,0.262626262626,0.901234567901,0.737373737374,0.811111111111,0.776482182895,0.717717717718,0.682242990654,42,60,0,23,23,23,1,0,8,0,0.0386050732335,0,0,1,3.88826011686,0,16,NaN,1,ok,2.18974518502,0,23,19,19,0.826086956522,0,6,0,0.0321401924585,0,0,1,3.20317460317,0,16,NaN,1,ok,2.00175438596,0,23,23,23,1,0,7,0,0.0155924278951,0,0,1,4.36857565954,0,16,NaN,1,ok,2.81064914638,0,0,0,0
314,WLNM_dir_neg,0.820208333333,0.705573936786,00:00:00,10,40,14,508215960,fixed,validated_v2,/gpfs/scratch/acw792/wlnm_roleonly_v2_20260910/result_wlnm_dir_neg_roleonly_trophicv2_100x290_train10-90_Apocrita_20260910_011848/ecological_snapshots/Broadstone_Stream_tax_mass_K10_ratio0.4_exp14_seed508215960_threshold0.5_validated_v2.mat,role_only,2,uniform_without_replacement,uniform_remaining_nonlinks,176,0,176,407,198,198,176,22,0,22,0.111111111111,78,120,0.5,0.717391304348,0.55,0.622641509434,33,13,27,107,0.55,0.891666666667,0.108333333333,0.45,0.717391304348,0.55,0.622641509434,0.777777777778,0.581481481481,0.469026548673,0.477341899244,0.441666666667,99,39,60,0,99,0,39,0,60,23,99,0.195652173913,2.18974518502,8.60869565217,6.6,4.5,4.59979377438,0.534319478842,0.291611769873,4.28989068105,0.996641269334,0.541062801932,2.91445898002,0.677096530713,0.355731225296,1.07629584498,0.491516479791,2.88826011686,2.18974518502,1.07629584498,2.88826011686,0.351612638569,0.458912768647,121,0.0683229813665,0.291765337837,23,23,23,1,0,0.347826086957,0.608695652174,0.0434782608696,23,0.0770750988142,1.82382608696,3.39130434783,3,2.16666666667,2.31082689716,0.681397674802,0.371237458194,2.09837128634,1.23750101502,0.626532887402,1.55021355153,0.914228504746,0.477146042363,0.824434160835,0.452035512997,2.28533333333,1.86127272727,0.823571725891,2.28533333333,0.291036414566,0.315789473684,16,0.00903444381705,0.0909188034188,23,22,22,0.95652173913,0,0.391304347826,0.391304347826,0.173913043478,23,85,0.167984189723,6.14817212595,7.39130434783,4.04761904762,3.86363636364,4.97026732805,0.672447932618,0.356010230179,3.87808273399,1.04936356332,0.529923273657,2.58377424092,0.69913891225,0.369309462916,2.01490275968,0.327723869535,6.96551882325,6.14817212595,2.01490275968,6.96551882325,0.430916795623,0.443234836703,95,0.0536420101637,0.159165622737,23,23,23,1,0,0.0869565217391,0.869565217391,0.0434782608696,-14,-0.0276679841897,3.95842694092,-1.21739130435,-2.55238095238,-0.636363636364,0.37047355367,0.138128453776,0.0643984603064,-0.411807947054,0.0527222939817,-0.0111395282751,-0.3306847391,0.0220423815373,0.0135782376192,0.938606914701,-0.163792610256,4.07725870639,3.95842694092,0.938606914701,4.07725870639,0.0793041570535,-0.0156779319443,-26,-0.0146809712027,-0.1325997151,-0.260869565217,0.260869565217,0,72,13,27,394,0.727272727273,0.968058968059,0.031941031941,0.272727272727,0.847058823529,0.727272727273,0.782608695652,0.737830013372,0.695331695332,0.642857142857,46,60,0,23,23,23,1,0,8,0,0.0386050732335,0,0,1,3.88826011686,0,16,NaN,1,ok,2.18974518502,0,23,22,22,0.95652173913,0,9,0,0.0743034055728,0,0,1,3.28533333333,0,16,NaN,1,ok,1.86127272727,0,23,23,23,1,0,2,0,0.00653957940322,0,0,1,7.96551882325,0,16,NaN,1,ok,6.14817212595,0,0,0,0
315,WLNM_dir_neg,0.768402777778,0.70218303674,00:00:00,10,40,15,508215961,fixed,validated_v2,/gpfs/scratch/acw792/wlnm_roleonly_v2_20260910/result_wlnm_dir_neg_roleonly_trophicv2_100x290_train10-90_Apocrita_20260910_011848/ecological_snapshots/Broadstone_Stream_tax_mass_K10_ratio0.4_exp15_seed508215961_threshold0.5_validated_v2.mat,role_only,2,uniform_without_replacement,uniform_remaining_nonlinks,176,0,176,407,198,198,176,22,0,22,0.111111111111,78,120,0.5,0.964285714286,0.45,0.613636363636,27,1,33,119,0.45,0.991666666667,0.00833333333333,0.55,0.964285714286,0.45,0.613636363636,0.811111111111,0.614814814815,0.509615384615,0.57446035481,0.441666666667,99,39,60,0,99,0,39,0,60,23,99,0.195652173913,2.18974518502,8.60869565217,6.6,4.5,4.59979377438,0.534319478842,0.291611769873,4.28989068105,0.996641269334,0.541062801932,2.91445898002,0.677096530713,0.355731225296,1.07629584498,0.491516479791,2.88826011686,2.18974518502,1.07629584498,2.88826011686,0.351612638569,0.458912768647,121,0.0683229813665,0.291765337837,23,23,23,1,0,0.347826086957,0.608695652174,0.0434782608696,23,0.0770750988142,1.88816084915,3.39130434783,3.25,2.16666666667,2.18962700092,0.645659243861,0.351170568562,2.11992243873,1.250210669,0.63768115942,1.1455361035,0.67557257386,0.365663322185,1.0419006658,0.551807154708,3.30046948357,1.97274759669,1.05248138415,3.30046948357,0.228320802005,0.243902439024,10,0.00564652738566,0.0813251563252,23,21,21,0.913043478261,0,0.391304347826,0.391304347826,0.130434782609,23,67,0.132411067194,1.89934729746,5.82608695652,5.58333333333,3.35,4.27096086605,0.733075372532,0.399091499027,3.86020540525,1.32514513912,0.663205710578,1.75584849932,0.602753962454,0.327060350422,1.03497437022,0.54491054459,2.74277642683,1.98499942102,1.0438886363,2.74277642683,0.410879471406,0.476070528967,63,0.0355731225296,0.159775073411,23,21,21,0.913043478261,0,0.391304347826,0.478260869565,0.0434782608696,-32,-0.0632411067194,-0.290397887568,-2.78260869565,-1.01666666667,-1.15,-0.328832908323,0.19875589369,0.107479729154,-0.429685275793,0.328503869783,0.122142908645,-1.1586104807,-0.0743425682591,-0.0286708748746,-0.0413214747608,0.0533940647986,-0.145483690023,-0.204745764001,-0.0324072086865,-0.145483690023,0.0592668328366,0.01715776032,-58,-0.0327498588368,-0.131990264425,0.0434782608696,-0.130434782609,0,66,1,33,406,0.666666666667,0.997542997543,0.002457002457,0.333333333333,0.985074626866,0.666666666667,0.795180722892,0.777410372237,0.66420966421,0.66,28,60,0,23,23,23,1,0,8,0,0.0386050732335,0,0,1,3.88826011686,0,16,NaN,1,ok,2.18974518502,0,23,21,21,0.913043478261,0,9,0,0.0499006672164,0,0,1,4.30046948357,0,16,NaN,1,ok,1.97274759669,0,23,21,21,0.913043478261,0,9,0,0.0513653883003,0,0,1,3.74277642683,0,16,NaN,1,ok,1.98499942102,0,0,0,0
316,WLNM_dir_neg,0.885138888889,0.795115490754,00:00:00,10,40,16,508215962,fixed,validated_v2,/gpfs/scratch/acw792/wlnm_roleonly_v2_20260910/result_wlnm_dir_neg_roleonly_trophicv2_100x290_train10-90_Apocrita_20260910_011848/ecological_snapshots/Broadstone_Stream_tax_mass_K10_ratio0.4_exp16_seed508215962_threshold0.5_validated_v2.mat,role_only,2,uniform_without_replacement,uniform_remaining_nonlinks,176,0,176,407,198,198,176,22,0,22,0.111111111111,78,120,0.5,0.883720930233,0.633333333333,0.73786407767,38,5,22,115,0.633333333333,0.958333333333,0.0416666666667,0.366666666667,0.883720930233,0.633333333333,0.73786407767,0.85,0.587037037037,0.636771300448,0.654107064328,0.591666666667,99,39,60,0,99,0,39,0,60,23,99,0.195652173913,2.18974518502,8.60869565217,6.6,4.5,4.59979377438,0.534319478842,0.291611769873,4.28989068105,0.996641269334,0.541062801932,2.91445898002,0.677096530713,0.355731225296,1.07629584498,0.491516479791,2.88826011686,2.18974518502,1.07629584498,2.88826011686,0.351612638569,0.458912768647,121,0.0683229813665,0.291765337837,23,23,23,1,0,0.347826086957,0.608695652174,0.0434782608696,23,0.0770750988142,2.02703213611,3.39130434783,3,2.05263157895,1.94793901423,0.574392273427,0.313266443701,1.76930347386,1.04343538202,0.557413600892,1.42811963494,0.842224400092,0.439241917503,1.06228013729,0.52405688019,2.7847826087,2.02703213611,1.06228013729,2.7847826087,0.263909774436,0.285714285714,12,0.00677583286279,0.104441391941,23,23,23,1,0,0.434782608696,0.391304347826,0.173913043478,23,82,0.162055335968,10.0215362377,7.13043478261,5.46666666667,4.1,4.07101001345,0.570934331155,0.316012725345,3.61595061004,1.01423004916,0.548250265111,2.5553168627,0.716735217585,0.387062566278,8.03842788188,0.802115333539,20.7045997313,10.0215362377,8.03842788188,20.7045997313,0.440586466673,0.433272394881,79,0.0446075663467,0.196221769982,23,23,23,1,0,0.347826086957,0.521739130435,0.130434782609,-17,-0.0335968379447,7.83179105267,-1.47826086957,-1.13333333333,-0.4,-0.528783760923,0.0366148523134,0.024400955472,-0.67394007101,0.0175887798226,0.00718746317898,-0.359142117329,0.0396386868725,0.0313313409814,6.96213203689,0.310598853748,17.8163396144,7.83179105267,6.96213203689,17.8163396144,0.0889738281043,-0.0256403737661,-42,-0.0237154150198,-0.0955435678545,0,-0.0869565217391,0.0869565217391,77,5,22,402,0.777777777778,0.987714987715,0.012285012285,0.222222222222,0.939024390244,0.777777777778,0.850828729282,0.824073669708,0.765492765493,0.740384615385,43,60,0,23,23,23,1,0,8,0,0.0386050732335,0,0,1,3.88826011686,0,16,NaN,1,ok,2.18974518502,0,23,23,23,1,0,10,0,0.041704993833,0,0,1,3.7847826087,0,16,NaN,1,ok,2.02703213611,0,23,23,23,1,0,8,0,0.0066646689237,0,0,1,21.7045997313,0,16,NaN,1,ok,10.0215362377,0,0,0,0
317,WLNM_dir_neg,0.907430555556,0.559548871608,00:00:00,10,40,17,508215963,fixed,validated_v2,/gpfs/scratch/acw792/wlnm_roleonly_v2_20260910/result_wlnm_dir_neg_roleonly_trophicv2_100x290_train10-90_Apocrita_20260910_011848/ecological_snapshots/Broadstone_Stream_tax_mass_K10_ratio0.4_exp17_seed508215963_threshold0.5_validated_v2.mat,role_only,2,uniform_without_replacement,uniform_remaining_nonlinks,176,0,176,407,198,198,176,22,0,22,0.111111111111,78,120,0.5,0.844827586207,0.816666666667,0.830508474576,49,9,11,111,0.816666666667,0.925,0.075,0.183333333333,0.844827586207,0.816666666667,0.830508474576,0.888888888889,0.559259259259,0.747899159664,0.748136936042,0.741666666667,99,39,60,0,99,0,39,0,60,23,99,0.195652173913,2.18974518502,8.60869565217,6.6,4.5,4.59979377438,0.534319478842,0.291611769873,4.28989068105,0.996641269334,0.541062801932,2.91445898002,0.677096530713,0.355731225296,1.07629584498,0.491516479791,2.88826011686,2.18974518502,1.07629584498,2.88826011686,0.351612638569,0.458912768647,121,0.0683229813665,0.291765337837,23,23,23,1,0,0.347826086957,0.608695652174,0.0434782608696,23,0.0770750988142,1.91813790075,3.39130434783,3,2.29411764706,2.444644061,0.72085658209,0.343366778149,1.84476612483,1.0879389967,0.570791527313,1.52060940561,0.896769649462,0.47491638796,0.940951761731,0.490554803888,2.87373737374,1.91813790075,0.940951761731,2.87373737374,0.202825244931,0.163265306122,8,0.00451722190853,0.101836589337,23,23,23,1,0,0.434782608696,0.304347826087,0.260869565217,23,97,0.191699604743,1.87180549518,8.4347826087,7.46153846154,4.21739130435,4.11014362674,0.487285069149,0.2689376961,4.37925400184,1.03837981487,0.555804571941,2.48553125361,0.589352771473,0.326311071268,0.864771103573,0.461998378464,2.25043803659,1.87180549518,0.864771103573,2.25043803659,0.356460689069,0.429133858268,109,0.0615471485037,0.266624337135,23,23,23,1,0,0.434782608696,0.565217391304,0,-2,-0.00395256916996,-0.317939689845,-0.173913043478,0.861538461538,-0.282608695652,-0.48965014764,-0.0470344096925,-0.0226740737722,0.0893633207946,0.0417385455355,0.0147417700085,-0.428927726419,-0.0877437592393,-0.029420154028,-0.211524741411,-0.0295181013274,-0.63782208027,-0.317939689845,-0.211524741411,-0.63782208027,0.00484805050022,-0.0297789103796,-12,-0.00677583286279,-0.0251410007016,0.0869565217391,-0.0434782608696,-0.0434782608696,88,9,11,398,0.888888888889,0.977886977887,0.022113022113,0.111111111111,0.907216494845,0.888888888889,0.897959183673,0.873522491579,0.866775866776,0.814814814815,58,60,0,23,23,23,1,0,8,0,0.0386050732335,0,0,1,3.88826011686,0,16,NaN,1,ok,2.18974518502,0,23,23,23,1,0,10,0,0.0845165812806,0,0,1,3.87373737374,0,16,NaN,1,ok,1.91813790075,0,23,23,23,1,0,10,0,0.0942929339999,0,0,1,3.25043803659,0,16,NaN,1,ok,1.87180549518,0,0,0,0
318,WLNM_dir_neg,0.818263888889,0.57168291234,00:00:00,10,40,18,508215964,fixed,validated_v2,/gpfs/scratch/acw792/wlnm_roleonly_v2_20260910/result_wlnm_dir_neg_roleonly_trophicv2_100x290_train10-90_Apocrita_20260910_011848/ecological_snapshots/Broadstone_Stream_tax_mass_K10_ratio0.4_exp18_seed508215964_threshold0.5_validated_v2.mat,role_only,2,uniform_without_replacement,uniform_remaining_nonlinks,176,0,176,407,198,198,176,22,0,22,0.111111111111,78,120,0.5,0.761904761905,0.533333333333,0.627450980392,32,10,28,110,0.533333333333,0.916666666667,0.0833333333333,0.466666666667,0.761904761905,0.533333333333,0.627450980392,0.788888888889,0.588888888889,0.486486486486,0.501550391318,0.45,99,39,60,0,99,0,39,0,60,23,99,0.195652173913,2.18974518502,8.60869565217,6.6,4.5,4.59979377438,0.534319478842,0.291611769873,4.28989068105,0.996641269334,0.541062801932,2.91445898002,0.677096530713,0.355731225296,1.07629584498,0.491516479791,2.88826011686,2.18974518502,1.07629584498,2.88826011686,0.351612638569,0.458912768647,121,0.0683229813665,0.291765337837,23,23,23,1,0,0.347826086957,0.608695652174,0.0434782608696,23,0.0770750988142,1.82854335544,3.39130434783,3.25,2.29411764706,2.25104279744,0.663769030013,0.361204013378,2.0765964857,1.22465946593,0.626532887402,1.36297744291,0.803807209921,0.425863991081,0.926461059134,0.506666170303,2.80508474576,1.95282485876,0.932311557173,2.80508474576,0.132456140351,0.1875,8,0.00451722190853,0.0889971139971,23,20,20,0.869565217391,0,0.347826086957,0.391304347826,0.130434782609,23,81,0.160079051383,2.38338564804,7.04347826087,6.23076923077,4.26315789474,4.51742344977,0.641362588547,0.354804079442,4.05495841496,1.15140794499,0.605475040258,2.35235984448,0.667954029915,0.371443907676,1.37300350381,0.576072741287,3.79058373103,2.59089349524,1.35473034772,3.79058373103,0.453471805972,0.515625,99,0.055900621118,0.201372185507,23,20,20,0.869565217391,0,0.304347826087,0.521739130435,0.0434782608696,-18,-0.0355731225296,0.19364046301,-1.5652173913,-0.369230769231,-0.236842105263,-0.08237032461,0.107043109705,0.0631923095691,-0.23493226609,0.154766675654,0.0644122383253,-0.56209913554,-0.0091425007973,0.0157126823793,0.296707658825,0.0845562614959,0.902323614176,0.401148310216,0.278434502738,0.902323614176,0.101859167403,0.0567122313527,-22,-0.0124223602484,-0.09039315233,-0.0434782608696,-0.0869565217391,0,71,10,28,397,0.717171717172,0.97542997543,0.02457002457,0.282828282828,0.876543209877,0.717171717172,0.788888888889,0.749309736784,0.692601692602,0.651376146789,42,60,0,23,23,23,1,0,8,0,0.0386050732335,0,0,1,3.88826011686,0,16,NaN,1,ok,2.18974518502,0,23,20,20,0.869565217391,0,8,0,0.067792342459,0,0,1,3.80508474576,0,16,NaN,1,ok,1.95282485876,0,23,20,20,0.869565217391,0,7,0,0.0492821552011,0,0,1,4.79058373103,0,16,NaN,1,ok,2.59089349524,0,0,0,0
319,WLNM_dir_neg,0.832569444444,0.637604134423,00:00:00,10,40,19,508215965,fixed,validated_v2,/gpfs/scratch/acw792/wlnm_roleonly_v2_20260910/result_wlnm_dir_neg_roleonly_trophicv2_100x290_train10-90_Apocrita_20260910_011848/ecological_snapshots/Broadstone_Stream_tax_mass_K10_ratio0.4_exp19_seed508215965_threshold0.5_validated_v2.mat,role_only,2,uniform_without_replacement,uniform_remaining_nonlinks,176,0,176,407,198,198,176,22,0,22,0.111111111111,78,120,0.5,0.813953488372,0.583333333333,0.679611650485,35,8,25,112,0.583333333333,0.933333333333,0.0666666666667,0.416666666667,0.813953488372,0.583333333333,0.679611650485,0.816666666667,0.587037037037,0.556053811659,0.571192084343,0.516666666667,99,39,60,0,99,0,39,0,60,23,99,0.195652173913,2.18974518502,8.60869565217,6.6,4.5,4.59979377438,0.534319478842,0.291611769873,4.28989068105,0.996641269334,0.541062801932,2.91445898002,0.677096530713,0.355731225296,1.07629584498,0.491516479791,2.88826011686,2.18974518502,1.07629584498,2.88826011686,0.351612638569,0.458912768647,121,0.0683229813665,0.291765337837,23,23,23,1,0,0.347826086957,0.608695652174,0.0434782608696,23,0.0770750988142,2.00166666667,3.39130434783,2.6,2.05263157895,1.9711355849,0.581232287856,0.304347826087,1.79481026115,1.05847784632,0.559643255295,1.76930347386,1.04343538202,0.463768115942,0.887957166362,0.44360890909,2.51333333333,2.00166666667,0.887957166362,2.51333333333,0.1,0.132352941176,6,0.00338791643139,0.131538170824,23,23,23,1,0,0.347826086957,0.478260869565,0.173913043478,23,82,0.162055335968,2.73818008495,7.13043478261,5.125,3.72727272727,4.21366120037,0.590940290295,0.326086956522,3.64100494315,1.02125748405,0.546129374337,2.90495011624,0.814803081385,0.378579003181,1.33958906016,0.489226062055,3.6479548943,2.73818008495,1.33958906016,3.6479548943,0.390482223091,0.404721753794,80,0.0451722190853,0.249091535507,23,23,23,1,0,0.304347826087,0.652173913043,0.0434782608696,-17,-0.0335968379447,0.548434899928,-1.47826086957,-1.475,-0.772727272727,-0.386132574012,0.0566208114533,0.0344751866491,-0.648885737897,0.0246162147202,0.00506657240485,-0.0095088637805,0.137706550673,0.0228477778849,0.263293215176,-0.0022904177362,0.759694777441,0.548434899928,0.263293215176,0.759694777441,0.0388695845218,-0.054191014853,-41,-0.0231507622812,-0.0426738023298,-0.0434782608696,0.0434782608696,0,74,8,25,399,0.747474747475,0.980343980344,0.019656019656,0.252525252525,0.90243902439,0.747474747475,0.817679558011,0.783516549016,0.727818727819,0.691588785047,43,60,0,23,23,23,1,0,8,0,0.0386050732335,0,0,1,3.88826011686,0,16,NaN,1,ok,2.18974518502,0,23,23,23,1,0,8,0,0.0291597473016,0,0,1,3.51333333333,0,16,NaN,1,ok,2.00166666667,0,23,23,23,1,0,7,0,0.0174536267707,0,0,1,4.6479548943,0,16,NaN,1,ok,2.73818008495,0,0,0,0
320,WLNM_dir_neg,0.770763888889,0.680807074428,00:00:00,10,40,20,508215966,fixed,validated_v2,/gpfs/scratch/acw792/wlnm_roleonly_v2_20260910/result_wlnm_dir_neg_roleonly_trophicv2_100x290_train10-90_Apocrita_20260910_011848/ecological_snapshots/Broadstone_Stream_tax_mass_K10_ratio0.4_exp20_seed508215966_threshold0.5_validated_v2.mat,role_only,2,uniform_without_replacement,uniform_remaining_nonlinks,176,0,176,407,198,198,176,22,0,22,0.111111111111,78,120,0.5,0.738095238095,0.516666666667,0.607843137255,31,11,29,109,0.516666666667,0.908333333333,0.0916666666667,0.483333333333,0.738095238095,0.516666666667,0.607843137255,0.777777777778,0.588888888889,0.459459459459,0.473686480689,0.425,99,39,60,0,99,0,39,0,60,23,99,0.195652173913,2.18974518502,8.60869565217,6.6,4.5,4.59979377438,0.534319478842,0.291611769873,4.28989068105,0.996641269334,0.541062801932,2.91445898002,0.677096530713,0.355731225296,1.07629584498,0.491516479791,2.88826011686,2.18974518502,1.07629584498,2.88826011686,0.351612638569,0.458912768647,121,0.0683229813665,0.291765337837,23,23,23,1,0,0.347826086957,0.608695652174,0.0434782608696,23,0.0770750988142,2.13619804109,3.39130434783,2.78571428571,2.6,2.5179199647,0.742463579334,0.413600891862,1.69047552774,0.996947106102,0.53734671126,1.94082415973,1.14458860702,0.579710144928,1.10485508179,0.517206298544,3.09065934066,2.37539762869,1.06990675017,3.09065934066,0.312380952381,0.276073619632,15,0.00846979107849,0.155245944532,23,19,19,0.826086956522,0,0.217391304348,0.434782608696,0.173913043478,23,81,0.160079051383,8.74526290092,7.04347826087,5.0625,4.5,5.20033443741,0.738319086792,0.408480944713,3.40947296937,0.968121954265,0.521739130435,3.47549296984,0.986868374152,0.521739130435,5.44261430092,0.622349992514,13.0855437394,9.90705233605,4.83802223284,13.0855437394,0.555612288946,0.577512776831,113,0.0638057594579,0.254638671514,23,20,20,0.869565217391,0,0.173913043478,0.608695652174,0.0869565217391,-18,-0.0355731225296,6.55551771589,-1.5652173913,-1.5375,0,0.600540663029,0.20399960795,0.11686917484,-0.880417711679,-0.0285193150691,-0.0193236714976,0.561033989814,0.309771843439,0.166007905138,4.36631845594,0.130833512723,10.1972836226,7.71730715103,3.76172638786,10.1972836226,0.203999650376,0.118600008184,-8,-0.00451722190853,-0.0371266663231,-0.173913043478,0,0.0434782608696,70,11,29,396,0.707070707071,0.972972972973,0.027027027027,0.292929292929,0.864197530864,0.707070707071,0.777777777778,0.735723513728,0.680043680044,0.636363636364,42,60,0,23,23,23,1,0,8,0,0.0386050732335,0,0,1,3.88826011686,0,16,NaN,1,ok,2.18974518502,0,23,19,19,0.826086956522,0,5,0,0.0312514532856,0,0,1,4.09065934066,0,16,NaN,1,ok,2.37539762869,0,23,20,20,0.869565217391,0,4,0,0.00488941114287,0,0,1,14.0855437394,0,16,NaN,1,ok,9.90705233605,0,0,0,0
321,WLNM_dir_neg,0.815208333333,0.62829682071,00:00:01,10,40,21,508215967,fixed,validated_v2,/gpfs/scratch/acw792/wlnm_roleonly_v2_20260910/result_wlnm_dir_neg_roleonly_trophicv2_100x290_train10-90_Apocrita_20260910_011848/ecological_snapshots/Broadstone_Stream_tax_mass_K10_ratio0.4_exp21_seed508215967_threshold0.5_validated_v2.mat,role_only,2,uniform_without_replacement,uniform_remaining_nonlinks,176,0,176,407,198,198,176,22,0,22,0.111111111111,78,120,0.5,0.689655172414,0.333333333333,0.449438202247,20,9,40,111,0.333333333333,0.925,0.075,0.666666666667,0.689655172414,0.333333333333,0.449438202247,0.727777777778,0.612962962963,0.296650717703,0.331252544833,0.258333333333,99,39,60,0,99,0,39,0,60,23,99,0.195652173913,2.18974518502,8.60869565217,6.6,4.5,4.59979377438,0.534319478842,0.291611769873,4.28989068105,0.996641269334,0.541062801932,2.91445898002,0.677096530713,0.355731225296,1.07629584498,0.491516479791,2.88826011686,2.18974518502,1.07629584498,2.88826011686,0.351612638569,0.458912768647,121,0.0683229813665,0.291765337837,23,23,23,1,0,0.347826086957,0.608695652174,0.0434782608696,23,0.0770750988142,1.9341563786,3.39130434783,2.78571428571,1.95,2.27114569475,0.669696807427,0.344481605351,2.24488879272,1.3239087752,0.633221850613,1.32920969714,0.783892898314,0.403567447046,0.884493469585,0.457301942785,2.44444444444,1.9341563786,0.884493469585,2.44444444444,0.246311858077,0.15,7,0.00395256916996,0.0821298969651,23,23,23,1,0,0.391304347826,0.478260869565,0.130434782609,23,68,0.134387351779,3.20365994604,5.91304347826,4.53333333333,3.09090909091,3.96476576722,0.670511857692,0.358695652174,3.09660020124,1.04737947983,0.553708439898,2.43978875519,0.825222667197,0.427109974425,1.75620728758,0.548187796822,4.47921789018,3.20365994604,1.75620728758,4.47921789018,0.403127866286,0.352517985612,49,0.0276679841897,0.182681634425,23,23,23,1,0,0.347826086957,0.608695652174,0.0434782608696,-31,-0.0612648221344,1.01391476101,-2.69565217391,-2.06666666667,-1.40909090909,-0.635028007155,0.13619237885,0.0670838823013,-1.19329047981,0.0507382104972,0.0126456379653,-0.474670224833,0.148126136484,0.0713787491281,0.6799114426,0.0566713170304,1.59095777332,1.01391476101,0.6799114426,1.59095777332,0.0515152277166,-0.106394783036,-72,-0.0406549971767,-0.109083703411,0,0,0,59,9,40,398,0.59595959596,0.977886977887,0.022113022113,0.40404040404,0.867647058824,0.59595959596,0.706586826347,0.667450531658,0.573846573847,0.546296296296,29,60,0,23,23,23,1,0,8,0,0.0386050732335,0,0,1,3.88826011686,0,16,NaN,1,ok,2.18974518502,0,23,23,23,1,0,9,0,0.048525513337,0,0,1,3.44444444444,0,16,NaN,1,ok,1.9341563786,0,23,23,23,1,0,8,0,0.0245702356662,0,0,1,5.47921789018,0,16,NaN,1,ok,3.20365994604,0,0,0,0
322,WLNM_dir_neg,0.823611111111,0.676375508994,00:00:00,10,40,22,508215968,fixed,validated_v2,/gpfs/scratch/acw792/wlnm_roleonly_v2_20260910/result_wlnm_dir_neg_roleonly_trophicv2_100x290_train10-90_Apocrita_20260910_011848/ecological_snapshots/Broadstone_Stream_tax_mass_K10_ratio0.4_exp22_seed508215968_threshold0.5_validated_v2.mat,role_only,2,uniform_without_replacement,uniform_remaining_nonlinks,176,0,176,407,198,198,176,22,0,22,0.111111111111,78,120,0.5,0.709090909091,0.65,0.678260869565,39,16,21,104,0.65,0.866666666667,0.133333333333,0.35,0.709090909091,0.65,0.678260869565,0.794444444444,0.564814814815,0.527659574468,0.528737776562,0.516666666667,99,39,60,0,99,0,39,0,60,23,99,0.195652173913,2.18974518502,8.60869565217,6.6,4.5,4.59979377438,0.534319478842,0.291611769873,4.28989068105,0.996641269334,0.541062801932,2.91445898002,0.677096530713,0.355731225296,1.07629584498,0.491516479791,2.88826011686,2.18974518502,1.07629584498,2.88826011686,0.351612638569,0.458912768647,121,0.0683229813665,0.291765337837,23,23,23,1,0,0.347826086957,0.608695652174,0.0434782608696,23,0.0770750988142,1.93134861141,3.39130434783,3,2.29411764706,2.36910283047,0.698581603857,0.379041248606,1.96410476041,1.15831819204,0.597547380156,1.42811963494,0.842224400092,0.457079152731,0.970165987509,0.50232567118,2.58620689655,2.02004847916,0.969712418291,2.58620689655,0.295238095238,0.316901408451,15,0.00846979107849,0.0913258038258,23,21,21,0.913043478261,0,0.347826086957,0.391304347826,0.173913043478,23,94,0.185770750988,1,8.17391304348,4.7,4.7,4.55922814354,0.557777911177,0.306660499537,3.52797963659,0.863229060017,0.468085106383,2.7783749907,0.679815157298,0.380203515264,0,0,0,25.0927467433,10.8791120785,34.4913661282,0.513396391968,0.541055718475,123,0.0694522868436,0.154261878472,23,23,23,1,0,0.130434782609,0.739130434783,0.130434782609,-5,-0.0098814229249,-1.18974518502,-0.434782608696,-1.9,0.2,-0.0405656308399,0.0234584323356,0.0150487296648,-0.761911044456,-0.133412209317,-0.0729776955494,-0.136083989327,0.00271862658555,0.0244722899672,-1.07629584498,-0.491516479791,-2.88826011686,22.9030015583,9.80281623355,31.6031060113,0.161783753399,0.0821429498278,2,0.00112930547713,-0.137503459364,-0.217391304348,0.130434782609,0.0869565217391,78,16,21,391,0.787878787879,0.960687960688,0.039312039312,0.212121212121,0.829787234043,0.787878787879,0.80829015544,0.763541767376,0.748566748567,0.678260869565,55,60,0,23,23,23,1,0,8,0,0.0386050732335,0,0,1,3.88826011686,0,16,NaN,1,ok,2.18974518502,0,23,21,21,0.913043478261,0,8,0,0.0890584125416,0,0,1,3.58620689655,0,16,NaN,1,ok,2.02004847916,0,23,23,23,1,0,3,0,0.0013398772803,0,0,1,35.4913661282,1,16,NaN,1,ok,NaN,3,0,0,0
323,WLNM_dir_neg,0.832569444444,0.674518277393,00:00:00,10,40,23,508215969,fixed,validated_v2,/gpfs/scratch/acw792/wlnm_roleonly_v2_20260910/result_wlnm_dir_neg_roleonly_trophicv2_100x290_train10-90_Apocrita_20260910_011848/ecological_snapshots/Broadstone_Stream_tax_mass_K10_ratio0.4_exp23_seed508215969_threshold0.5_validated_v2.mat,role_only,2,uniform_without_replacement,uniform_remaining_nonlinks,176,0,176,407,198,198,176,22,0,22,0.111111111111,78,120,0.5,0.818181818182,0.45,0.58064516129,27,6,33,114,0.45,0.95,0.05,0.55,0.818181818182,0.45,0.58064516129,0.783333333333,0.605555555556,0.450704225352,0.487315923099,0.4,99,39,60,0,99,0,39,0,60,23,99,0.195652173913,2.18974518502,8.60869565217,6.6,4.5,4.59979377438,0.534319478842,0.291611769873,4.28989068105,0.996641269334,0.541062801932,2.91445898002,0.677096530713,0.355731225296,1.07629584498,0.491516479791,2.88826011686,2.18974518502,1.07629584498,2.88826011686,0.351612638569,0.458912768647,121,0.0683229813665,0.291765337837,23,23,23,1,0,0.347826086957,0.608695652174,0.0434782608696,23,0.0770750988142,2.30837359098,3.39130434783,2.6,2.4375,2.58912288473,0.763459312165,0.402452619844,2.03234711174,1.19856368128,0.573021181717,1.55021355153,0.914228504746,0.497212931996,1.22173248906,0.529261161988,3.38888888889,2.50462962963,1.19057732638,3.38888888889,0.298366013072,0.338028169014,16,0.00903444381705,0.096497285783,23,20,20,0.869565217391,0,0.217391304348,0.478260869565,0.173913043478,23,72,0.142292490119,3.61017406833,6.26086956522,4.5,4,4.71185536999,0.752588010484,0.406400966184,3.49420751616,1.11620517877,0.561594202899,2.45513095052,0.784277942526,0.434782608696,2.05864604372,0.57023456619,5.12110206637,3.85876207483,1.97879741842,5.12110206637,0.378678543679,0.493243243243,73,0.0412196499153,0.157583573834,23,21,21,0.913043478261,0,0.217391304348,0.565217391304,0.130434782609,-27,-0.0533596837945,1.4204288833,-2.34782608696,-2.1,-0.5,0.112061595609,0.218268531642,0.114789196311,-0.795683164885,0.11956390944,0.0205314009662,-0.459328029507,0.107181411814,0.0790513833992,0.982350198739,0.0787180863985,2.23284194952,1.66901688981,0.902501573435,2.23284194952,0.0270659051094,0.034330474596,-48,-0.0271033314512,-0.134181764003,-0.130434782609,-0.0434782608696,0.0869565217391,66,6,33,401,0.666666666667,0.985257985258,0.014742014742,0.333333333333,0.916666666667,0.666666666667,0.771929824561,0.740288653137,0.651924651925,0.628571428571,33,60,0,23,23,23,1,0,8,0,0.0386050732335,0,0,1,3.88826011686,0,16,NaN,1,ok,2.18974518502,0,23,20,20,0.869565217391,0,5,0,0.0278925619835,0,0,1,4.38888888889,0,16,NaN,1,ok,2.50462962963,0,23,21,21,0.913043478261,0,5,0,0.020501516917,0,0,1,6.12110206637,0,16,NaN,1,ok,3.85876207483,0,0,0,0
324,WLNM_dir_neg,0.738194444444,0.626398981598,00:00:00,10,40,24,508215970,fixed,validated_v2,/gpfs/scratch/acw792/wlnm_roleonly_v2_20260910/result_wlnm_dir_neg_roleonly_trophicv2_100x290_train10-90_Apocrita_20260910_011848/ecological_snapshots/Broadstone_Stream_tax_mass_K10_ratio0.4_exp24_seed508215970_threshold0.5_validated_v2.mat,role_only,2,uniform_without_replacement,uniform_remaining_nonlinks,176,0,176,407,198,198,176,22,0,22,0.111111111111,78,120,0.5,0.815789473684,0.516666666667,0.632653061224,31,7,29,113,0.516666666667,0.941666666667,0.0583333333333,0.483333333333,0.815789473684,0.516666666667,0.632653061224,0.8,0.596296296296,0.504587155963,0.529433869701,0.458333333333,99,39,60,0,99,0,39,0,60,23,99,0.195652173913,2.18974518502,8.60869565217,6.6,4.5,4.59979377438,0.534319478842,0.291611769873,4.28989068105,0.996641269334,0.541062801932,2.91445898002,0.677096530713,0.355731225296,1.07629584498,0.491516479791,2.88826011686,2.18974518502,1.07629584498,2.88826011686,0.351612638569,0.458912768647,121,0.0683229813665,0.291765337837,23,23,23,1,0,0.347826086957,0.608695652174,0.0434782608696,23,0.0770750988142,1.79082761251,3.39130434783,3,2.4375,2.291072207,0.67557257386,0.374581939799,1.91726089202,1.13069232093,0.579710144928,1.81995960516,1.07330951074,0.555183946488,0.798212356172,0.445722609254,2.45789473684,1.90945175439,0.790052848438,2.45789473684,0.171693121693,0.229007633588,10,0.00564652738566,0.144591982092,23,20,20,0.869565217391,0,0.304347826087,0.391304347826,0.173913043478,23,77,0.152173913043,2.66904193516,6.69565217391,4.8125,4.27777777778,5.09397846489,0.76078899151,0.42123094297,3.52405623281,1.05264017344,0.562394127612,3.09851424296,0.925530228417,0.504799548278,1.39197992426,0.52152793327,3.63457686341,2.82799830994,1.35139495959,3.63457686341,0.51081048581,0.618,103,0.0581592320723,0.215653860029,23,21,21,0.913043478261,0,0.217391304348,0.565217391304,0.130434782609,-22,-0.0434782608696,0.479296750138,-1.91304347826,-1.7875,-0.222222222222,0.494184690516,0.226469512668,0.129619173097,-0.765834448236,0.0559989041029,0.0213313256792,0.184055262937,0.248433697704,0.149068322981,0.315684079273,0.0300114534786,0.746316746555,0.638253124915,0.275099114611,0.746316746555,0.159197847241,0.159087231353,-18,-0.0101637492942,-0.0761114778079,-0.130434782609,-0.0434782608696,0.0869565217391,70,7,29,400,0.707070707071,0.982800982801,0.017199017199,0.292929292929,0.909090909091,0.707070707071,0.795454545455,0.761919548708,0.689871689872,0.660377358491,38,60,0,23,23,23,1,0,8,0,0.0386050732335,0,0,1,3.88826011686,0,16,NaN,1,ok,2.18974518502,0,23,20,20,0.869565217391,0,7,0,0.0467487731864,0,0,1,3.45789473684,0,16,NaN,1,ok,1.90945175439,0,23,21,21,0.913043478261,0,5,0,0.0128364180163,0,0,1,4.63457686341,0,16,NaN,1,ok,2.82799830994,0,0,0,0
325,WLNM_dir_neg,0.708819444444,0.53792192945,00:00:00,10,40,25,508215971,fixed,validated_v2,/gpfs/scratch/acw792/wlnm_roleonly_v2_20260910/result_wlnm_dir_neg_roleonly_trophicv2_100x290_train10-90_Apocrita_20260910_011848/ecological_snapshots/Broadstone_Stream_tax_mass_K10_ratio0.4_exp25_seed508215971_threshold0.5_validated_v2.mat,role_only,2,uniform_without_replacement,uniform_remaining_nonlinks,176,0,176,407,198,198,176,22,0,22,0.111111111111,78,120,0.5,0.676470588235,0.383333333333,0.489361702128,23,11,37,109,0.383333333333,0.908333333333,0.0916666666667,0.616666666667,0.676470588235,0.383333333333,0.489361702128,0.733333333333,0.603703703704,0.327102803738,0.351266845083,0.291666666667,99,39,60,0,99,0,39,0,60,23,99,0.195652173913,2.18974518502,8.60869565217,6.6,4.5,4.59979377438,0.534319478842,0.291611769873,4.28989068105,0.996641269334,0.541062801932,2.91445898002,0.677096530713,0.355731225296,1.07629584498,0.491516479791,2.88826011686,2.18974518502,1.07629584498,2.88826011686,0.351612638569,0.458912768647,121,0.0683229813665,0.291765337837,23,23,23,1,0,0.347826086957,0.608695652174,0.0434782608696,23,0.0770750988142,1.73913043478,3.39130434783,3,2.16666666667,2.444644061,0.72085658209,0.396878483835,2.22454862855,1.31191329376,0.651059085842,1.49041734877,0.87896407748,0.461538461538,0.736854083567,0.423691098051,2.07142857143,1.85,0.727656804647,2.07142857143,0.232804232804,0.310344827586,15,0.00846979107849,0.11853008103,23,20,20,0.869565217391,0,0.304347826087,0.478260869565,0.0869565217391,23,73,0.144268774704,4.95475467081,6.34782608696,3.65,3.31818181818,3.68792496044,0.580974480069,0.321024419297,3.51169699864,1.10642508176,0.547945205479,2.10307510593,0.662612704608,0.360929124479,2.47921873252,0.50037164244,7.97443238108,4.95475467081,2.47921873252,7.97443238108,0.478791158337,0.46835443038,74,0.0417843026539,0.11345656021,23,23,23,1,0,0.130434782609,0.826086956522,0.0434782608696,-26,-0.0513833992095,2.76500948579,-2.26086956522,-2.95,-1.18181818182,-0.911868813937,0.0466550012275,0.0294126494246,-0.778193682404,0.10978381243,0.00688240354708,-0.811383874094,-0.0144838261044,0.00519789918241,1.40292288754,0.00885516264912,5.08617226422,2.76500948579,1.40292288754,5.08617226422,0.127178519767,0.00944166173246,-47,-0.0265386787126,-0.178308777627,-0.217391304348,0.217391304348,0,62,11,37,396,0.626262626263,0.972972972973,0.027027027027,0.373737373737,0.849315068493,0.626262626263,0.720930232558,0.676561109188,0.599235599236,0.563636363636,34,60,0,23,23,23,1,0,8,0,0.0386050732335,0,0,1,3.88826011686,0,16,NaN,1,ok,2.18974518502,0,23,20,20,0.869565217391,0,7,0,0.0439422473321,0,0,1,3.07142857143,0,16,NaN,1,ok,1.85,0,23,23,23,1,0,3,0,0.0116311041531,0,0,1,8.97443238108,0,16,NaN,1,ok,4.95475467081,0,0,0,0
326,WLNM_dir_neg,0.79875,0.687836965521,00:00:00,10,40,26,508215972,fixed,validated_v2,/gpfs/scratch/acw792/wlnm_roleonly_v2_20260910/result_wlnm_dir_neg_roleonly_trophicv2_100x290_train10-90_Apocrita_20260910_011848/ecological_snapshots/Broadstone_Stream_tax_mass_K10_ratio0.4_exp26_seed508215972_threshold0.5_validated_v2.mat,role_only,2,uniform_without_replacement,uniform_remaining_nonlinks,176,0,176,407,198,198,176,22,0,22,0.111111111111,78,120,0.5,0.837209302326,0.6,0.699029126214,36,7,24,113,0.6,0.941666666667,0.0583333333333,0.4,0.837209302326,0.6,0.699029126214,0.827777777778,0.587037037037,0.582959641256,0.598830411005,0.541666666667,99,39,60,0,99,0,39,0,60,23,99,0.195652173913,2.18974518502,8.60869565217,6.6,4.5,4.59979377438,0.534319478842,0.291611769873,4.28989068105,0.996641269334,0.541062801932,2.91445898002,0.677096530713,0.355731225296,1.07629584498,0.491516479791,2.88826011686,2.18974518502,1.07629584498,2.88826011686,0.351612638569,0.458912768647,121,0.0683229813665,0.291765337837,23,23,23,1,0,0.347826086957,0.608695652174,0.0434782608696,23,0.0770750988142,2.46811594203,3.39130434783,3,2.16666666667,2.03914265484,0.601285654633,0.333333333333,1.86924346896,1.10237435349,0.581939799331,1.36297744291,0.803807209921,0.439241917503,1.59133475076,0.644756886685,4.25,2.53484848485,1.59550384382,4.25,0.154901960784,0.175,7,0.00395256916996,0.0985347985348,23,22,22,0.95652173913,0,0.391304347826,0.391304347826,0.173913043478,23,82,0.162055335968,3.39756398043,7.13043478261,5.85714285714,3.72727272727,4.05982923763,0.569366295522,0.314952279958,3.81177704867,1.06915697707,0.572640509014,1.8046930476,0.506194391399,0.272534464475,2.23450702048,0.657679158758,5.87430775559,3.39756398043,2.23450702048,5.87430775559,0.334879854445,0.344444444444,62,0.0350084697911,0.162339983274,23,23,23,1,0,0.391304347826,0.565217391304,0.0434782608696,-17,-0.0335968379447,1.20781879541,-1.47826086957,-0.742857142857,-0.772727272727,-0.539964536745,0.0350468166798,0.0233405100849,-0.478113632376,0.072515707732,0.0315777070814,-1.10976593243,-0.170902139313,-0.0831967608214,1.15821117549,0.166162678967,2.98604763873,1.20781879541,1.15821117549,2.98604763873,-0.0167327841241,-0.114468324203,-59,-0.0333145115754,-0.129425354563,0.0434782608696,-0.0434782608696,0,75,7,24,400,0.757575757576,0.982800982801,0.017199017199,0.242424242424,0.914634146341,0.757575757576,0.828729281768,0.797035589247,0.740376740377,0.707547169811,43,60,0,23,23,23,1,0,8,0,0.0386050732335,0,0,1,3.88826011686,0,16,NaN,1,ok,2.18974518502,0,23,22,22,0.95652173913,0,9,0,0.0346702387519,0,0,1,5.25,0,16,NaN,1,ok,2.53484848485,0,23,23,23,1,0,9,0,0.0494491784015,0,0,1,6.87430775559,0,16,NaN,1,ok,3.39756398043,0,0,0,0
327,WLNM_dir_neg,0.863472222222,0.681166473991,00:00:00,10,40,27,508215973,fixed,validated_v2,/gpfs/scratch/acw792/wlnm_roleonly_v2_20260910/result_wlnm_dir_neg_roleonly_trophicv2_100x290_train10-90_Apocrita_20260910_011848/ecological_snapshots/Broadstone_Stream_tax_mass_K10_ratio0.4_exp27_seed508215973_threshold0.5_validated_v2.mat,role_only,2,uniform_without_replacement,uniform_remaining_nonlinks,176,0,176,407,198,198,176,22,0,22,0.111111111111,78,120,0.5,0.732142857143,0.683333333333,0.706896551724,41,15,19,105,0.683333333333,0.875,0.125,0.316666666667,0.732142857143,0.683333333333,0.706896551724,0.811111111111,0.562962962963,0.567796610169,0.568532045391,0.558333333333,99,39,60,0,99,0,39,0,60,23,99,0.195652173913,2.18974518502,8.60869565217,6.6,4.5,4.59979377438,0.534319478842,0.291611769873,4.28989068105,0.996641269334,0.541062801932,2.91445898002,0.677096530713,0.355731225296,1.07629584498,0.491516479791,2.88826011686,2.18974518502,1.07629584498,2.88826011686,0.351612638569,0.458912768647,121,0.0683229813665,0.291765337837,23,23,23,1,0,0.347826086957,0.608695652174,0.0434782608696,23,0.0770750988142,2.07662183029,3.39130434783,3,2.05263157895,2.65841939428,0.783892898314,0.411371237458,2.03234711174,1.19856368128,0.615384615385,1.4596008984,0.860790273415,0.44370122631,1.16818909973,0.562543012255,3.45571245186,2.18811510484,1.20197057409,3.45571245186,0.35417027417,0.296296296296,16,0.00903444381705,0.0969891219891,23,20,20,0.869565217391,0,0.391304347826,0.434782608696,0.130434782609,23,95,0.187747035573,4.72623417854,8.26086956522,5.27777777778,4.13043478261,5.47072698596,0.662245898301,0.368421052632,4.03737479768,0.977469687859,0.521739130435,3.33445303987,0.807288630705,0.425629290618,2.12389565245,0.449384345383,5.90190018898,4.72623417854,2.12389565245,5.90190018898,0.496793484293,0.47983310153,115,0.0649350649351,0.212063340351,23,23,23,1,0,0.217391304348,0.782608695652,0,-4,-0.00790513833992,2.53648899351,-0.347826086957,-1.32222222222,-0.369565217391,0.870933211586,0.127926419459,0.0768092827589,-0.25251588337,-0.0191715814756,-0.0193236714976,0.419994059846,0.130192099993,0.0698980653214,1.04759980747,-0.042132134408,3.01364007212,2.53648899351,1.04759980747,3.01364007212,0.145180845724,0.0209203328826,-6,-0.00338791643139,-0.0797019974862,-0.130434782609,0.173913043478,-0.0434782608696,80,15,19,392,0.808080808081,0.963144963145,0.036855036855,0.191919191919,0.842105263158,0.808080808081,0.824742268041,0.783454215735,0.771225771226,0.701754385965,56,60,0,23,23,23,1,0,8,0,0.0386050732335,0,0,1,3.88826011686,0,16,NaN,1,ok,2.18974518502,0,23,20,20,0.869565217391,0,8,0,0.0432703402906,0,0,1,4.45571245186,0,16,NaN,1,ok,2.18811510484,0,23,23,23,1,0,5,0,0.0108074266028,0,0,1,6.90190018898,0,16,NaN,1,ok,4.72623417854,0,0,0,0
328,WLNM_dir_neg,0.872291666667,0.759063250693,00:00:01,10,40,28,508215974,fixed,validated_v2,/gpfs/scratch/acw792/wlnm_roleonly_v2_20260910/result_wlnm_dir_neg_roleonly_trophicv2_100x290_train10-90_Apocrita_20260910_011848/ecological_snapshots/Broadstone_Stream_tax_mass_K10_ratio0.4_exp28_seed508215974_threshold0.5_validated_v2.mat,role_only,2,uniform_without_replacement,uniform_remaining_nonlinks,176,0,176,407,198,198,176,22,0,22,0.111111111111,78,120,0.5,0.823529411765,0.466666666667,0.595744680851,28,6,32,114,0.466666666667,0.95,0.05,0.533333333333,0.823529411765,0.466666666667,0.595744680851,0.788888888889,0.603703703704,0.467289719626,0.50180977869,0.416666666667,99,39,60,0,99,0,39,0,60,23,99,0.195652173913,2.18974518502,8.60869565217,6.6,4.5,4.59979377438,0.534319478842,0.291611769873,4.28989068105,0.996641269334,0.541062801932,2.91445898002,0.677096530713,0.355731225296,1.07629584498,0.491516479791,2.88826011686,2.18974518502,1.07629584498,2.88826011686,0.351612638569,0.458912768647,121,0.0683229813665,0.291765337837,23,23,23,1,0,0.347826086957,0.608695652174,0.0434782608696,23,0.0770750988142,2.15696331522,3.39130434783,2.78571428571,2.6,2.49980236373,0.737121209818,0.402452619844,1.79481026115,1.05847784632,0.557413600892,1.94082415973,1.14458860702,0.584169453735,1.11139957389,0.515261231403,2.875,2.26715029762,1.10096560946,2.875,0.259477124183,0.198675496689,10,0.00564652738566,0.153558346415,23,21,21,0.913043478261,0,0.304347826087,0.347826086957,0.260869565217,23,73,0.144268774704,2.22589025893,6.34782608696,5.21428571429,3.17391304348,4.25984096643,0.671070837178,0.372840976772,3.55031591313,1.11859268496,0.592019058964,2.22898619256,0.702283320945,0.368076235855,1.17092654552,0.526048640906,3.04867871474,2.22589025893,1.17092654552,3.04867871474,0.423095617832,0.440425531915,69,0.038961038961,0.190693951958,23,23,23,1,0,0.391304347826,0.608695652174,0,-26,-0.0513833992095,0.0361450739043,-2.26086956522,-1.38571428571,-1.32608695652,-0.339952807946,0.136751358336,0.0812292068992,-0.73957476792,0.121951415624,0.0509562570313,-0.685472787461,0.025186790232,0.0123450105582,0.0946307005328,0.034532161115,0.160418597881,0.0361450739043,0.0946307005328,0.160418597881,0.0714829792633,-0.0184872367324,-52,-0.0293619424054,-0.101071385879,0.0434782608696,0,-0.0434782608696,67,6,32,401,0.676767676768,0.985257985258,0.014742014742,0.323232323232,0.917808219178,0.676767676768,0.779069767442,0.747453617213,0.662025662026,0.638095238095,34,60,0,23,23,23,1,0,8,0,0.0386050732335,0,0,1,3.88826011686,0,16,NaN,1,ok,2.18974518502,0,23,21,21,0.913043478261,0,7,0,0.0298475598065,0,0,1,3.875,0,16,NaN,1,ok,2.26715029762,0,23,23,23,1,0,9,0,0.0386030957039,0,0,1,4.04867871474,0,16,NaN,1,ok,2.22589025893,0,0,0,0
329,WLNM_dir_neg,0.771388888889,0.586847841729,00:00:00,10,40,29,508215975,fixed,validated_v2,/gpfs/scratch/acw792/wlnm_roleonly_v2_20260910/result_wlnm_dir_neg_roleonly_trophicv2_100x290_train10-90_Apocrita_20260910_011848/ecological_snapshots/Broadstone_Stream_tax_mass_K10_ratio0.4_exp29_seed508215975_threshold0.5_validated_v2.mat,role_only,2,uniform_without_replacement,uniform_remaining_nonlinks,176,0,176,407,198,198,176,22,0,22,0.111111111111,78,120,0.5,0.828571428571,0.483333333333,0.610526315789,29,6,31,114,0.483333333333,0.95,0.05,0.516666666667,0.828571428571,0.483333333333,0.610526315789,0.794444444444,0.601851851852,0.483720930233,0.516143333665,0.433333333333,99,39,60,0,99,0,39,0,60,23,99,0.195652173913,2.18974518502,8.60869565217,6.6,4.5,4.59979377438,0.534319478842,0.291611769873,4.28989068105,0.996641269334,0.541062801932,2.91445898002,0.677096530713,0.355731225296,1.07629584498,0.491516479791,2.88826011686,2.18974518502,1.07629584498,2.88826011686,0.351612638569,0.458912768647,121,0.0683229813665,0.291765337837,23,23,23,1,0,0.347826086957,0.608695652174,0.0434782608696,23,0.0770750988142,1.82674510123,3.39130434783,3.25,2.4375,2.87210930462,0.846904025722,0.451505016722,2.34394350321,1.38232565574,0.671125975474,1.579262849,0.93136014172,0.499442586399,0.920990061543,0.504169991162,2.42446941323,2.00079670149,0.92349830581,2.42446941323,0.383134920635,0.352941176471,18,0.0101637492942,0.0985130610131,23,19,19,0.826086956522,0,0.304347826087,0.391304347826,0.130434782609,23,74,0.146245059289,2.14259443631,6.4347826087,5.69230769231,4.625,4.78469232369,0.743567050304,0.412455934195,3.81333213558,1.18522485295,0.616921269095,2.76268186138,0.858671389348,0.473560517039,1.12106232813,0.523226565483,2.9341636607,2.38314063343,1.08851839133,2.9341636607,0.508571675238,0.627218934911,106,0.059853190288,0.22915633156,23,19,19,0.826086956522,0,0.260869565217,0.434782608696,0.130434782609,-25,-0.0494071146245,-0.047150748715,-2.17391304348,-0.907692307692,0.125,0.184898549316,0.209247571462,0.120844164322,-0.476558545462,0.188583583618,0.0758584671628,-0.151777118645,0.181574858635,0.117829291742,0.0447664831495,0.0317100856915,0.0459035438423,0.193395448403,0.0122225463464,0.0459035438423,0.156959036669,0.168306166264,-15,-0.00846979107849,-0.0626090062766,-0.0869565217391,-0.173913043478,0.0869565217391,68,6,31,401,0.686868686869,0.985257985258,0.014742014742,0.313131313131,0.918918918919,0.686868686869,0.78612716763,0.754585053395,0.672126672127,0.647619047619,35,60,0,23,23,23,1,0,8,0,0.0386050732335,0,0,1,3.88826011686,0,16,NaN,1,ok,2.18974518502,0,23,19,19,0.826086956522,0,7,0,0.0534875859219,0,0,1,3.42446941323,0,16,NaN,1,ok,2.00079670149,0,23,19,19,0.826086956522,0,6,0,0.0376226587679,0,0,1,3.9341636607,0,16,NaN,1,ok,2.38314063343,0,0,0,0
330,WLNM_dir_neg,0.840069444444,0.622280761542,00:00:01,10,40,30,508215976,fixed,validated_v2,/gpfs/scratch/acw792/wlnm_roleonly_v2_20260910/result_wlnm_dir_neg_roleonly_trophicv2_100x290_train10-90_Apocrita_20260910_011848/ecological_snapshots/Broadstone_Stream_tax_mass_K10_ratio0.4_exp30_seed508215976_threshold0.5_validated_v2.mat,role_only,2,uniform_without_replacement,uniform_remaining_nonlinks,176,0,176,407,198,198,176,22,0,22,0.111111111111,78,120,0.5,0.761904761905,0.533333333333,0.627450980392,32,10,28,110,0.533333333333,0.916666666667,0.0833333333333,0.466666666667,0.761904761905,0.533333333333,0.627450980392,0.788888888889,0.588888888889,0.486486486486,0.501550391318,0.45,99,39,60,0,99,0,39,0,60,23,99,0.195652173913,2.18974518502,8.60869565217,6.6,4.5,4.59979377438,0.534319478842,0.291611769873,4.28989068105,0.996641269334,0.541062801932,2.91445898002,0.677096530713,0.355731225296,1.07629584498,0.491516479791,2.88826011686,2.18974518502,1.07629584498,2.88826011686,0.351612638569,0.458912768647,121,0.0683229813665,0.291765337837,23,23,23,1,0,0.347826086957,0.608695652174,0.0434782608696,23,0.0770750988142,2.6747655584,3.39130434783,2.6,2.4375,2.14770766664,0.633298414522,0.348940914158,1.71715363343,1.01268034792,0.532887402453,1.74342355488,1.0281728657,0.539576365663,1.68064457348,0.628333413447,4.47058823529,2.83426704015,1.67326808199,4.47058823529,0.118045112782,0.114503816794,5,0.00282326369283,0.134051398337,23,21,21,0.913043478261,0,0.260869565217,0.434782608696,0.217391304348,23,81,0.160079051383,2.78597036922,7.04347826087,4.26315789474,4.05,4.06177593122,0.576671891469,0.314009661836,3.3421490802,0.949005294379,0.501341921632,3.27344085326,0.929495550924,0.45732689211,1.18455223205,0.425184792033,3.52695602718,2.78597036922,1.18455223205,3.52695602718,0.45785784264,0.393356643357,75,0.0423489553924,0.238401896903,23,23,23,1,0,0.173913043478,0.695652173913,0.130434782609,-18,-0.0355731225296,0.5962251842,-1.5652173913,-2.33684210526,-0.45,-0.53801784316,0.0423524126273,0.0223978919631,-0.947741600843,-0.0476359749553,-0.0397208803006,0.358981873231,0.252399020212,0.101595666813,0.108256387065,-0.0663316877584,0.638695910321,0.5962251842,0.108256387065,0.638695910321,0.106245204071,-0.0655561252906,-46,-0.025974025974,-0.0533634409338,-0.173913043478,0.0869565217391,0.0869565217391,71,10,28,397,0.717171717172,0.97542997543,0.02457002457,0.282828282828,0.876543209877,0.717171717172,0.788888888889,0.749309736784,0.692601692602,0.651376146789,42,60,0,23,23,23,1,0,8,0,0.0386050732335,0,0,1,3.88826011686,0,16,NaN,1,ok,2.18974518502,0,23,21,21,0.913043478261,0,6,0,0.0270736562707,0,0,1,5.47058823529,0,16,NaN,1,ok,2.83426704015,0,23,23,23,1,0,4,0,0.00718442066384,0,0,1,4.52695602718,0,16,NaN,1,ok,2.78597036922,0,0,0,0
331,WLNM_dir_neg,0.814097222222,0.698635138449,00:00:00,10,40,31,508215977,fixed,validated_v2,/gpfs/scratch/acw792/wlnm_roleonly_v2_20260910/result_wlnm_dir_neg_roleonly_trophicv2_100x290_train10-90_Apocrita_20260910_011848/ecological_snapshots/Broadstone_Stream_tax_mass_K10_ratio0.4_exp31_seed508215977_threshold0.5_validated_v2.mat,role_only,2,uniform_without_replacement,uniform_remaining_nonlinks,176,0,176,407,198,198,176,22,0,22,0.111111111111,78,120,0.5,0.818181818182,0.45,0.58064516129,27,6,33,114,0.45,0.95,0.05,0.55,0.818181818182,0.45,0.58064516129,0.783333333333,0.605555555556,0.450704225352,0.487315923099,0.4,99,39,60,0,99,0,39,0,60,23,99,0.195652173913,2.18974518502,8.60869565217,6.6,4.5,4.59979377438,0.534319478842,0.291611769873,4.28989068105,0.996641269334,0.541062801932,2.91445898002,0.677096530713,0.355731225296,1.07629584498,0.491516479791,2.88826011686,2.18974518502,1.07629584498,2.88826011686,0.351612638569,0.458912768647,121,0.0683229813665,0.291765337837,23,23,23,1,0,0.347826086957,0.608695652174,0.0434782608696,23,0.0770750988142,1.7790617849,3.39130434783,3,2.4375,1.87662972651,0.553365175767,0.306577480491,1.91726089202,1.13069232093,0.590858416945,1.579262849,0.93136014172,0.499442586399,0.768165585713,0.431781286201,2,1.81447368421,0.766786701373,2,0.103703703704,0.148760330579,6,0.00338791643139,0.113522588523,23,22,22,0.95652173913,0,0.391304347826,0.304347826087,0.260869565217,23,72,0.142292490119,2.20199462296,6.26086956522,5.14285714286,4,3.67073675172,0.586298231177,0.326086956522,3.70876538911,1.1847444993,0.613526570048,2.15963691869,0.689884015691,0.37922705314,1.13695498553,0.516329592124,3.57142857143,2.25663074218,1.13238481314,3.57142857143,0.325620147049,0.404564315353,65,0.0367024280068,0.158256715812,23,22,22,0.95652173913,0,0.347826086957,0.434782608696,0.173913043478,-27,-0.0533596837945,0.0122494379342,-2.34782608696,-1.45714285714,-0.5,-0.929057022662,0.051978752335,0.0344751866491,-0.581125291937,0.188103229965,0.0724637681159,-0.754822061338,0.0127874849787,0.0234958278437,0.0606591405474,0.0248131123323,0.683168454571,0.0668855571596,0.0560889681552,0.683168454571,-0.0259924915204,-0.0543484532946,-56,-0.0316205533597,-0.133508622025,0,-0.173913043478,0.130434782609,66,6,33,401,0.666666666667,0.985257985258,0.014742014742,0.333333333333,0.916666666667,0.666666666667,0.771929824561,0.740288653137,0.651924651925,0.628571428571,33,60,0,23,23,23,1,0,8,0,0.0386050732335,0,0,1,3.88826011686,0,16,NaN,1,ok,2.18974518502,0,23,22,22,0.95652173913,0,9,0,0.0491372691639,0,0,1,3,0,16,NaN,1,ok,1.81447368421,0,23,22,22,0.95652173913,0,8,0,0.0378524953395,0,0,1,4.57142857143,0,16,NaN,1,ok,2.25663074218,0,0,0,0
332,WLNM_dir_neg,0.799444444444,0.635125503172,00:00:00,10,40,32,508215978,fixed,validated_v2,/gpfs/scratch/acw792/wlnm_roleonly_v2_20260910/result_wlnm_dir_neg_roleonly_trophicv2_100x290_train10-90_Apocrita_20260910_011848/ecological_snapshots/Broadstone_Stream_tax_mass_K10_ratio0.4_exp32_seed508215978_threshold0.5_validated_v2.mat,role_only,2,uniform_without_replacement,uniform_remaining_nonlinks,176,0,176,407,198,198,176,22,0,22,0.111111111111,78,120,0.5,0.846153846154,0.55,0.666666666667,33,6,27,114,0.55,0.95,0.05,0.45,0.846153846154,0.55,0.666666666667,0.816666666667,0.594444444444,0.547945205479,0.572129567691,0.5,99,39,60,0,99,0,39,0,60,23,99,0.195652173913,2.18974518502,8.60869565217,6.6,4.5,4.59979377438,0.534319478842,0.291611769873,4.28989068105,0.996641269334,0.541062801932,2.91445898002,0.677096530713,0.355731225296,1.07629584498,0.491516479791,2.88826011686,2.18974518502,1.07629584498,2.88826011686,0.351612638569,0.458912768647,121,0.0683229813665,0.291765337837,23,23,23,1,0,0.347826086957,0.608695652174,0.0434782608696,23,0.0770750988142,1.9869187761,3.39130434783,3.25,2.29411764706,2.96554656061,0.874456037104,0.470457079153,2.36325627835,1.39371524108,0.664437012263,1.52060940561,0.896769649462,0.459308807135,1.10826617197,0.557781317132,2.85851871948,2.29369574064,1.17318389263,2.85851871948,0.437301587302,0.474683544304,25,0.0141163184641,0.0920837159474,23,16,16,0.695652173913,0,0.347826086957,0.391304347826,0.130434782609,23,78,0.154150197628,2.5741909838,6.78260869565,5.57142857143,3.71428571429,5.01775503713,0.739797217013,0.407469342252,3.95128437617,1.16512231605,0.60646599777,2.23075874648,0.657787835499,0.363433667781,1.52370385199,0.591915619929,4.24443669984,2.64574511943,1.51949393675,4.24443669984,0.499302364302,0.557059961315,96,0.0542066629023,0.16450786698,23,22,22,0.95652173913,0,0.347826086957,0.565217391304,0.0434782608696,-21,-0.0415019762846,0.384445798774,-1.82608695652,-1.02857142857,-0.785714285714,0.417961262753,0.205477738171,0.115857572379,-0.33860630488,0.168481046715,0.065403195838,-0.683700233548,-0.0193086952133,0.00770244248505,0.447408007007,0.100399140138,1.35617658299,0.455999934401,0.443198091762,1.35617658299,0.147689725733,0.098147192668,-25,-0.0141163184641,-0.127257470856,0,-0.0434782608696,0,72,6,27,401,0.727272727273,0.985257985258,0.014742014742,0.272727272727,0.923076923077,0.727272727273,0.813559322034,0.782797093979,0.712530712531,0.685714285714,39,60,0,23,23,23,1,0,8,0,0.0386050732335,0,0,1,3.88826011686,0,16,NaN,1,ok,2.18974518502,0,23,16,16,0.695652173913,0,6,0,0.0579065758424,0,0,1,3.85851871948,0,16,NaN,1,ok,2.29369574064,0,23,22,22,0.95652173913,0,8,0,0.0501663719984,0,0,1,5.24443669984,0,16,NaN,1,ok,2.64574511943,0,0,0,0
333,WLNM_dir_neg,0.834027777778,0.530958620152,00:00:00,10,40,33,508215979,fixed,validated_v2,/gpfs/scratch/acw792/wlnm_roleonly_v2_20260910/result_wlnm_dir_neg_roleonly_trophicv2_100x290_train10-90_Apocrita_20260910_011848/ecological_snapshots/Broadstone_Stream_tax_mass_K10_ratio0.4_exp33_seed508215979_threshold0.5_validated_v2.mat,role_only,2,uniform_without_replacement,uniform_remaining_nonlinks,176,0,176,407,198,198,176,22,0,22,0.111111111111,78,120,0.5,0.76,0.633333333333,0.690909090909,38,12,22,108,0.633333333333,0.9,0.1,0.366666666667,0.76,0.633333333333,0.690909090909,0.811111111111,0.574074074074,0.55652173913,0.561317132356,0.533333333333,99,39,60,0,99,0,39,0,60,23,99,0.195652173913,2.18974518502,8.60869565217,6.6,4.5,4.59979377438,0.534319478842,0.291611769873,4.28989068105,0.996641269334,0.541062801932,2.91445898002,0.677096530713,0.355731225296,1.07629584498,0.491516479791,2.88826011686,2.18974518502,1.07629584498,2.88826011686,0.351612638569,0.458912768647,121,0.0683229813665,0.291765337837,23,23,23,1,0,0.347826086957,0.608695652174,0.0434782608696,23,0.0770750988142,2.04891304348,3.39130434783,2.78571428571,2.29411764706,2.33041413477,0.687173398714,0.375696767001,2.09837128634,1.23750101502,0.615384615385,1.60778737312,0.948182296966,0.501672240803,1.0627016055,0.518666035573,3.125,2.09659090909,1.06223338264,3.125,0.31918767507,0.313725490196,16,0.00903444381705,0.113331113331,23,22,22,0.95652173913,0,0.347826086957,0.391304347826,0.217391304348,23,89,0.175889328063,1,7.73913043478,4.45,4.45,4.72149236138,0.610080473662,0.336101612115,3.54585991399,0.916345820469,0.491450903762,3.22355461375,0.833053439508,0.446507083537,0,0,0,65.3296259465,28.0600943915,80.6088797362,0.420004391744,0.527086383602,120,0.0677583286279,0.176031554445,23,23,23,1,0,0.130434782609,0.739130434783,0.130434782609,-10,-0.0197628458498,-1.18974518502,-0.869565217391,-2.15,-0.05,0.121698587004,0.0757609948198,0.0444898422427,-0.744030767057,-0.0802954488648,-0.0496118981708,0.309095633725,0.155956908796,0.0907758582404,-1.07629584498,-0.491516479791,-2.88826011686,63.1398807615,26.9837985465,77.7206196193,0.0683917531744,0.0681736149545,-1,-0.000564652738566,-0.115733783392,-0.217391304348,0.130434782609,0.0869565217391,77,12,22,395,0.777777777778,0.970515970516,0.029484029484,0.222222222222,0.865168539326,0.777777777778,0.81914893617,0.779693453833,0.748293748294,0.693693693694,50,60,0,23,23,23,1,0,8,0,0.0386050732335,0,0,1,3.88826011686,0,16,NaN,1,ok,2.18974518502,0,23,22,22,0.95652173913,0,8,0,0.0409649522076,0,0,1,4.125,0,16,NaN,1,ok,2.09659090909,0,23,23,23,1,0,3,0,0.000564904240611,0,0,1,81.6088797362,1,16,NaN,1,ok,NaN,3,0,0,0
334,WLNM_dir_neg,0.776319444444,0.563516061312,00:00:00,10,40,34,508215980,fixed,validated_v2,/gpfs/scratch/acw792/wlnm_roleonly_v2_20260910/result_wlnm_dir_neg_roleonly_trophicv2_100x290_train10-90_Apocrita_20260910_011848/ecological_snapshots/Broadstone_Stream_tax_mass_K10_ratio0.4_exp34_seed508215980_threshold0.5_validated_v2.mat,role_only,2,uniform_without_replacement,uniform_remaining_nonlinks,176,0,176,407,198,198,176,22,0,22,0.111111111111,78,120,0.5,0.790697674419,0.566666666667,0.660194174757,34,9,26,111,0.566666666667,0.925,0.075,0.433333333333,0.790697674419,0.566666666667,0.660194174757,0.805555555556,0.587037037037,0.529147982063,0.543553757681,0.491666666667,99,39,60,0,99,0,39,0,60,23,99,0.195652173913,2.18974518502,8.60869565217,6.6,4.5,4.59979377438,0.534319478842,0.291611769873,4.28989068105,0.996641269334,0.541062801932,2.91445898002,0.677096530713,0.355731225296,1.07629584498,0.491516479791,2.88826011686,2.18974518502,1.07629584498,2.88826011686,0.351612638569,0.458912768647,121,0.0683229813665,0.291765337837,23,23,23,1,0,0.347826086957,0.608695652174,0.0434782608696,23,0.0770750988142,1.90438405797,3.39130434783,3,2.29411764706,2.18962700092,0.645659243861,0.357859531773,1.81995960516,1.07330951074,0.56856187291,1.63581457631,0.964711160387,0.50613154961,0.920681230321,0.483453548389,2.64777777778,2.04004166667,0.912676662183,2.64777777778,0.176470588235,0.222222222222,10,0.00564652738566,0.110409035409,23,20,20,0.869565217391,0,0.304347826087,0.434782608696,0.130434782609,23,82,0.162055335968,3.08062686999,7.13043478261,4.82352941176,4.1,4.24590013827,0.595461604758,0.329798515376,3.70289919531,1.03861806698,0.551431601273,2.40881122994,0.675642174252,0.372216330859,1.5152040923,0.491849274917,4.10134457992,3.17520081863,1.47974860217,4.10134457992,0.33499253272,0.421252371917,74,0.0417843026539,0.147714336317,23,22,22,0.95652173913,0,0.217391304348,0.652173913043,0.0869565217391,-17,-0.0335968379447,0.890881684969,-1.47826086957,-1.77647058824,-0.4,-0.353893636104,0.0611421259161,0.0381867455038,-0.586991485742,0.0419767976417,0.0103687993402,-0.505647750081,-0.0014543564603,0.0164851055625,0.438908247312,0.000332795125473,1.21308446307,0.985455633605,0.403452757184,1.21308446307,-0.0166201058494,-0.0376603967308,-47,-0.0265386787126,-0.144051001519,-0.130434782609,0.0434782608696,0.0434782608696,73,9,26,398,0.737373737374,0.977886977887,0.022113022113,0.262626262626,0.890243902439,0.737373737374,0.806629834254,0.769997508785,0.715260715261,0.675925925926,43,60,0,23,23,23,1,0,8,0,0.0386050732335,0,0,1,3.88826011686,0,16,NaN,1,ok,2.18974518502,0,23,20,20,0.869565217391,0,7,0,0.0507526786723,0,0,1,3.64777777778,0,16,NaN,1,ok,2.04004166667,0,23,22,22,0.95652173913,0,5,0,0.0249492971426,0,0,1,5.10134457992,0,16,NaN,1,ok,3.17520081863,0,0,0,0
335,WLNM_dir_neg,0.865,0.663017426247,00:00:00,10,40,35,508215981,fixed,validated_v2,/gpfs/scratch/acw792/wlnm_roleonly_v2_20260910/result_wlnm_dir_neg_roleonly_trophicv2_100x290_train10-90_Apocrita_20260910_011848/ecological_snapshots/Broadstone_Stream_tax_mass_K10_ratio0.4_exp35_seed508215981_threshold0.5_validated_v2.mat,role_only,2,uniform_without_replacement,uniform_remaining_nonlinks,176,0,176,407,198,198,176,22,0,22,0.111111111111,78,120,0.5,0.8,0.533333333333,0.64,32,8,28,112,0.533333333333,0.933333333333,0.0666666666667,0.466666666667,0.8,0.533333333333,0.64,0.8,0.592592592593,0.509090909091,0.529150262213,0.466666666667,99,39,60,0,99,0,39,0,60,23,99,0.195652173913,2.18974518502,8.60869565217,6.6,4.5,4.59979377438,0.534319478842,0.291611769873,4.28989068105,0.996641269334,0.541062801932,2.91445898002,0.677096530713,0.355731225296,1.07629584498,0.491516479791,2.88826011686,2.18974518502,1.07629584498,2.88826011686,0.351612638569,0.458912768647,121,0.0683229813665,0.291765337837,23,23,23,1,0,0.347826086957,0.608695652174,0.0434782608696,23,0.0770750988142,2.06552898551,3.39130434783,2.78571428571,1.85714285714,2.58912288473,0.763459312165,0.409141583055,2.34394350321,1.38232565574,0.635451505017,1.579262849,0.93136014172,0.41248606466,1.04153977246,0.50424844181,2.755,2.11396212121,1.03920191948,2.755,0.282857142857,0.267515923567,14,0.00790513833992,0.121656365612,23,22,22,0.95652173913,0,0.347826086957,0.565217391304,0.0434782608696,23,79,0.156126482213,1,6.86956521739,4.9375,3.4347826087,4.10436959866,0.597471523855,0.324160704458,4.08796556377,1.19016718945,0.608695652174,2.04108008298,0.594238505171,0.321408915795,0,0,0,NaN,NaN,NaN,0.379513163604,0.392523364486,70,0.0395256916996,0.143815166315,23,23,0,1,7,0.304347826087,0.695652173913,0,-20,-0.0395256916996,-1.18974518502,-1.73913043478,-1.6625,-1.0652173913,-0.495424175721,0.0631520450132,0.0325489345853,-0.201925117274,0.193525920119,0.0676328502415,-0.873378897044,-0.0828580255413,-0.0343223095012,-1.07629584498,-0.491516479791,-2.88826011686,NaN,NaN,NaN,0.0279005250349,-0.0663894041613,-51,-0.0287972896669,-0.147950171522,-0.0434782608696,0.0869565217391,-0.0434782608696,71,8,28,399,0.717171717172,0.980343980344,0.019656019656,0.282828282828,0.898734177215,0.717171717172,0.797752808989,0.762327004794,0.697515697516,0.663551401869,40,60,0,23,23,23,1,0,8,0,0.0386050732335,0,0,1,3.88826011686,0,16,NaN,1,ok,2.18974518502,0,23,22,22,0.95652173913,0,8,0,0.0197003187512,0,0,1,3.755,0,16,NaN,1,ok,2.11396212121,0,23,23,0,1,7,7,2,NaN,NaN,NaN,NaN,NaN,0,0,NaN,0,basal_unreachable_in_lcc,NaN,2,0,0,0
336,WLNM_dir_neg,0.823819444444,0.704667380724,00:00:00,10,40,36,508215982,fixed,validated_v2,/gpfs/scratch/acw792/wlnm_roleonly_v2_20260910/result_wlnm_dir_neg_roleonly_trophicv2_100x290_train10-90_Apocrita_20260910_011848/ecological_snapshots/Broadstone_Stream_tax_mass_K10_ratio0.4_exp36_seed508215982_threshold0.5_validated_v2.mat,role_only,2,uniform_without_replacement,uniform_remaining_nonlinks,176,0,176,407,198,198,176,22,0,22,0.111111111111,78,120,0.5,0.702127659574,0.55,0.616822429907,33,14,27,106,0.55,0.883333333333,0.116666666667,0.45,0.702127659574,0.55,0.616822429907,0.772222222222,0.57962962963,0.458149779736,0.465064935613,0.433333333333,99,39,60,0,99,0,39,0,60,23,99,0.195652173913,2.18974518502,8.60869565217,6.6,4.5,4.59979377438,0.534319478842,0.291611769873,4.28989068105,0.996641269334,0.541062801932,2.91445898002,0.677096530713,0.355731225296,1.07629584498,0.491516479791,2.88826011686,2.18974518502,1.07629584498,2.88826011686,0.351612638569,0.458912768647,121,0.0683229813665,0.291765337837,23,23,23,1,0,0.347826086957,0.608695652174,0.0434782608696,23,0.0770750988142,1.83347826087,3.39130434783,3,2.4375,2.27114569475,0.669696807427,0.36231884058,1.94082415973,1.14458860702,0.588628762542,1.60778737312,0.948182296966,0.503901895206,0.835345587627,0.455607031431,2.24166666667,1.9585,0.82573676122,2.24166666667,0.239814814815,0.260869565217,12,0.00677583286279,0.115914178414,23,20,20,0.869565217391,0,0.304347826087,0.391304347826,0.173913043478,23,86,0.169960474308,6.26469784156,7.47826086957,5.375,5.05882352941,5.16869567877,0.691162794254,0.382204246714,3.73213796033,0.998129919623,0.537917087968,3.09276856414,0.82713577878,0.451971688574,4.18445576204,0.667942152657,10.8305024466,7.0544025178,3.90403934498,10.8305024466,0.429091668565,0.537892791128,97,0.0547713156409,0.203707403707,23,20,20,0.869565217391,0,0.173913043478,0.565217391304,0.130434782609,-13,-0.0256916996047,4.07495265654,-1.13043478261,-1.225,0.558823529412,0.568901904396,0.156843315413,0.0905924768412,-0.557752720717,0.00148865028909,-0.00314571396472,0.178309584111,0.150039248068,0.0962404632779,3.10815991706,0.176425672866,7.94224232978,4.86465733277,2.8277435,7.94224232978,0.0774790299962,0.0789800224803,-24,-0.0135516657256,-0.0880579341294,-0.173913043478,-0.0434782608696,0.0869565217391,72,14,27,393,0.727272727273,0.965601965602,0.034398034398,0.272727272727,0.837209302326,0.727272727273,0.778378378378,0.731805434305,0.692874692875,0.637168141593,47,60,0,23,23,23,1,0,8,0,0.0386050732335,0,0,1,3.88826011686,0,16,NaN,1,ok,2.18974518502,0,23,20,20,0.869565217391,0,7,0,0.053983342283,0,0,1,3.24166666667,0,16,NaN,1,ok,1.9585,0,23,20,20,0.869565217391,0,4,0,0.0110423872469,0,0,1,11.8305024466,0,16,NaN,1,ok,7.0544025178,0,0,0,0
337,WLNM_dir_neg,0.836527777778,0.619177695071,00:00:00,10,40,37,508215983,fixed,validated_v2,/gpfs/scratch/acw792/wlnm_roleonly_v2_20260910/result_wlnm_dir_neg_roleonly_trophicv2_100x290_train10-90_Apocrita_20260910_011848/ecological_snapshots/Broadstone_Stream_tax_mass_K10_ratio0.4_exp37_seed508215983_threshold0.5_validated_v2.mat,role_only,2,uniform_without_replacement,uniform_remaining_nonlinks,176,0,176,407,198,198,176,22,0,22,0.111111111111,78,120,0.5,0.685185185185,0.616666666667,0.649122807018,37,17,23,103,0.616666666667,0.858333333333,0.141666666667,0.383333333333,0.685185185185,0.616666666667,0.649122807018,0.777777777778,0.566666666667,0.487179487179,0.48862727488,0.475,99,39,60,0,99,0,39,0,60,23,99,0.195652173913,2.18974518502,8.60869565217,6.6,4.5,4.59979377438,0.534319478842,0.291611769873,4.28989068105,0.996641269334,0.541062801932,2.91445898002,0.677096530713,0.355731225296,1.07629584498,0.491516479791,2.88826011686,2.18974518502,1.07629584498,2.88826011686,0.351612638569,0.458912768647,121,0.0683229813665,0.291765337837,23,23,23,1,0,0.347826086957,0.608695652174,0.0434782608696,23,0.0770750988142,2.05683038111,3.39130434783,3,1.95,2.14770766664,0.633298414522,0.322185061315,1.91726089202,1.13069232093,0.595317725753,1.10514427724,0.651751753244,0.343366778149,1.15486595759,0.561478461326,3.22222222222,2.05683038111,1.15486595759,3.22222222222,0.160401002506,0.163636363636,6,0.00338791643139,0.0748880748881,23,23,23,1,0,0.434782608696,0.434782608696,0.130434782609,23,93,0.183794466403,3.35070972609,8.08695652174,4.89473684211,4.22727272727,4.56182821683,0.564097037565,0.309490416082,4.20474040783,1.03988203634,0.547919588593,2.3056898173,0.570224363418,0.311360448808,1.63272536974,0.487277473495,4.93594847311,3.35070972609,1.63272536974,4.93594847311,0.489098582577,0.451127819549,100,0.0564652738566,0.176001470055,23,23,23,1,0,0.173913043478,0.782608695652,0.0434782608696,-6,-0.0118577075099,1.16096454106,-0.521739130435,-1.70526315789,-0.272727272727,-0.0379655575498,0.0297775587229,0.0178786462096,-0.0851502732179,0.0432407670107,0.00685678666043,-0.608769162725,-0.106872167295,-0.0443707764886,0.556429524759,-0.00423900629639,2.04768835625,1.16096454106,0.556429524759,2.04768835625,0.137485944008,-0.00778494909841,-21,-0.0118577075099,-0.115763867782,-0.173913043478,0.173913043478,0,76,17,23,390,0.767676767677,0.958230958231,0.041769041769,0.232323232323,0.817204301075,0.767676767677,0.791666666667,0.743497855955,0.725907725908,0.655172413793,54,60,0,23,23,23,1,0,8,0,0.0386050732335,0,0,1,3.88826011686,0,16,NaN,1,ok,2.18974518502,0,23,23,23,1,0,10,0,0.0464071020054,0,0,1,4.22222222222,0,16,NaN,1,ok,2.05683038111,0,23,23,23,1,0,4,0,0.00980175253582,0,0,1,5.93594847311,0,16,NaN,1,ok,3.35070972609,0,0,0,0
338,WLNM_dir_neg,0.84125,0.719235813734,00:00:00,10,40,38,508215984,fixed,validated_v2,/gpfs/scratch/acw792/wlnm_roleonly_v2_20260910/result_wlnm_dir_neg_roleonly_trophicv2_100x290_train10-90_Apocrita_20260910_011848/ecological_snapshots/Broadstone_Stream_tax_mass_K10_ratio0.4_exp38_seed508215984_threshold0.5_validated_v2.mat,role_only,2,uniform_without_replacement,uniform_remaining_nonlinks,176,0,176,407,198,198,176,22,0,22,0.111111111111,78,120,0.5,0.703703703704,0.633333333333,0.666666666667,38,16,22,104,0.633333333333,0.866666666667,0.133333333333,0.366666666667,0.703703703704,0.633333333333,0.666666666667,0.788888888889,0.566666666667,0.512820512821,0.514344499874,0.5,99,39,60,0,99,0,39,0,60,23,99,0.195652173913,2.18974518502,8.60869565217,6.6,4.5,4.59979377438,0.534319478842,0.291611769873,4.28989068105,0.996641269334,0.541062801932,2.91445898002,0.677096530713,0.355731225296,1.07629584498,0.491516479791,2.88826011686,2.18974518502,1.07629584498,2.88826011686,0.351612638569,0.458912768647,121,0.0683229813665,0.291765337837,23,23,23,1,0,0.347826086957,0.608695652174,0.0434782608696,23,0.0770750988142,1.92028985507,3.39130434783,3,2.16666666667,2.18962700092,0.645659243861,0.334448160535,2.05459092608,1.2116818282,0.619843924192,1.29456144237,0.763459312165,0.408026755853,0.949049392512,0.494221947798,2.72222222222,1.92028985507,0.949049392512,2.72222222222,0.173571428571,0.164383561644,8,0.00451722190853,0.0772435897436,23,23,23,1,0,0.434782608696,0.347826086957,0.217391304348,23,93,0.183794466403,9.65907145909,8.08695652174,4.42857142857,4.22727272727,4.31606979763,0.533707555621,0.294062646096,3.83142817983,0.947557506841,0.499298737728,3.09660020124,0.765825856221,0.389901823282,3.20116973262,0.331415886732,11.4251503172,9.65907145909,3.20116973262,11.4251503172,0.492699088351,0.429752066116,104,0.0587238848108,0.18528448966,23,23,23,1,0,0.0869565217391,0.869565217391,0.0434782608696,-6,-0.0118577075099,7.46932627406,-0.521739130435,-2.17142857143,-0.272727272727,-0.283723976746,-0.000611923220731,0.00245087622367,-0.458462501212,-0.0490837624933,-0.0417640642045,0.182141221216,0.0887293255081,0.0341705979855,2.12487388764,-0.16010059306,8.53689020037,7.46932627406,2.12487388764,8.53689020037,0.141086449782,-0.0291607025316,-17,-0.00959909655562,-0.106480848177,-0.260869565217,0.260869565217,0,77,16,22,391,0.777777777778,0.960687960688,0.039312039312,0.222222222222,0.827956989247,0.777777777778,0.802083333333,0.756360173133,0.738465738466,0.669565217391,54,60,0,23,23,23,1,0,8,0,0.0386050732335,0,0,1,3.88826011686,0,16,NaN,1,ok,2.18974518502,0,23,23,23,1,0,10,0,0.0711125158028,0,0,1,3.72222222222,0,16,NaN,1,ok,1.92028985507,0,23,23,23,1,0,2,0,0.00264250093988,0,0,1,12.4251503172,0,16,NaN,1,ok,9.65907145909,0,0,0,0
339,WLNM_dir_neg,0.87,0.736850959143,00:00:00,10,40,39,508215985,fixed,validated_v2,/gpfs/scratch/acw792/wlnm_roleonly_v2_20260910/result_wlnm_dir_neg_roleonly_trophicv2_100x290_train10-90_Apocrita_20260910_011848/ecological_snapshots/Broadstone_Stream_tax_mass_K10_ratio0.4_exp39_seed508215985_threshold0.5_validated_v2.mat,role_only,2,uniform_without_replacement,uniform_remaining_nonlinks,176,0,176,407,198,198,176,22,0,22,0.111111111111,78,120,0.5,0.788461538462,0.683333333333,0.732142857143,41,11,19,109,0.683333333333,0.908333333333,0.0916666666667,0.316666666667,0.788461538462,0.683333333333,0.732142857143,0.833333333333,0.57037037037,0.612068965517,0.615370530187,0.591666666667,99,39,60,0,99,0,39,0,60,23,99,0.195652173913,2.18974518502,8.60869565217,6.6,4.5,4.59979377438,0.534319478842,0.291611769873,4.28989068105,0.996641269334,0.541062801932,2.91445898002,0.677096530713,0.355731225296,1.07629584498,0.491516479791,2.88826011686,2.18974518502,1.07629584498,2.88826011686,0.351612638569,0.458912768647,121,0.0683229813665,0.291765337837,23,23,23,1,0,0.347826086957,0.608695652174,0.0434782608696,23,0.0770750988142,1.94483970136,3.39130434783,3,1.95,1.69863930664,0.500880821189,0.275362318841,1.91726089202,1.13069232093,0.593088071349,1.25895998235,0.742463579334,0.385730211817,0.998789685018,0.513558872908,2.79797979798,1.94483970136,0.998789685018,2.79797979798,0.115789473684,0.129310344828,5,0.00282326369283,0.0943833943834,23,23,23,1,0,0.434782608696,0.434782608696,0.130434782609,23,91,0.179841897233,4.53207069973,7.91304347826,5.6875,4.13636363636,4.04422195549,0.511082994376,0.27950310559,3.9712404848,1.00372012253,0.540850453894,2.38324188811,0.602357839852,0.324892498806,2.57876018416,0.569002638092,6.42320064612,4.53207069973,2.57876018416,6.42320064612,0.344683851502,0.370786516854,77,0.0434782608696,0.190495111327,23,23,23,1,0,0.304347826087,0.652173913043,0.0434782608696,-8,-0.0158102766798,2.3423255147,-0.695652173913,-0.9125,-0.363636363636,-0.555571818884,-0.0232364844662,-0.0121086642826,-0.318650196244,0.00707885319854,-0.000212348038435,-0.531217091916,-0.0747386908612,-0.0308387264909,1.50246433918,0.0774861583004,3.53494052926,2.3423255147,1.50246433918,3.53494052926,-0.00692878706713,-0.0881262517933,-44,-0.0248447204969,-0.10127022651,-0.0434782608696,0.0434782608696,0,80,11,19,396,0.808080808081,0.972972972973,0.027027027027,0.191919191919,0.879120879121,0.808080808081,0.842105263158,0.806772333357,0.781053781054,0.727272727273,52,60,0,23,23,23,1,0,8,0,0.0386050732335,0,0,1,3.88826011686,0,16,NaN,1,ok,2.18974518502,0,23,23,23,1,0,10,0,0.0444859346933,0,0,1,3.79797979798,0,16,NaN,1,ok,1.94483970136,0,23,23,23,1,0,7,0,0.0135490383048,0,0,1,7.42320064612,0,16,NaN,1,ok,4.53207069973,0,0,0,0
340,WLNM_dir_neg,0.798055555556,0.644596849781,00:00:00,10,40,40,508215986,fixed,validated_v2,/gpfs/scratch/acw792/wlnm_roleonly_v2_20260910/result_wlnm_dir_neg_roleonly_trophicv2_100x290_train10-90_Apocrita_20260910_011848/ecological_snapshots/Broadstone_Stream_tax_mass_K10_ratio0.4_exp40_seed508215986_threshold0.5_validated_v2.mat,role_only,2,uniform_without_replacement,uniform_remaining_nonlinks,176,0,176,407,198,198,176,22,0,22,0.111111111111,78,120,0.5,0.809523809524,0.566666666667,0.666666666667,34,8,26,112,0.566666666667,0.933333333333,0.0666666666667,0.433333333333,0.809523809524,0.566666666667,0.666666666667,0.811111111111,0.588888888889,0.540540540541,0.557278212575,0.5,99,39,60,0,99,0,39,0,60,23,99,0.195652173913,2.18974518502,8.60869565217,6.6,4.5,4.59979377438,0.534319478842,0.291611769873,4.28989068105,0.996641269334,0.541062801932,2.91445898002,0.677096530713,0.355731225296,1.07629584498,0.491516479791,2.88826011686,2.18974518502,1.07629584498,2.88826011686,0.351612638569,0.458912768647,121,0.0683229813665,0.291765337837,23,23,23,1,0,0.347826086957,0.608695652174,0.0434782608696,23,0.0770750988142,1.87037455298,3.39130434783,3,2.05263157895,2.36910283047,0.698581603857,0.383500557414,1.98711262912,1.17188693512,0.604236343367,1.69047552774,0.996947106102,0.481605351171,0.881463161519,0.471276279991,2.28484848485,1.95326736755,0.878467455138,2.28484848485,0.204948646125,0.22602739726,11,0.00621118012422,0.117796555297,23,21,21,0.913043478261,0,0.347826086957,0.478260869565,0.0869565217391,23,81,0.160079051383,3.3205500123,7.04347826087,4.76470588235,3.52173913043,4.4464312643,0.631283451104,0.347826086957,3.72789930143,1.05853930781,0.557165861514,2.81020163006,0.797958487547,0.412238325282,1.6574972263,0.499163457911,4.70299467217,3.3205500123,1.6574972263,4.70299467217,0.394460337642,0.46679316888,82,0.0463015245624,0.181077521335,23,23,23,1,0,0.260869565217,0.739130434783,0,-18,-0.0355731225296,1.13080482727,-1.5652173913,-1.83529411765,-0.978260869565,-0.153362510077,0.0969639722625,0.0562143170839,-0.56199137962,0.0618980384784,0.0161030595813,-0.104257349966,0.120861956835,0.0565070999854,0.581201381321,0.00764697811945,1.81473455531,1.13080482727,0.581201381321,1.81473455531,0.042847699073,0.00788040023317,-39,-0.0220214568041,-0.110687816502,-0.0869565217391,0.130434782609,-0.0434782608696,73,8,26,399,0.737373737374,0.980343980344,0.019656019656,0.262626262626,0.901234567901,0.737373737374,0.811111111111,0.776482182895,0.717717717718,0.682242990654,42,60,0,23,23,23,1,0,8,0,0.0386050732335,0,0,1,3.88826011686,0,16,NaN,1,ok,2.18974518502,0,23,21,21,0.913043478261,0,8,0,0.0542683464012,0,0,1,3.28484848485,0,16,NaN,1,ok,1.95326736755,0,23,23,23,1,0,6,0,0.0145775004523,0,0,1,5.70299467217,0,16,NaN,1,ok,3.3205500123,0,0,0,0
341,WLNM_dir_neg,0.825138888889,0.686723929835,00:00:00,10,40,41,508215987,fixed,validated_v2,/gpfs/scratch/acw792/wlnm_roleonly_v2_20260910/result_wlnm_dir_neg_roleonly_trophicv2_100x290_train10-90_Apocrita_20260910_011848/ecological_snapshots/Broadstone_Stream_tax_mass_K10_ratio0.4_exp41_seed508215987_threshold0.5_validated_v2.mat,role_only,2,uniform_without_replacement,uniform_remaining_nonlinks,176,0,176,407,198,198,176,22,0,22,0.111111111111,78,120,0.5,0.725,0.483333333333,0.58,29,11,31,109,0.483333333333,0.908333333333,0.0916666666667,0.516666666667,0.725,0.483333333333,0.58,0.766666666667,0.592592592593,0.427272727273,0.444108255786,0.391666666667,99,39,60,0,99,0,39,0,60,23,99,0.195652173913,2.18974518502,8.60869565217,6.6,4.5,4.59979377438,0.534319478842,0.291611769873,4.28989068105,0.996641269334,0.541062801932,2.91445898002,0.677096530713,0.355731225296,1.07629584498,0.491516479791,2.88826011686,2.18974518502,1.07629584498,2.88826011686,0.351612638569,0.458912768647,121,0.0683229813665,0.291765337837,23,23,23,1,0,0.347826086957,0.608695652174,0.0434782608696,23,0.0770750988142,1.8780137581,3.39130434783,2.78571428571,2.16666666667,2.33041413477,0.687173398714,0.380156075808,2.03234711174,1.19856368128,0.610925306577,1.52060940561,0.896769649462,0.463768115942,0.824948522908,0.439266495972,2.48847926267,2.00971582181,0.804992588716,2.48847926267,0.190756302521,0.191489361702,9,0.00508187464709,0.0960579103436,23,20,20,0.869565217391,0,0.260869565217,0.521739130435,0.0869565217391,23,79,0.156126482213,4.37986037774,6.86956521739,4.9375,4.15789473684,5.02090491505,0.730891221812,0.405613648872,3.87094171014,1.12698302954,0.586681342873,2.59064904041,0.754239594044,0.41607044579,2.61640929245,0.597372762324,7.55414706259,4.70175184229,2.50579666098,7.55414706259,0.459305971806,0.491103202847,92,0.0519480519481,0.143322325822,23,21,21,0.913043478261,0,0.217391304348,0.608695652174,0.0869565217391,-20,-0.0395256916996,2.19011519272,-1.73913043478,-1.6625,-0.342105263158,0.421111140676,0.19657174297,0.114001878999,-0.418948970905,0.130341760201,0.0456185409405,-0.323809939611,0.0771430633315,0.0603392204933,1.54011344746,0.105856282533,4.66588694574,2.51200665726,1.42950081599,4.66588694574,0.107693333237,0.0321904341997,-29,-0.0163749294184,-0.148443012014,-0.130434782609,0,0.0434782608696,68,11,31,396,0.686868686869,0.972972972973,0.027027027027,0.313131313131,0.860759493671,0.686868686869,0.76404494382,0.721152395533,0.659841659842,0.618181818182,40,60,0,23,23,23,1,0,8,0,0.0386050732335,0,0,1,3.88826011686,0,16,NaN,1,ok,2.18974518502,0,23,20,20,0.869565217391,0,6,0,0.0558869041359,0,0,1,3.48847926267,0,16,NaN,1,ok,2.00971582181,0,23,21,21,0.913043478261,0,5,0,0.024438566741,0,0,1,8.55414706259,0,16,NaN,1,ok,4.70175184229,0,0,0,0
342,WLNM_dir_neg,0.863680555556,0.702473130987,00:00:00,10,40,42,508215988,fixed,validated_v2,/gpfs/scratch/acw792/wlnm_roleonly_v2_20260910/result_wlnm_dir_neg_roleonly_trophicv2_100x290_train10-90_Apocrita_20260910_011848/ecological_snapshots/Broadstone_Stream_tax_mass_K10_ratio0.4_exp42_seed508215988_threshold0.5_validated_v2.mat,role_only,2,uniform_without_replacement,uniform_remaining_nonlinks,176,0,176,407,198,198,176,22,0,22,0.111111111111,78,120,0.5,0.720930232558,0.516666666667,0.601941747573,31,12,29,108,0.516666666667,0.9,0.1,0.483333333333,0.720930232558,0.516666666667,0.601941747573,0.772222222222,0.587037037037,0.448430493274,0.460638777696,0.416666666667,99,39,60,0,99,0,39,0,60,23,99,0.195652173913,2.18974518502,8.60869565217,6.6,4.5,4.59979377438,0.534319478842,0.291611769873,4.28989068105,0.996641269334,0.541062801932,2.91445898002,0.677096530713,0.355731225296,1.07629584498,0.491516479791,2.88826011686,2.18974518502,1.07629584498,2.88826011686,0.351612638569,0.458912768647,121,0.0683229813665,0.291765337837,23,23,23,1,0,0.347826086957,0.608695652174,0.0434782608696,23,0.0770750988142,2.1884057971,3.39130434783,3,2.4375,2.16876861658,0.639508694632,0.355629877369,1.98711262912,1.17188693512,0.604236343367,1.55021355153,0.914228504746,0.490523968785,1.38390409815,0.632380018359,4,2.30158730159,1.39715003443,4,0.223015873016,0.266666666667,12,0.00677583286279,0.097212047212,23,21,21,0.913043478261,0,0.347826086957,0.347826086957,0.217391304348,23,82,0.162055335968,2.62170775209,7.13043478261,4.31578947368,4.1,4.07101001345,0.570934331155,0.316542948038,3.3279271047,0.933442968393,0.502651113468,3.11632194271,0.874090301003,0.453870625663,1.04449293129,0.398401740413,3.11722613911,2.62170775209,1.04449293129,3.11722613911,0.354442417486,0.433928571429,81,0.0457368718238,0.186526809772,23,23,23,1,0,0.173913043478,0.695652173913,0.130434782609,-17,-0.0335968379447,0.431962567066,-1.47826086957,-2.28421052632,-0.4,-0.528783760923,0.0366148523134,0.0249311781655,-0.961963576342,-0.0631983009414,-0.0384116884647,0.201862962682,0.19699377029,0.0981394003663,-0.0318029136955,-0.093114739378,0.228966022256,0.431962567066,-0.0318029136955,0.228966022256,0.00282977891674,-0.0249841972187,-40,-0.0225861095426,-0.105238528064,-0.173913043478,0.0869565217391,0.0869565217391,70,12,29,395,0.707070707071,0.970515970516,0.029484029484,0.292929292929,0.853658536585,0.707070707071,0.773480662983,0.729440388094,0.677586677587,0.630630630631,43,60,0,23,23,23,1,0,8,0,0.0386050732335,0,0,1,3.88826011686,0,16,NaN,1,ok,2.18974518502,0,23,21,21,0.913043478261,0,8,0,0.0664819944598,0,0,1,5,0,16,NaN,1,ok,2.30158730159,0,23,23,23,1,0,4,0,0.0166860953115,0,0,1,4.11722613911,0,16,NaN,1,ok,2.62170775209,0,0,0,0
343,WLNM_dir_neg,0.919652777778,0.666573620325,00:00:00,10,40,43,508215989,fixed,validated_v2,/gpfs/scratch/acw792/wlnm_roleonly_v2_20260910/result_wlnm_dir_neg_roleonly_trophicv2_100x290_train10-90_Apocrita_20260910_011848/ecological_snapshots/Broadstone_Stream_tax_mass_K10_ratio0.4_exp43_seed508215989_threshold0.5_validated_v2.mat,role_only,2,uniform_without_replacement,uniform_remaining_nonlinks,176,0,176,407,198,198,176,22,0,22,0.111111111111,78,120,0.5,0.733333333333,0.733333333333,0.733333333333,44,16,16,104,0.733333333333,0.866666666667,0.133333333333,0.266666666667,0.733333333333,0.733333333333,0.733333333333,0.822222222222,0.555555555556,0.6,0.6,0.6,99,39,60,0,99,0,39,0,60,23,99,0.195652173913,2.18974518502,8.60869565217,6.6,4.5,4.59979377438,0.534319478842,0.291611769873,4.28989068105,0.996641269334,0.541062801932,2.91445898002,0.677096530713,0.355731225296,1.07629584498,0.491516479791,2.88826011686,2.18974518502,1.07629584498,2.88826011686,0.351612638569,0.458912768647,121,0.0683229813665,0.291765337837,23,23,23,1,0,0.347826086957,0.608695652174,0.0434782608696,23,0.0770750988142,2.01594202899,3.39130434783,2.78571428571,2.16666666667,1.92446286331,0.567469818668,0.298773690078,1.79481026115,1.05847784632,0.559643255295,1.49041734877,0.87896407748,0.457079152731,1.01563681397,0.503802589247,3.2,2.06212121212,1.01452183094,3.2,0.0783333333333,0.0952380952381,4,0.00225861095426,0.104173207745,23,22,22,0.95652173913,0,0.347826086957,0.434782608696,0.173913043478,23,99,0.195652173913,NaN,8.60869565217,4.30434782609,4.71428571429,3.83452178404,0.445424247641,0.247694334651,3.53469533995,0.821191846654,0.437417654809,2.78689763339,0.647461066342,0.356609574001,NaN,NaN,NaN,NaN,NaN,NaN,0.474699795154,0.486486486486,126,0.0711462450593,0.139666668422,23,23,0,1,6,0,0.913043478261,0.0869565217391,0,0,NaN,0,-2.29565217391,0.214285714286,-0.76527199034,-0.0888952312011,-0.0439174352218,-0.7551953411,-0.17544942268,-0.103645147123,-0.127561346638,-0.0296354643706,0.000878348704436,NaN,NaN,NaN,NaN,NaN,NaN,0.123087156585,0.0275737178392,5,0.00282326369283,-0.152098669415,-0.347826086957,0.304347826087,0.0434782608696,83,16,16,391,0.838383838384,0.960687960688,0.039312039312,0.161616161616,0.838383838384,0.838383838384,0.838383838384,0.799071799072,0.799071799072,0.721739130435,60,60,0,23,23,23,1,0,8,0,0.0386050732335,0,0,1,3.88826011686,0,16,NaN,1,ok,2.18974518502,0,23,22,22,0.95652173913,0,8,0,0.0303573310846,0,0,1,4.2,0,16,NaN,1,ok,2.06212121212,0,23,23,0,1,6,0,23,NaN,NaN,NaN,NaN,NaN,0,0,NaN,0,no_basal_in_lcc,NaN,2,0,0,0
344,WLNM_dir_neg,0.849791666667,0.757016655298,00:00:00,10,40,44,508215990,fixed,validated_v2,/gpfs/scratch/acw792/wlnm_roleonly_v2_20260910/result_wlnm_dir_neg_roleonly_trophicv2_100x290_train10-90_Apocrita_20260910_011848/ecological_snapshots/Broadstone_Stream_tax_mass_K10_ratio0.4_exp44_seed508215990_threshold0.5_validated_v2.mat,role_only,2,uniform_without_replacement,uniform_remaining_nonlinks,176,0,176,407,198,198,176,22,0,22,0.111111111111,78,120,0.5,0.842105263158,0.533333333333,0.65306122449,32,6,28,114,0.533333333333,0.95,0.05,0.466666666667,0.842105263158,0.533333333333,0.65306122449,0.811111111111,0.596296296296,0.532110091743,0.558312080776,0.483333333333,99,39,60,0,99,0,39,0,60,23,99,0.195652173913,2.18974518502,8.60869565217,6.6,4.5,4.59979377438,0.534319478842,0.291611769873,4.28989068105,0.996641269334,0.541062801932,2.91445898002,0.677096530713,0.355731225296,1.07629584498,0.491516479791,2.88826011686,2.18974518502,1.07629584498,2.88826011686,0.351612638569,0.458912768647,121,0.0683229813665,0.291765337837,23,23,23,1,0,0.347826086957,0.608695652174,0.0434782608696,23,0.0770750988142,2.04952935903,3.39130434783,2.6,2.05263157895,2.10495369059,0.620691472866,0.344481605351,1.74342355488,1.0281728657,0.550724637681,1.63581457631,0.964711160387,0.465997770346,0.983683135597,0.479955620671,3.0618556701,2.14948453608,0.971470012685,3.0618556701,0.151540616246,0.225563909774,10,0.00564652738566,0.117766439909,23,21,21,0.913043478261,0,0.260869565217,0.565217391304,0.0869565217391,23,77,0.152173913043,1,6.69565217391,4.52941176471,3.5,4.23658076765,0.632736088674,0.345002823264,3.47207948762,1.03711465215,0.552230378317,2.53356908965,0.756780377427,0.406549971767,0,0,0,13.8815959714,9.59233138175,24.1989343229,0.3953858311,0.469667318982,80,0.0451722190853,0.150255198233,23,23,23,1,0,0.260869565217,0.695652173913,0.0434782608696,-22,-0.0434782608696,-1.18974518502,-1.91304347826,-2.07058823529,-1,-0.363213006731,0.0984166098327,0.0533910533911,-0.817811193423,0.0404733828132,0.011167576385,-0.380889890377,0.0796838467143,0.0508187464709,-1.07629584498,-0.491516479791,-2.88826011686,11.6918507864,8.51603553676,21.310674206,0.043773192531,0.0107545503351,-41,-0.0231507622812,-0.141510139604,-0.0869565217391,0.0869565217391,0,71,6,28,401,0.717171717172,0.985257985258,0.014742014742,0.282828282828,0.922077922078,0.717171717172,0.806818181818,0.775789077493,0.70242970243,0.67619047619,38,60,0,23,23,23,1,0,8,0,0.0386050732335,0,0,1,3.88826011686,0,16,NaN,1,ok,2.18974518502,0,23,21,21,0.913043478261,0,6,0,0.0320815466613,0,0,1,4.0618556701,0,16,NaN,1,ok,2.14948453608,0,23,23,23,1,0,6,0,0.00407158392353,0,0,1,25.1989343229,1,16,NaN,1,ok,NaN,3,0,0,0
345,WLNM_dir_neg,0.883333333333,0.645088827662,00:00:00,10,40,45,508215991,fixed,validated_v2,/gpfs/scratch/acw792/wlnm_roleonly_v2_20260910/result_wlnm_dir_neg_roleonly_trophicv2_100x290_train10-90_Apocrita_20260910_011848/ecological_snapshots/Broadstone_Stream_tax_mass_K10_ratio0.4_exp45_seed508215991_threshold0.5_validated_v2.mat,role_only,2,uniform_without_replacement,uniform_remaining_nonlinks,176,0,176,407,198,198,176,22,0,22,0.111111111111,78,120,0.5,0.75,0.65,0.696428571429,39,13,21,107,0.65,0.891666666667,0.108333333333,0.35,0.75,0.65,0.696428571429,0.811111111111,0.57037037037,0.560344827586,0.563367386791,0.541666666667,99,39,60,0,99,0,39,0,60,23,99,0.195652173913,2.18974518502,8.60869565217,6.6,4.5,4.59979377438,0.534319478842,0.291611769873,4.28989068105,0.996641269334,0.541062801932,2.91445898002,0.677096530713,0.355731225296,1.07629584498,0.491516479791,2.88826011686,2.18974518502,1.07629584498,2.88826011686,0.351612638569,0.458912768647,121,0.0683229813665,0.291765337837,23,23,23,1,0,0.347826086957,0.608695652174,0.0434782608696,23,0.0770750988142,1.98762077295,3.39130434783,2.6,2.4375,2.01672845864,0.594676340368,0.33110367893,1.66336959783,0.980961557692,0.521739130435,1.79481026115,1.05847784632,0.54403567447,0.866693265691,0.436045586506,2.40277777778,2.08167989418,0.848200439257,2.40277777778,0.158465608466,0.195652173913,9,0.00508187464709,0.136443688587,23,21,21,0.913043478261,0,0.260869565217,0.434782608696,0.217391304348,23,91,0.179841897233,1,7.91304347826,5.35294117647,4.33333333333,4.14414201536,0.523710254688,0.284280936455,3.72312504209,0.941009626023,0.515050167224,2.89950247879,0.732841285848,0.39082656474,0,0,0,132.510525277,92.0765977518,219.612678575,0.360140584054,0.438805970149,98,0.0553359683794,0.202659071235,23,23,23,1,0,0.260869565217,0.652173913043,0.0869565217391,-8,-0.0158102766798,-1.18974518502,-0.695652173913,-1.24705882353,-0.166666666667,-0.455651759016,-0.0106092241533,-0.00733083341779,-0.566765638955,-0.055631643311,-0.0260126347083,-0.014956501235,0.0557447551351,0.0350953394432,-1.07629584498,-0.491516479791,-2.88826011686,130.320780092,91.0003019068,216.724418458,0.00852794548447,-0.020106798498,-23,-0.012987012987,-0.0891062666018,-0.0869565217391,0.0434782608696,0.0434782608696,78,13,21,394,0.787878787879,0.968058968059,0.031941031941,0.212121212121,0.857142857143,0.787878787879,0.821052631579,0.780829287335,0.755937755938,0.696428571429,52,60,0,23,23,23,1,0,8,0,0.0386050732335,0,0,1,3.88826011686,0,16,NaN,1,ok,2.18974518502,0,23,21,21,0.913043478261,0,6,0,0.0237819983485,0,0,1,3.40277777778,0,16,NaN,1,ok,2.08167989418,0,23,23,23,1,0,6,0,0.000193361514301,0,0,1,220.612678575,1,16,NaN,1,ok,NaN,3,0,0,0
346,WLNM_dir_neg,0.667777777778,0.549078331488,00:00:00,10,40,46,508215992,fixed,validated_v2,/gpfs/scratch/acw792/wlnm_roleonly_v2_20260910/result_wlnm_dir_neg_roleonly_trophicv2_100x290_train10-90_Apocrita_20260910_011848/ecological_snapshots/Broadstone_Stream_tax_mass_K10_ratio0.4_exp46_seed508215992_threshold0.5_validated_v2.mat,role_only,2,uniform_without_replacement,uniform_remaining_nonlinks,176,0,176,407,198,198,176,22,0,22,0.111111111111,78,120,0.5,0.8,0.4,0.533333333333,24,6,36,114,0.4,0.95,0.05,0.6,0.8,0.4,0.533333333333,0.766666666667,0.611111111111,0.4,0.442718872424,0.35,99,39,60,0,99,0,39,0,60,23,99,0.195652173913,2.18974518502,8.60869565217,6.6,4.5,4.59979377438,0.534319478842,0.291611769873,4.28989068105,0.996641269334,0.541062801932,2.91445898002,0.677096530713,0.355731225296,1.07629584498,0.491516479791,2.88826011686,2.18974518502,1.07629584498,2.88826011686,0.351612638569,0.458912768647,121,0.0683229813665,0.291765337837,23,23,23,1,0,0.347826086957,0.608695652174,0.0434782608696,23,0.0770750988142,2.27955565365,3.39130434783,2.78571428571,2.16666666667,2.31082689716,0.681397674802,0.367892976589,1.84476612483,1.0879389967,0.561872909699,1.2223220305,0.72085658209,0.394648829431,1.27628325218,0.559882471017,3.45854483926,2.40141809685,1.2698305355,3.45854483926,0.186684303351,0.234042553191,11,0.00621118012422,0.0781397174254,23,21,21,0.913043478261,0,0.304347826087,0.478260869565,0.130434782609,23,69,0.136363636364,3.73562954324,6,4.6,3.63157894737,4.28528136342,0.714213560569,0.390674228103,3.33030165164,1.11010055055,0.570888468809,2.02259958739,0.674199862463,0.374291115312,2.46499447254,0.659860525251,6.00893642268,3.99616569021,2.42160640625,6.00893642268,0.563037240537,0.551020408163,81,0.0457368718238,0.132793331008,23,21,21,0.913043478261,0,0.260869565217,0.565217391304,0.0869565217391,-30,-0.0592885375494,1.54588435821,-2.60869565217,-2,-0.868421052632,-0.314512410962,0.179894081727,0.0990624582307,-0.959589029408,0.113459281212,0.0298256668767,-0.891859392635,-0.00289666824951,0.0185598900155,1.38869862756,0.16834404546,3.12067630582,1.80642050519,1.34531056126,3.12067630582,0.211424601968,0.092107639516,-40,-0.0225861095426,-0.158972006829,-0.0869565217391,-0.0434782608696,0.0434782608696,63,6,36,401,0.636363636364,0.985257985258,0.014742014742,0.363636363636,0.913043478261,0.636363636364,0.75,0.71858086791,0.621621621622,0.6,30,60,0,23,23,23,1,0,8,0,0.0386050732335,0,0,1,3.88826011686,0,16,NaN,1,ok,2.18974518502,0,23,21,21,0.913043478261,0,7,0,0.05467160037,0,0,1,4.45854483926,0,16,NaN,1,ok,2.40141809685,0,23,21,21,0.913043478261,0,6,0,0.0311005371825,0,0,1,7.00893642268,0,16,NaN,1,ok,3.99616569021,0,0,0,0
347,WLNM_dir_neg,0.856875,0.757556906738,00:00:00,10,40,47,508215993,fixed,validated_v2,/gpfs/scratch/acw792/wlnm_roleonly_v2_20260910/result_wlnm_dir_neg_roleonly_trophicv2_100x290_train10-90_Apocrita_20260910_011848/ecological_snapshots/Broadstone_Stream_tax_mass_K10_ratio0.4_exp47_seed508215993_threshold0.5_validated_v2.mat,role_only,2,uniform_without_replacement,uniform_remaining_nonlinks,176,0,176,407,198,198,176,22,0,22,0.111111111111,78,120,0.5,0.844444444444,0.633333333333,0.72380952381,38,7,22,113,0.633333333333,0.941666666667,0.0583333333333,0.366666666667,0.844444444444,0.633333333333,0.72380952381,0.838888888889,0.583333333333,0.613333333333,0.625980712045,0.575,99,39,60,0,99,0,39,0,60,23,99,0.195652173913,2.18974518502,8.60869565217,6.6,4.5,4.59979377438,0.534319478842,0.291611769873,4.28989068105,0.996641269334,0.541062801932,2.91445898002,0.677096530713,0.355731225296,1.07629584498,0.491516479791,2.88826011686,2.18974518502,1.07629584498,2.88826011686,0.351612638569,0.458912768647,121,0.0683229813665,0.291765337837,23,23,23,1,0,0.347826086957,0.608695652174,0.0434782608696,23,0.0770750988142,1.98680124224,3.39130434783,2.78571428571,2.29411764706,2.48155249124,0.731739837162,0.402452619844,1.94082415973,1.14458860702,0.584169453735,1.76930347386,1.04343538202,0.521739130435,0.973149011741,0.489806927363,3.0625,2.13482142857,0.959026051807,3.0625,0.246279761905,0.298136645963,16,0.00903444381705,0.130006105006,23,20,20,0.869565217391,0,0.260869565217,0.478260869565,0.130434782609,23,84,0.166007905138,2.77209122671,7.30434782609,5.25,4,4.72358475783,0.646681246608,0.360248447205,3.7490446741,1.02652413696,0.548654244306,2.67324616511,0.731960259495,0.405797101449,1.38867205847,0.500947459842,3.64410714286,2.77209122671,1.38867205847,3.64410714286,0.517383785805,0.460767946578,92,0.0519480519481,0.189151739464,23,23,23,1,0,0.304347826087,0.608695652174,0.0869565217391,-15,-0.0296442687747,0.582346041683,-1.30434782609,-1.35,-0.5,0.123790983455,0.112361767766,0.0686366773323,-0.54084600695,0.0298828676211,0.00759144237405,-0.241212814912,0.0548637287823,0.0500658761528,0.312376213486,0.0094309800507,0.755847025999,0.582346041683,0.312376213486,0.755847025999,0.165771147236,0.00185517793035,-29,-0.0163749294184,-0.102613598373,-0.0434782608696,0,0.0434782608696,77,7,22,400,0.777777777778,0.982800982801,0.017199017199,0.222222222222,0.916666666667,0.777777777778,0.841530054645,0.810892207241,0.760578760579,0.72641509434,45,60,0,23,23,23,1,0,8,0,0.0386050732335,0,0,1,3.88826011686,0,16,NaN,1,ok,2.18974518502,0,23,20,20,0.869565217391,0,6,0,0.0370125578321,0,0,1,4.0625,0,16,NaN,1,ok,2.13482142857,0,23,23,23,1,0,7,0,0.0335477883549,0,0,1,4.64410714286,0,16,NaN,1,ok,2.77209122671,0,0,0,0
348,WLNM_dir_neg,0.829722222222,0.666617513093,00:00:00,10,40,48,508215994,fixed,validated_v2,/gpfs/scratch/acw792/wlnm_roleonly_v2_20260910/result_wlnm_dir_neg_roleonly_trophicv2_100x290_train10-90_Apocrita_20260910_011848/ecological_snapshots/Broadstone_Stream_tax_mass_K10_ratio0.4_exp48_seed508215994_threshold0.5_validated_v2.mat,role_only,2,uniform_without_replacement,uniform_remaining_nonlinks,176,0,176,407,198,198,176,22,0,22,0.111111111111,78,120,0.5,0.782608695652,0.6,0.679245283019,36,10,24,110,0.6,0.916666666667,0.0833333333333,0.4,0.782608695652,0.6,0.679245283019,0.811111111111,0.581481481481,0.548672566372,0.558399957606,0.516666666667,99,39,60,0,99,0,39,0,60,23,99,0.195652173913,2.18974518502,8.60869565217,6.6,4.5,4.59979377438,0.534319478842,0.291611769873,4.28989068105,0.996641269334,0.541062801932,2.91445898002,0.677096530713,0.355731225296,1.07629584498,0.491516479791,2.88826011686,2.18974518502,1.07629584498,2.88826011686,0.351612638569,0.458912768647,121,0.0683229813665,0.291765337837,23,23,23,1,0,0.347826086957,0.608695652174,0.0434782608696,23,0.0770750988142,2.18297101449,3.39130434783,2.78571428571,2.16666666667,2.16876861658,0.639508694632,0.353400222965,1.91726089202,1.13069232093,0.590858416945,1.55021355153,0.914228504746,0.477146042363,1.15802666057,0.530481922519,3.5,2.23674242424,1.15551546908,3.5,0.217086834734,0.155555555556,7,0.00395256916996,0.0928266178266,23,22,22,0.95652173913,0,0.347826086957,0.434782608696,0.173913043478,23,85,0.167984189723,3.93987495229,7.39130434783,4.72222222222,3.86363636364,3.90499831725,0.528323301745,0.292071611253,3.78315383832,1.02367692096,0.543222506394,2.85139172732,0.771553055627,0.415345268542,1.99850029639,0.507249676852,6.44069897366,3.93987495229,1.99850029639,6.44069897366,0.442750486229,0.474683544304,100,0.0564652738566,0.156253039186,23,23,23,1,0,0.217391304348,0.739130434783,0.0434782608696,-14,-0.0276679841897,1.75012976726,-1.21739130435,-1.87777777778,-0.636363636364,-0.694795457129,-0.00599617709651,0.000459841380557,-0.506736842723,0.0270356516241,0.00215970446149,-0.063067252708,0.0944565249141,0.0596140432458,0.922204451403,0.0157331970611,3.55243885681,1.75012976726,0.922204451403,3.55243885681,0.0911378476596,0.0157707756565,-21,-0.0118577075099,-0.13551229865,-0.130434782609,0.130434782609,0,75,10,24,397,0.757575757576,0.97542997543,0.02457002457,0.242424242424,0.882352941176,0.757575757576,0.815217391304,0.777806668984,0.733005733006,0.688073394495,46,60,0,23,23,23,1,0,8,0,0.0386050732335,0,0,1,3.88826011686,0,16,NaN,1,ok,2.18974518502,0,23,22,22,0.95652173913,0,8,0,0.0604195804196,0,0,1,4.5,0,16,NaN,1,ok,2.23674242424,0,23,23,23,1,0,5,0,0.0223100284308,0,0,1,7.44069897366,0,16,NaN,1,ok,3.93987495229,0,0,0,0
349,WLNM_dir_neg,0.74,0.524996691694,00:00:00,10,40,49,508215995,fixed,validated_v2,/gpfs/scratch/acw792/wlnm_roleonly_v2_20260910/result_wlnm_dir_neg_roleonly_trophicv2_100x290_train10-90_Apocrita_20260910_011848/ecological_snapshots/Broadstone_Stream_tax_mass_K10_ratio0.4_exp49_seed508215995_threshold0.5_validated_v2.mat,role_only,2,uniform_without_replacement,uniform_remaining_nonlinks,176,0,176,407,198,198,176,22,0,22,0.111111111111,78,120,0.5,0.75,0.45,0.5625,27,9,33,111,0.45,0.925,0.075,0.55,0.75,0.45,0.5625,0.766666666667,0.6,0.416666666667,0.441941738242,0.375,99,39,60,0,99,0,39,0,60,23,99,0.195652173913,2.18974518502,8.60869565217,6.6,4.5,4.59979377438,0.534319478842,0.291611769873,4.28989068105,0.996641269334,0.541062801932,2.91445898002,0.677096530713,0.355731225296,1.07629584498,0.491516479791,2.88826011686,2.18974518502,1.07629584498,2.88826011686,0.351612638569,0.458912768647,121,0.0683229813665,0.291765337837,23,23,23,1,0,0.347826086957,0.608695652174,0.0434782608696,23,0.0770750988142,2.10619679234,3.39130434783,2.78571428571,2.6,2.84028056288,0.837518627517,0.46265328874,1.86924346896,1.10237435349,0.581939799331,1.91726089202,1.13069232093,0.577480490524,1.13289621269,0.537887160787,3.26923076923,2.4134736791,1.09593054692,3.26923076923,0.244217687075,0.248275862069,12,0.00677583286279,0.173669980813,23,18,18,0.782608695652,0,0.173913043478,0.478260869565,0.130434782609,23,75,0.148221343874,1,6.52173913043,4.16666666667,5,5.45118473543,0.835848326099,0.461449275362,3.68309888427,1.12948365784,0.577391304348,3.29210337991,1.00957836984,0.543768115942,0,0,0,NaN,NaN,NaN,0.640476190476,0.589694656489,103,0.0581592320723,0.20840811331,23,18,0,0.782608695652,6,0,0.652173913043,0.130434782609,-24,-0.0474308300395,-1.18974518502,-2.08695652174,-2.43333333333,0.5,0.851390961051,0.301528847257,0.16983750549,-0.606791796778,0.132842388508,0.0363285024155,0.377644399888,0.332481839127,0.188036890646,-1.07629584498,-0.491516479791,-2.88826011686,NaN,NaN,NaN,0.288863551907,0.130781887841,-18,-0.0101637492942,-0.0833572245267,-0.347826086957,0.0434782608696,0.0869565217391,66,9,33,398,0.666666666667,0.977886977887,0.022113022113,0.333333333333,0.88,0.666666666667,0.758620689655,0.719622284329,0.644553644554,0.611111111111,36,60,0,23,23,23,1,0,8,0,0.0386050732335,0,0,1,3.88826011686,0,16,NaN,1,ok,2.18974518502,0,23,18,18,0.782608695652,0,4,0,0.0273717258775,0,0,1,4.26923076923,0,16,NaN,1,ok,2.4134736791,0,23,18,0,0.782608695652,6,0,18,NaN,NaN,NaN,NaN,NaN,0,0,NaN,0,no_basal_in_lcc,NaN,2,0,0,0
350,WLNM_dir_neg,0.772291666667,0.65697802655,00:00:01,10,40,50,508215996,fixed,validated_v2,/gpfs/scratch/acw792/wlnm_roleonly_v2_20260910/result_wlnm_dir_neg_roleonly_trophicv2_100x290_train10-90_Apocrita_20260910_011848/ecological_snapshots/Broadstone_Stream_tax_mass_K10_ratio0.4_exp50_seed508215996_threshold0.5_validated_v2.mat,role_only,2,uniform_without_replacement,uniform_remaining_nonlinks,176,0,176,407,198,198,176,22,0,22,0.111111111111,78,120,0.5,0.785714285714,0.55,0.647058823529,33,9,27,111,0.55,0.925,0.075,0.45,0.785714285714,0.55,0.647058823529,0.8,0.588888888889,0.513513513514,0.529414301947,0.475,99,39,60,0,99,0,39,0,60,23,99,0.195652173913,2.18974518502,8.60869565217,6.6,4.5,4.59979377438,0.534319478842,0.291611769873,4.28989068105,0.996641269334,0.541062801932,2.91445898002,0.677096530713,0.355731225296,1.07629584498,0.491516479791,2.88826011686,2.18974518502,1.07629584498,2.88826011686,0.351612638569,0.458912768647,121,0.0683229813665,0.291765337837,23,23,23,1,0,0.347826086957,0.608695652174,0.0434782608696,23,0.0770750988142,2.02530570652,3.39130434783,2.78571428571,2.16666666667,1.8522499938,0.546176280223,0.303232998885,1.86924346896,1.10237435349,0.581939799331,1.25895998235,0.742463579334,0.405797101449,1.00004152355,0.493773122907,2.79296875,2.07191051136,0.997682817952,2.79296875,0.114536340852,0.160305343511,7,0.00395256916996,0.0978894121751,23,22,22,0.95652173913,0,0.347826086957,0.434782608696,0.173913043478,23,81,0.160079051383,2.69080038814,7.04347826087,5.4,3.85714285714,4.26910956087,0.606108147531,0.332259796028,4.11062442964,1.16721434422,0.608695652174,2.10776842823,0.598502146287,0.319914117016,1.56364258476,0.581106867552,4,2.69080038814,1.56364258476,4,0.424821895276,0.491712707182,89,0.0502540937324,0.150813410834,23,23,23,1,0,0.347826086957,0.565217391304,0.0869565217391,-18,-0.0355731225296,0.501055203118,-1.5652173913,-1.2,-0.642857142857,-0.33068421351,0.0717886686887,0.0406480261553,-0.179266251404,0.170573074886,0.0676328502415,-0.806690551796,-0.0785943844257,-0.0358171082809,0.487346739777,0.0895903877603,1.11173988314,0.501055203118,0.487346739777,1.11173988314,0.0732092567073,0.032799938535,-32,-0.0180688876341,-0.140951927002,0,-0.0434782608696,0.0434782608696,72,9,27,398,0.727272727273,0.977886977887,0.022113022113,0.272727272727,0.888888888889,0.727272727273,0.8,0.76289595984,0.70515970516,0.666666666667,42,60,0,23,23,23,1,0,8,0,0.0386050732335,0,0,1,3.88826011686,0,16,NaN,1,ok,2.18974518502,0,23,22,22,0.95652173913,0,8,0,0.0304842887054,0,0,1,3.79296875,0,16,NaN,1,ok,2.07191051136,0,23,23,23,1,0,8,0,0.0220797651516,0,0,1,5,0,16,NaN,1,ok,2.69080038814,0,0,0,0
351,WLNM_dir_neg,0.847916666667,0.710123668647,00:00:00,10,40,51,508215997,fixed,validated_v2,/gpfs/scratch/acw792/wlnm_roleonly_v2_20260910/result_wlnm_dir_neg_roleonly_trophicv2_100x290_train10-90_Apocrita_20260910_011848/ecological_snapshots/Broadstone_Stream_tax_mass_K10_ratio0.4_exp51_seed508215997_threshold0.5_validated_v2.mat,role_only,2,uniform_without_replacement,uniform_remaining_nonlinks,176,0,176,407,198,198,176,22,0,22,0.111111111111,78,120,0.5,0.846153846154,0.55,0.666666666667,33,6,27,114,0.55,0.95,0.05,0.45,0.846153846154,0.55,0.666666666667,0.816666666667,0.594444444444,0.547945205479,0.572129567691,0.5,99,39,60,0,99,0,39,0,60,23,99,0.195652173913,2.18974518502,8.60869565217,6.6,4.5,4.59979377438,0.534319478842,0.291611769873,4.28989068105,0.996641269334,0.541062801932,2.91445898002,0.677096530713,0.355731225296,1.07629584498,0.491516479791,2.88826011686,2.18974518502,1.07629584498,2.88826011686,0.351612638569,0.458912768647,121,0.0683229813665,0.291765337837,23,23,23,1,0,0.347826086957,0.608695652174,0.0434782608696,23,0.0770750988142,2.12252749847,3.39130434783,3,2.16666666667,2.27114569475,0.669696807427,0.373467112598,1.91726089202,1.13069232093,0.593088071349,1.42811963494,0.842224400092,0.452619843924,1.20855484927,0.569394201083,3.44951140065,2.22943487927,1.21188194974,3.44951140065,0.136134453782,0.194244604317,9,0.00508187464709,0.112388074888,23,21,21,0.913043478261,0,0.347826086957,0.434782608696,0.130434782609,23,78,0.154150197628,3.54177507318,6.78260869565,5.2,3.71428571429,4.3165276632,0.636411129831,0.347826086957,3.73848693792,1.10237435349,0.581939799331,1.99406233227,0.587992739003,0.315496098105,2.08223153959,0.587906204253,5.68071602674,3.54177507318,2.08223153959,5.68071602674,0.351706506054,0.37125748503,62,0.0350084697911,0.157979322265,23,23,23,1,0,0.347826086957,0.565217391304,0.0869565217391,-21,-0.0415019762846,1.35202988816,-1.82608695652,-1.4,-0.785714285714,-0.283266111174,0.102091650989,0.0562143170839,-0.55140374313,0.105733084154,0.0408769973987,-0.920396647754,-0.0891037917099,-0.0402351271916,1.00593569461,0.0963897244621,2.79245590988,1.35202988816,1.00593569461,2.79245590988,9.38674851718e-05,-0.0876552836173,-59,-0.0333145115754,-0.133786015572,0,-0.0434782608696,0.0434782608696,72,6,27,401,0.727272727273,0.985257985258,0.014742014742,0.272727272727,0.923076923077,0.727272727273,0.813559322034,0.782797093979,0.712530712531,0.685714285714,39,60,0,23,23,23,1,0,8,0,0.0386050732335,0,0,1,3.88826011686,0,16,NaN,1,ok,2.18974518502,0,23,21,21,0.913043478261,0,8,0,0.0593848732994,0,0,1,4.44951140065,0,16,NaN,1,ok,2.22943487927,0,23,23,23,1,0,8,0,0.0308178523493,0,0,1,6.68071602674,0,16,NaN,1,ok,3.54177507318,0,0,0,0
352,WLNM_dir_neg,0.855763888889,0.713256048047,00:00:00,10,40,52,508215998,fixed,validated_v2,/gpfs/scratch/acw792/wlnm_roleonly_v2_20260910/result_wlnm_dir_neg_roleonly_trophicv2_100x290_train10-90_Apocrita_20260910_011848/ecological_snapshots/Broadstone_Stream_tax_mass_K10_ratio0.4_exp52_seed508215998_threshold0.5_validated_v2.mat,role_only,2,uniform_without_replacement,uniform_remaining_nonlinks,176,0,176,407,198,198,176,22,0,22,0.111111111111,78,120,0.5,0.8,0.533333333333,0.64,32,8,28,112,0.533333333333,0.933333333333,0.0666666666667,0.466666666667,0.8,0.533333333333,0.64,0.8,0.592592592593,0.509090909091,0.529150262213,0.466666666667,99,39,60,0,99,0,39,0,60,23,99,0.195652173913,2.18974518502,8.60869565217,6.6,4.5,4.59979377438,0.534319478842,0.291611769873,4.28989068105,0.996641269334,0.541062801932,2.91445898002,0.677096530713,0.355731225296,1.07629584498,0.491516479791,2.88826011686,2.18974518502,1.07629584498,2.88826011686,0.351612638569,0.458912768647,121,0.0683229813665,0.291765337837,23,23,23,1,0,0.347826086957,0.608695652174,0.0434782608696,23,0.0770750988142,1.74327122153,3.39130434783,3,2.29411764706,1.75134053681,0.516420927522,0.278706800446,1.84476612483,1.0879389967,0.555183946488,1.52060940561,0.896769649462,0.47491638796,0.720033029436,0.413035573893,2.09523809524,1.81405895692,0.713992759274,2.09523809524,0.121088435374,0.141732283465,6,0.00338791643139,0.133903133903,23,21,21,0.913043478261,0,0.347826086957,0.391304347826,0.173913043478,23,79,0.156126482213,6.07001879907,6.86956521739,4.9375,3.59090909091,3.64697069592,0.53088813928,0.293340671436,3.3279271047,0.968890169724,0.519537699505,2.40881122994,0.701299472009,0.346725371491,4.13630348204,0.681431741641,10.9004603314,6.07001879907,4.13630348204,10.9004603314,0.298208796035,0.361581920904,64,0.0361377752682,0.172832838458,23,23,23,1,0,0.304347826087,0.652173913043,0.0434782608696,-20,-0.0395256916996,3.88027361404,-1.73913043478,-1.6625,-0.909090909091,-0.952823078455,-0.00343133956194,0.00172890156379,-0.961963576342,-0.02775109961,-0.0215251024277,-0.505647750081,0.0242029412961,-0.00900585380497,3.06000763706,0.18991526185,8.01220021451,3.88027361404,3.06000763706,8.01220021451,-0.0534038425343,-0.0973308477433,-57,-0.0321852060982,-0.118932499379,-0.0434782608696,0.0434782608696,0,71,8,28,399,0.717171717172,0.980343980344,0.019656019656,0.282828282828,0.898734177215,0.717171717172,0.797752808989,0.762327004794,0.697515697516,0.663551401869,40,60,0,23,23,23,1,0,8,0,0.0386050732335,0,0,1,3.88826011686,0,16,NaN,1,ok,2.18974518502,0,23,21,21,0.913043478261,0,8,0,0.0736842105263,0,0,1,3.09523809524,0,16,NaN,1,ok,1.81405895692,0,23,23,23,1,0,7,0,0.00708109498284,0,0,1,11.9004603314,0,16,NaN,1,ok,6.07001879907,0,0,0,0
353,WLNM_dir_neg,0.813888888889,0.73465759354,00:00:00,10,40,53,508215999,fixed,validated_v2,/gpfs/scratch/acw792/wlnm_roleonly_v2_20260910/result_wlnm_dir_neg_roleonly_trophicv2_100x290_train10-90_Apocrita_20260910_011848/ecological_snapshots/Broadstone_Stream_tax_mass_K10_ratio0.4_exp53_seed508215999_threshold0.5_validated_v2.mat,role_only,2,uniform_without_replacement,uniform_remaining_nonlinks,176,0,176,407,198,198,176,22,0,22,0.111111111111,78,120,0.5,0.857142857143,0.5,0.631578947368,30,5,30,115,0.5,0.958333333333,0.0416666666667,0.5,0.857142857143,0.5,0.631578947368,0.805555555556,0.601851851852,0.511627906977,0.545920833684,0.458333333333,99,39,60,0,99,0,39,0,60,23,99,0.195652173913,2.18974518502,8.60869565217,6.6,4.5,4.59979377438,0.534319478842,0.291611769873,4.28989068105,0.996641269334,0.541062801932,2.91445898002,0.677096530713,0.355731225296,1.07629584498,0.491516479791,2.88826011686,2.18974518502,1.07629584498,2.88826011686,0.351612638569,0.458912768647,121,0.0683229813665,0.291765337837,23,23,23,1,0,0.347826086957,0.608695652174,0.0434782608696,23,0.0770750988142,1.76166321601,3.39130434783,3.25,2.05263157895,1.92446286331,0.567469818668,0.314381270903,2.03234711174,1.19856368128,0.613154960981,1.29456144237,0.763459312165,0.403567447046,0.812048190276,0.460955410146,2.10367063492,1.83420256992,0.813527103693,2.10367063492,0.16992481203,0.223880597015,10,0.00564652738566,0.107317219817,23,21,21,0.913043478261,0,0.391304347826,0.434782608696,0.0869565217391,23,74,0.146245059289,2.20557228982,6.4347826087,5.28571428571,3.52380952381,3.83555243095,0.596065580486,0.329612220917,3.82523346571,1.18892391502,0.615746180964,2.1096428336,0.655699799634,0.359576968273,1.10459125147,0.500818430013,2.83892387872,2.32038869838,1.08763579081,2.83892387872,0.374109488395,0.432806324111,73,0.0412196499153,0.173383687346,23,21,21,0.913043478261,0,0.304347826087,0.608695652174,0,-25,-0.0494071146245,0.0158271047974,-2.17391304348,-1.31428571429,-0.97619047619,-0.764241343424,0.0617461016442,0.0380004510439,-0.464657215336,0.192282645684,0.0746833790312,-0.804816146421,-0.0213967310792,0.00384574297618,0.0282954064855,0.00930195022165,-0.0493362381385,0.130643513352,0.0113399458253,-0.0493362381385,0.022496849826,-0.0261064445366,-48,-0.0271033314512,-0.118381650491,-0.0434782608696,0,-0.0434782608696,69,5,30,402,0.69696969697,0.987714987715,0.012285012285,0.30303030303,0.932432432432,0.69696969697,0.797687861272,0.768683718081,0.684684684685,0.663461538462,35,60,0,23,23,23,1,0,8,0,0.0386050732335,0,0,1,3.88826011686,0,16,NaN,1,ok,2.18974518502,0,23,21,21,0.913043478261,0,9,0,0.0603015075377,0,0,1,3.10367063492,0,16,NaN,1,ok,1.83420256992,0,23,21,21,0.913043478261,0,7,0,0.0243415467555,0,0,1,3.83892387872,0,16,NaN,1,ok,2.32038869838,0,0,0,0
354,WLNM_dir_neg,0.835347222222,0.620812034865,00:00:00,10,40,54,508216000,fixed,validated_v2,/gpfs/scratch/acw792/wlnm_roleonly_v2_20260910/result_wlnm_dir_neg_roleonly_trophicv2_100x290_train10-90_Apocrita_20260910_011848/ecological_snapshots/Broadstone_Stream_tax_mass_K10_ratio0.4_exp54_seed508216000_threshold0.5_validated_v2.mat,role_only,2,uniform_without_replacement,uniform_remaining_nonlinks,176,0,176,407,198,198,176,22,0,22,0.111111111111,78,120,0.5,0.696428571429,0.65,0.672413793103,39,17,21,103,0.65,0.858333333333,0.141666666667,0.35,0.696428571429,0.65,0.672413793103,0.788888888889,0.562962962963,0.516949152542,0.517618727893,0.508333333333,99,39,60,0,99,0,39,0,60,23,99,0.195652173913,2.18974518502,8.60869565217,6.6,4.5,4.59979377438,0.534319478842,0.291611769873,4.28989068105,0.996641269334,0.541062801932,2.91445898002,0.677096530713,0.355731225296,1.07629584498,0.491516479791,2.88826011686,2.18974518502,1.07629584498,2.88826011686,0.351612638569,0.458912768647,121,0.0683229813665,0.291765337837,23,23,23,1,0,0.347826086957,0.608695652174,0.0434782608696,23,0.0770750988142,1.81755233494,3.39130434783,3.25,2.29411764706,2.14770766664,0.633298414522,0.329988851728,2.11992243873,1.250210669,0.63768115942,1.25895998235,0.742463579334,0.403567447046,0.929017208359,0.511136428095,2.98148148148,1.85471380471,0.933218500129,2.98148148148,0.293015873016,0.3125,15,0.00846979107849,0.0815416065416,23,22,22,0.95652173913,0,0.434782608696,0.304347826087,0.217391304348,23,95,0.187747035573,4.46814278373,8.26086956522,4.75,4.31818181818,4.41297046222,0.534201687531,0.291533180778,3.78158634133,0.915541956321,0.488787185355,2.75193069129,0.666256904206,0.338672768879,1.53423627722,0.343372258113,5.1642239414,4.46814278373,1.53423627722,5.1642239414,0.595332204028,0.500765696784,109,0.0615471485037,0.198725593496,23,23,23,1,0,0.130434782609,0.826086956522,0.0434782608696,-4,-0.00790513833992,2.27839759871,-0.347826086957,-1.85,-0.181818181818,-0.186823312161,-0.000117791310315,-7.85890946073e-05,-0.508304339719,-0.0810993130127,-0.0522756165777,-0.162528288738,-0.0108396265066,-0.0170584564177,0.457940432237,-0.148144221679,2.27596382455,2.27839759871,0.457940432237,2.27596382455,0.243719565459,0.0418529281368,-12,-0.00677583286279,-0.0930397443411,-0.217391304348,0.217391304348,0,78,17,21,390,0.787878787879,0.958230958231,0.041769041769,0.212121212121,0.821052631579,0.787878787879,0.80412371134,0.75793995455,0.74610974611,0.672413793103,56,60,0,23,23,23,1,0,8,0,0.0386050732335,0,0,1,3.88826011686,0,16,NaN,1,ok,2.18974518502,0,23,22,22,0.95652173913,0,10,0,0.0875297168792,0,0,1,3.98148148148,0,16,NaN,1,ok,1.85471380471,0,23,23,23,1,0,3,0,0.00794402747339,0,0,1,6.1642239414,0,16,NaN,1,ok,4.46814278373,0,0,0,0
355,WLNM_dir_neg,0.718958333333,0.550993853014,00:00:00,10,40,55,508216001,fixed,validated_v2,/gpfs/scratch/acw792/wlnm_roleonly_v2_20260910/result_wlnm_dir_neg_roleonly_trophicv2_100x290_train10-90_Apocrita_20260910_011848/ecological_snapshots/Broadstone_Stream_tax_mass_K10_ratio0.4_exp55_seed508216001_threshold0.5_validated_v2.mat,role_only,2,uniform_without_replacement,uniform_remaining_nonlinks,176,0,176,407,198,198,176,22,0,22,0.111111111111,78,120,0.5,0.657142857143,0.383333333333,0.484210526316,23,12,37,108,0.383333333333,0.9,0.1,0.616666666667,0.657142857143,0.383333333333,0.484210526316,0.727777777778,0.601851851852,0.316279069767,0.33747833355,0.283333333333,99,39,60,0,99,0,39,0,60,23,99,0.195652173913,2.18974518502,8.60869565217,6.6,4.5,4.59979377438,0.534319478842,0.291611769873,4.28989068105,0.996641269334,0.541062801932,2.91445898002,0.677096530713,0.355731225296,1.07629584498,0.491516479791,2.88826011686,2.18974518502,1.07629584498,2.88826011686,0.351612638569,0.458912768647,121,0.0683229813665,0.291765337837,23,23,23,1,0,0.347826086957,0.608695652174,0.0434782608696,23,0.0770750988142,1.94456096593,3.39130434783,2.78571428571,2.05263157895,2.53590812916,0.747767781675,0.399108138239,2.11992243873,1.250210669,0.626532887402,1.32920969714,0.783892898314,0.416945373467,0.938098912432,0.482421959952,2.63233376793,1.98749555529,0.936759886233,2.63233376793,0.140056022409,0.192857142857,9,0.00508187464709,0.0916940202654,23,22,22,0.95652173913,0,0.347826086957,0.478260869565,0.130434782609,23,74,0.146245059289,4.40236313311,6.4347826087,3.89473684211,3.7,4.21928566721,0.655699799634,0.357226792009,3.38387246884,1.05174414572,0.519388954172,2.43004904064,0.755285512632,0.418331374853,2.13116215178,0.484095038811,6.67965552552,4.40236313311,2.13116215178,6.67965552552,0.541096205382,0.438133874239,72,0.0406549971767,0.130346542576,23,23,23,1,0,0.173913043478,0.695652173913,0.130434782609,-25,-0.0494071146245,2.21261794808,-2.17391304348,-2.70526315789,-0.8,-0.38050810717,0.121380320792,0.0656150221368,-0.906018212207,0.0551028763864,-0.0216738477608,-0.484409939383,0.078188981919,0.0626001495567,1.0548663068,-0.00742144098031,3.79139540866,2.21261794808,1.0548663068,3.79139540866,0.189483566813,-0.0207788944079,-49,-0.0276679841897,-0.161418795261,-0.173913043478,0.0869565217391,0.0869565217391,62,12,37,395,0.626262626263,0.970515970516,0.029484029484,0.373737373737,0.837837837838,0.626262626263,0.71676300578,0.669993065281,0.596778596779,0.558558558559,35,60,0,23,23,23,1,0,8,0,0.0386050732335,0,0,1,3.88826011686,0,16,NaN,1,ok,2.18974518502,0,23,22,22,0.95652173913,0,8,0,0.0447366959227,0,0,1,3.63233376793,0,16,NaN,1,ok,1.98749555529,0,23,23,23,1,0,4,0,0.0154308547348,0,0,1,7.67965552552,0,16,NaN,1,ok,4.40236313311,0,0,0,0
356,WLNM_dir_neg,0.840763888889,0.592965006493,00:00:00,10,40,56,508216002,fixed,validated_v2,/gpfs/scratch/acw792/wlnm_roleonly_v2_20260910/result_wlnm_dir_neg_roleonly_trophicv2_100x290_train10-90_Apocrita_20260910_011848/ecological_snapshots/Broadstone_Stream_tax_mass_K10_ratio0.4_exp56_seed508216002_threshold0.5_validated_v2.mat,role_only,2,uniform_without_replacement,uniform_remaining_nonlinks,176,0,176,407,198,198,176,22,0,22,0.111111111111,78,120,0.5,0.695652173913,0.533333333333,0.603773584906,32,14,28,106,0.533333333333,0.883333333333,0.116666666667,0.466666666667,0.695652173913,0.533333333333,0.603773584906,0.766666666667,0.581481481481,0.442477876106,0.450322546456,0.416666666667,99,39,60,0,99,0,39,0,60,23,99,0.195652173913,2.18974518502,8.60869565217,6.6,4.5,4.59979377438,0.534319478842,0.291611769873,4.28989068105,0.996641269334,0.541062801932,2.91445898002,0.677096530713,0.355731225296,1.07629584498,0.491516479791,2.88826011686,2.18974518502,1.07629584498,2.88826011686,0.351612638569,0.458912768647,121,0.0683229813665,0.291765337837,23,23,23,1,0,0.347826086957,0.608695652174,0.0434782608696,23,0.0770750988142,2.0543535319,3.39130434783,2.78571428571,2.29411764706,2.23075874648,0.657787835499,0.366778149387,1.86924346896,1.10237435349,0.581939799331,1.4596008984,0.860790273415,0.452619843924,1.05544528853,0.513760300817,2.88188976378,2.15476815398,1.0505274126,2.88188976378,0.145098039216,0.214285714286,9,0.00508187464709,0.103706610849,23,21,21,0.913043478261,0,0.304347826087,0.434782608696,0.173913043478,23,85,0.167984189723,3.23020959913,7.39130434783,5,3.69565217391,4.54011544141,0.614250912662,0.335038363171,3.98217371669,1.07752935863,0.565728900256,2.00985713216,0.543843694585,0.299744245524,1.51851907181,0.470099238211,4.04866580882,3.23020959913,1.51851907181,4.04866580882,0.35381260154,0.362376237624,61,0.0344438170525,0.131554833941,23,23,23,1,0,0.260869565217,0.739130434783,0,-14,-0.0276679841897,1.0404644141,-1.21739130435,-1.6,-0.804347826087,-0.0596783329655,0.0799314338198,0.0434265932987,-0.307716964359,0.080888089299,0.0246660983234,-0.904601847863,-0.133252836128,-0.0559869797721,0.442223226828,-0.0214172415802,1.16040569196,1.0404644141,0.442223226828,1.16040569196,0.00219996297071,-0.0965365310235,-60,-0.0338791643139,-0.160210503896,-0.0869565217391,0.130434782609,-0.0434782608696,71,14,28,393,0.717171717172,0.965601965602,0.034398034398,0.282828282828,0.835294117647,0.717171717172,0.771739130435,0.724504461501,0.682773682774,0.628318584071,46,60,0,23,23,23,1,0,8,0,0.0386050732335,0,0,1,3.88826011686,0,16,NaN,1,ok,2.18974518502,0,23,21,21,0.913043478261,0,7,0,0.0282684201496,0,0,1,3.88188976378,0,16,NaN,1,ok,2.15476815398,0,23,23,23,1,0,6,0,0.0263442717074,0,0,1,5.04866580882,0,16,NaN,1,ok,3.23020959913,0,0,0,0
357,WLNM_dir_neg,0.908611111111,0.583220327514,00:00:00,10,40,57,508216003,fixed,validated_v2,/gpfs/scratch/acw792/wlnm_roleonly_v2_20260910/result_wlnm_dir_neg_roleonly_trophicv2_100x290_train10-90_Apocrita_20260910_011848/ecological_snapshots/Broadstone_Stream_tax_mass_K10_ratio0.4_exp57_seed508216003_threshold0.5_validated_v2.mat,role_only,2,uniform_without_replacement,uniform_remaining_nonlinks,176,0,176,407,198,198,176,22,0,22,0.111111111111,78,120,0.5,0.671641791045,0.75,0.708661417323,45,22,15,98,0.75,0.816666666667,0.183333333333,0.25,0.671641791045,0.75,0.708661417323,0.794444444444,0.542592592593,0.550607287449,0.552608157728,0.566666666667,99,39,60,0,99,0,39,0,60,23,99,0.195652173913,2.18974518502,8.60869565217,6.6,4.5,4.59979377438,0.534319478842,0.291611769873,4.28989068105,0.996641269334,0.541062801932,2.91445898002,0.677096530713,0.355731225296,1.07629584498,0.491516479791,2.88826011686,2.18974518502,1.07629584498,2.88826011686,0.351612638569,0.458912768647,121,0.0683229813665,0.291765337837,23,23,23,1,0,0.347826086957,0.608695652174,0.0434782608696,23,0.0770750988142,2.16590752243,3.39130434783,3,2.29411764706,2.16876861658,0.639508694632,0.353400222965,1.79481026115,1.05847784632,0.564102564103,1.36297744291,0.803807209921,0.441471571906,1.20594341803,0.556784352767,3.15119047619,2.27694633409,1.20451207822,3.15119047619,0.209259259259,0.291044776119,13,0.00734048560136,0.089010989011,23,21,21,0.913043478261,0,0.347826086957,0.391304347826,0.173913043478,23,106,0.209486166008,14.954113696,9.21739130435,5.04761904762,5.57894736842,4.12262627834,0.447266058499,0.244872846596,3.46067689694,0.750901590844,0.416735028712,3.01117812092,0.653368837557,0.360951599672,4.90609068541,0.328076326364,18.2709928603,15.5883915913,3.93982047567,18.2709928603,0.593921230285,0.562052505967,157,0.0886504799548,0.170599078792,23,22,22,0.95652173913,0,0.0434782608696,0.782608695652,0.130434782609,7,0.0138339920949,12.764368511,0.608695652174,-1.55238095238,1.07894736842,-0.477167496041,-0.087053420343,-0.0467389232771,-0.829213784112,-0.24573967849,-0.12432777322,0.0967191408926,-0.0237276931553,0.00522037437542,3.82979484043,-0.163440153428,15.3827327435,13.3986464063,2.86352463068,15.3827327435,0.242308591716,0.103139737319,36,0.0203274985884,-0.121166259044,-0.304347826087,0.173913043478,0.0869565217391,84,22,15,385,0.848484848485,0.945945945946,0.0540540540541,0.151515151515,0.792452830189,0.848484848485,0.819512195122,0.774440298954,0.794430794431,0.694214876033,67,60,0,23,23,23,1,0,8,0,0.0386050732335,0,0,1,3.88826011686,0,16,NaN,1,ok,2.18974518502,0,23,21,21,0.913043478261,0,8,0,0.0893262250454,0,0,1,4.15119047619,0,16,NaN,1,ok,2.27694633409,0,23,22,22,0.95652173913,0,1,0,0.00364185164136,0,0,1,19.2709928603,0,16,NaN,1,ok,15.5883915913,0,0,0,0
358,WLNM_dir_neg,0.856666666667,0.651350297209,00:00:00,10,40,58,508216004,fixed,validated_v2,/gpfs/scratch/acw792/wlnm_roleonly_v2_20260910/result_wlnm_dir_neg_roleonly_trophicv2_100x290_train10-90_Apocrita_20260910_011848/ecological_snapshots/Broadstone_Stream_tax_mass_K10_ratio0.4_exp58_seed508216004_threshold0.5_validated_v2.mat,role_only,2,uniform_without_replacement,uniform_remaining_nonlinks,176,0,176,407,198,198,176,22,0,22,0.111111111111,78,120,0.5,0.854166666667,0.683333333333,0.759259259259,41,7,19,113,0.683333333333,0.941666666667,0.0583333333333,0.316666666667,0.854166666667,0.683333333333,0.759259259259,0.855555555556,0.577777777778,0.657894736842,0.666252238611,0.625,99,39,60,0,99,0,39,0,60,23,99,0.195652173913,2.18974518502,8.60869565217,6.6,4.5,4.59979377438,0.534319478842,0.291611769873,4.28989068105,0.996641269334,0.541062801932,2.91445898002,0.677096530713,0.355731225296,1.07629584498,0.491516479791,2.88826011686,2.18974518502,1.07629584498,2.88826011686,0.351612638569,0.458912768647,121,0.0683229813665,0.291765337837,23,23,23,1,0,0.347826086957,0.608695652174,0.0434782608696,23,0.0770750988142,1.80026570048,3.39130434783,3,2.29411764706,2.16876861658,0.639508694632,0.353400222965,1.89340440402,1.11662311006,0.581939799331,1.81995960516,1.07330951074,0.526198439242,0.787807586405,0.437606285669,2.28111111111,1.92030555556,0.776111445474,2.28111111111,0.18835978836,0.227586206897,11,0.00621118012422,0.136446886447,23,20,20,0.869565217391,0,0.304347826087,0.434782608696,0.130434782609,23,87,0.171936758893,6.72504897084,7.5652173913,5.11764705882,4.14285714286,4.96191025309,0.655884688626,0.36231884058,3.97671085811,1.05131436479,0.555722138931,2.99934116613,0.792929273804,0.424787606197,4.18809934832,0.622761167461,11.9611150252,6.72504897084,4.18809934832,11.9611150252,0.458923298923,0.462295081967,94,0.0530773574252,0.215278681574,23,23,23,1,0,0.260869565217,0.652173913043,0.0869565217391,-12,-0.0237154150198,4.53530378582,-1.04347826087,-1.48235294118,-0.357142857143,0.362116478709,0.121565209785,0.0707070707071,-0.313179822937,0.0546730954536,0.0146593369982,0.0848821861036,0.115832743091,0.0690563809005,3.11180350333,0.13124468767,9.07285490839,4.53530378582,3.11180350333,9.07285490839,0.107310660354,0.00338231331993,-27,-0.0152456239413,-0.0764866562627,-0.0869565217391,0.0434782608696,0.0434782608696,80,7,19,400,0.808080808081,0.982800982801,0.017199017199,0.191919191919,0.919540229885,0.808080808081,0.860215053763,0.831495188822,0.790881790882,0.754716981132,48,60,0,23,23,23,1,0,8,0,0.0386050732335,0,0,1,3.88826011686,0,16,NaN,1,ok,2.18974518502,0,23,20,20,0.869565217391,0,7,0,0.0525532783189,0,0,1,3.28111111111,0,16,NaN,1,ok,1.92030555556,0,23,23,23,1,0,6,0,0.005039342999,0,0,1,12.9611150252,0,16,NaN,1,ok,6.72504897084,0,0,0,0
359,WLNM_dir_neg,0.674097222222,0.577096294122,00:00:00,10,40,59,508216005,fixed,validated_v2,/gpfs/scratch/acw792/wlnm_roleonly_v2_20260910/result_wlnm_dir_neg_roleonly_trophicv2_100x290_train10-90_Apocrita_20260910_011848/ecological_snapshots/Broadstone_Stream_tax_mass_K10_ratio0.4_exp59_seed508216005_threshold0.5_validated_v2.mat,role_only,2,uniform_without_replacement,uniform_remaining_nonlinks,176,0,176,407,198,198,176,22,0,22,0.111111111111,78,120,0.5,0.75,0.4,0.521739130435,24,8,36,112,0.4,0.933333333333,0.0666666666667,0.6,0.75,0.4,0.521739130435,0.755555555556,0.607407407407,0.377358490566,0.410997468263,0.333333333333,99,39,60,0,99,0,39,0,60,23,99,0.195652173913,2.18974518502,8.60869565217,6.6,4.5,4.59979377438,0.534319478842,0.291611769873,4.28989068105,0.996641269334,0.541062801932,2.91445898002,0.677096530713,0.355731225296,1.07629584498,0.491516479791,2.88826011686,2.18974518502,1.07629584498,2.88826011686,0.351612638569,0.458912768647,121,0.0683229813665,0.291765337837,23,23,23,1,0,0.347826086957,0.608695652174,0.0434782608696,23,0.0770750988142,2.00715144611,3.39130434783,3.25,2.05263157895,2.27114569475,0.669696807427,0.373467112598,2.14125669576,1.26279241032,0.644370122631,1.25895998235,0.742463579334,0.399108138239,1.18310348832,0.589444055462,3.35371179039,2.10307063145,1.19524530215,3.35371179039,0.182633053221,0.215827338129,10,0.00564652738566,0.0952380952381,23,21,21,0.913043478261,0,0.391304347826,0.434782608696,0.0869565217391,23,71,0.140316205534,1,6.17391304348,4.73333333333,3.55,3.90398600399,0.63233576121,0.350275566442,3.35631079228,1.08725560877,0.579301898347,2.2746237147,0.736849935748,0.396815676669,0,0,0,14.6786089284,12.4490451834,29.9201537148,0.431505531506,0.424317617866,57,0.0321852060982,0.165538397954,23,22,22,0.95652173913,0,0.304347826087,0.565217391304,0.0869565217391,-28,-0.0553359683794,-1.18974518502,-2.4347826087,-1.86666666667,-0.95,-0.695807770385,0.0980162823682,0.0586637965695,-0.933579888765,0.0906143394331,0.0382390964142,-0.639835265324,0.0597534050353,0.0410844513723,-1.07629584498,-0.491516479791,-2.88826011686,12.4888637434,11.3727493385,27.0318935979,0.0798928929364,-0.0345951507813,-64,-0.0361377752682,-0.126226939882,-0.0434782608696,-0.0434782608696,0.0434782608696,63,8,36,399,0.636363636364,0.980343980344,0.019656019656,0.363636363636,0.887323943662,0.636363636364,0.741176470588,0.70440156361,0.616707616708,0.588785046729,32,60,0,23,23,23,1,0,8,0,0.0386050732335,0,0,1,3.88826011686,0,16,NaN,1,ok,2.18974518502,0,23,21,21,0.913043478261,0,9,0,0.0359311001541,0,0,1,4.35371179039,0,16,NaN,1,ok,2.10307063145,0,23,22,22,0.95652173913,0,7,0,0.00229992785786,0,0,1,30.9201537148,1,16,NaN,1,ok,NaN,3,0,0,0
360,WLNM_dir_neg,0.717986111111,0.579073560028,00:00:00,10,40,60,508216006,fixed,validated_v2,/gpfs/scratch/acw792/wlnm_roleonly_v2_20260910/result_wlnm_dir_neg_roleonly_trophicv2_100x290_train10-90_Apocrita_20260910_011848/ecological_snapshots/Broadstone_Stream_tax_mass_K10_ratio0.4_exp60_seed508216006_threshold0.5_validated_v2.mat,role_only,2,uniform_without_replacement,uniform_remaining_nonlinks,176,0,176,407,198,198,176,22,0,22,0.111111111111,78,120,0.5,0.741935483871,0.383333333333,0.505494505495,23,8,37,112,0.383333333333,0.933333333333,0.0666666666667,0.616666666667,0.741935483871,0.383333333333,0.505494505495,0.75,0.609259259259,0.36018957346,0.395361720204,0.316666666667,99,39,60,0,99,0,39,0,60,23,99,0.195652173913,2.18974518502,8.60869565217,6.6,4.5,4.59979377438,0.534319478842,0.291611769873,4.28989068105,0.996641269334,0.541062801932,2.91445898002,0.677096530713,0.355731225296,1.07629584498,0.491516479791,2.88826011686,2.18974518502,1.07629584498,2.88826011686,0.351612638569,0.458912768647,121,0.0683229813665,0.291765337837,23,23,23,1,0,0.347826086957,0.608695652174,0.0434782608696,23,0.0770750988142,2.01940993789,3.39130434783,2.78571428571,2.78571428571,2.38821215813,0.704216405603,0.386845039019,1.98711262912,1.17188693512,0.59977703456,1.63581457631,0.964711160387,0.519509476031,1.02318360478,0.506674541696,2.875,2.17232142857,1.01168631543,2.875,0.176050420168,0.227586206897,11,0.00621118012422,0.109959881388,23,20,20,0.869565217391,0,0.260869565217,0.347826086957,0.260869565217,23,70,0.138339920949,10.0234252923,6.08695652174,4.11764705882,4.375,4.08893232873,0.671753168291,0.376397515528,3.21188504365,1.0553336572,0.550310559006,2.53122788869,0.831689163428,0.459627329193,6.81487279133,0.679894606142,15.7362887268,10.8827991297,6.49377165564,15.7362887268,0.398226627174,0.508583690987,79,0.0446075663467,0.155232920674,23,21,21,0.913043478261,0,0.173913043478,0.521739130435,0.217391304348,-29,-0.0573122529644,7.83368010732,-2.52173913043,-2.48235294118,-0.125,-0.510861445647,0.13743368945,0.0847857456553,-1.0780056374,0.0586923878638,0.00924775707384,-0.38323109133,0.154592632716,0.103896103896,5.73857694634,0.18837812635,12.8480286099,8.69305394468,5.41747581065,12.8480286099,0.0466139886048,0.0496709223398,-42,-0.0237154150198,-0.136532417163,-0.173913043478,-0.0869565217391,0.173913043478,62,8,37,399,0.626262626263,0.980343980344,0.019656019656,0.373737373737,0.885714285714,0.626262626263,0.733727810651,0.696995016978,0.606606606607,0.579439252336,31,60,0,23,23,23,1,0,8,0,0.0386050732335,0,0,1,3.88826011686,0,16,NaN,1,ok,2.18974518502,0,23,20,20,0.869565217391,0,6,0,0.0413820332302,0,0,1,3.875,0,16,NaN,1,ok,2.17232142857,0,23,21,21,0.913043478261,0,4,0,0.00490292137659,0,0,1,16.7362887268,0,16,NaN,1,ok,10.8827991297,0,0,0,0
361,WLNM_dir_neg,0.810416666667,0.665111878672,00:00:00,10,40,61,508216007,fixed,validated_v2,/gpfs/scratch/acw792/wlnm_roleonly_v2_20260910/result_wlnm_dir_neg_roleonly_trophicv2_100x290_train10-90_Apocrita_20260910_011848/ecological_snapshots/Broadstone_Stream_tax_mass_K10_ratio0.4_exp61_seed508216007_threshold0.5_validated_v2.mat,role_only,2,uniform_without_replacement,uniform_remaining_nonlinks,176,0,176,407,198,198,176,22,0,22,0.111111111111,78,120,0.5,0.861111111111,0.516666666667,0.645833333333,31,5,29,115,0.516666666667,0.958333333333,0.0416666666667,0.483333333333,0.861111111111,0.516666666667,0.645833333333,0.811111111111,0.6,0.527777777778,0.559792868439,0.475,99,39,60,0,99,0,39,0,60,23,99,0.195652173913,2.18974518502,8.60869565217,6.6,4.5,4.59979377438,0.534319478842,0.291611769873,4.28989068105,0.996641269334,0.541062801932,2.91445898002,0.677096530713,0.355731225296,1.07629584498,0.491516479791,2.88826011686,2.18974518502,1.07629584498,2.88826011686,0.351612638569,0.458912768647,121,0.0683229813665,0.291765337837,23,23,23,1,0,0.347826086957,0.608695652174,0.0434782608696,23,0.0770750988142,2.34480676329,3.39130434783,2.78571428571,2.16666666667,2.16876861658,0.639508694632,0.346711259755,1.81995960516,1.07330951074,0.56856187291,1.29456144237,0.763459312165,0.419175027871,1.43152843852,0.610510196802,4.32,2.47288359788,1.43392003086,4.32,0.138888888889,0.160714285714,6,0.00338791643139,0.0868742368742,23,21,21,0.913043478261,0,0.304347826087,0.478260869565,0.130434782609,23,75,0.148221343874,3.01676738161,6.52173913043,5,3.94736842105,4.31561188348,0.661727155467,0.366956521739,3.65833284564,1.12188873933,0.584347826087,2.43492376779,0.746709955455,0.406956521739,1.73735233767,0.575898674941,4.19577763746,3.20884046557,1.69551193435,4.19577763746,0.374696969697,0.451965065502,69,0.038961038961,0.186292252721,23,21,21,0.913043478261,0,0.260869565217,0.565217391304,0.0869565217391,-24,-0.0474308300395,0.827022196583,-2.08695652174,-1.6,-0.552631578947,-0.284181890895,0.127407676626,0.0753447518665,-0.631557835408,0.125247469995,0.0432850241546,-0.479535212236,0.0696134247424,0.0512252964427,0.66105649269,0.0843821951497,1.3075175206,1.01909528055,0.619216089368,1.3075175206,0.0230843311278,-0.0069477031451,-52,-0.0293619424054,-0.105473085116,-0.0869565217391,-0.0434782608696,0.0434782608696,70,5,29,402,0.707070707071,0.987714987715,0.012285012285,0.292929292929,0.933333333333,0.707070707071,0.804597701149,0.77570466481,0.694785694786,0.673076923077,36,60,0,23,23,23,1,0,8,0,0.0386050732335,0,0,1,3.88826011686,0,16,NaN,1,ok,2.18974518502,0,23,21,21,0.913043478261,0,7,0,0.0503496503497,0,0,1,5.32,0,16,NaN,1,ok,2.47288359788,0,23,21,21,0.913043478261,0,6,0,0.0206854869208,0,0,1,5.19577763746,0,16,NaN,1,ok,3.20884046557,0,0,0,0
362,WLNM_dir_neg,0.806736111111,0.601535960451,00:00:00,10,40,62,508216008,fixed,validated_v2,/gpfs/scratch/acw792/wlnm_roleonly_v2_20260910/result_wlnm_dir_neg_roleonly_trophicv2_100x290_train10-90_Apocrita_20260910_011848/ecological_snapshots/Broadstone_Stream_tax_mass_K10_ratio0.4_exp62_seed508216008_threshold0.5_validated_v2.mat,role_only,2,uniform_without_replacement,uniform_remaining_nonlinks,176,0,176,407,198,198,176,22,0,22,0.111111111111,78,120,0.5,0.722222222222,0.433333333333,0.541666666667,26,10,34,110,0.433333333333,0.916666666667,0.0833333333333,0.566666666667,0.722222222222,0.433333333333,0.541666666667,0.755555555556,0.6,0.388888888889,0.412478955692,0.35,99,39,60,0,99,0,39,0,60,23,99,0.195652173913,2.18974518502,8.60869565217,6.6,4.5,4.59979377438,0.534319478842,0.291611769873,4.28989068105,0.996641269334,0.541062801932,2.91445898002,0.677096530713,0.355731225296,1.07629584498,0.491516479791,2.88826011686,2.18974518502,1.07629584498,2.88826011686,0.351612638569,0.458912768647,121,0.0683229813665,0.291765337837,23,23,23,1,0,0.347826086957,0.608695652174,0.0434782608696,23,0.0770750988142,2.05912628411,3.39130434783,2.78571428571,2.29411764706,2.6239999036,0.773743561317,0.416945373467,2.14125669576,1.26279241032,0.624303232999,1.63581457631,0.964711160387,0.499442586399,1.04716539806,0.508548410139,3.12887828162,2.21799522673,1.03247749776,3.12887828162,0.315029761905,0.288461538462,15,0.00846979107849,0.103854875283,23,20,20,0.869565217391,0,0.260869565217,0.478260869565,0.130434782609,23,75,0.148221343874,1,6.52173913043,3.57142857143,4.16666666667,4.67944795906,0.717515353723,0.386666666667,3.13654980257,0.96187527279,0.48231884058,3.17972828033,0.975116672636,0.490434782609,0,0,0,20.0426489101,7.1087637133,24.789145747,0.421441613942,0.377319587629,61,0.0344438170525,0.195583900227,23,23,23,1,0,0.0869565217391,0.695652173913,0.217391304348,-24,-0.0474308300395,-1.18974518502,-2.08695652174,-3.02857142857,-0.333333333333,0.0796541846861,0.183195874881,0.095054896794,-1.15334087847,-0.0347659965446,-0.0587439613527,0.26526930031,0.298020141923,0.134703557312,-1.07629584498,-0.491516479791,-2.88826011686,17.8529037251,6.03246786832,21.9008856302,0.0698289753725,-0.0815931810184,-60,-0.0338791643139,-0.09618143761,-0.260869565217,0.0869565217391,0.173913043478,65,10,34,397,0.656565656566,0.97542997543,0.02457002457,0.343434343434,0.866666666667,0.656565656566,0.747126436782,0.705601689208,0.631995631996,0.596330275229,36,60,0,23,23,23,1,0,8,0,0.0386050732335,0,0,1,3.88826011686,0,16,NaN,1,ok,2.18974518502,0,23,20,20,0.869565217391,0,6,0,0.0313941434812,0,0,1,4.12887828162,0,16,NaN,1,ok,2.21799522673,0,23,23,23,1,0,2,0,0.00165460854058,0,0,1,25.789145747,1,16,NaN,1,ok,NaN,3,0,0,0
363,WLNM_dir_neg,0.707638888889,0.562514800558,00:00:00,10,40,63,508216009,fixed,validated_v2,/gpfs/scratch/acw792/wlnm_roleonly_v2_20260910/result_wlnm_dir_neg_roleonly_trophicv2_100x290_train10-90_Apocrita_20260910_011848/ecological_snapshots/Broadstone_Stream_tax_mass_K10_ratio0.4_exp63_seed508216009_threshold0.5_validated_v2.mat,role_only,2,uniform_without_replacement,uniform_remaining_nonlinks,176,0,176,407,198,198,176,22,0,22,0.111111111111,78,120,0.5,0.780487804878,0.533333333333,0.633663366337,32,9,28,111,0.533333333333,0.925,0.075,0.466666666667,0.780487804878,0.533333333333,0.633663366337,0.794444444444,0.590740740741,0.497737556561,0.515167388474,0.458333333333,99,39,60,0,99,0,39,0,60,23,99,0.195652173913,2.18974518502,8.60869565217,6.6,4.5,4.59979377438,0.534319478842,0.291611769873,4.28989068105,0.996641269334,0.541062801932,2.91445898002,0.677096530713,0.355731225296,1.07629584498,0.491516479791,2.88826011686,2.18974518502,1.07629584498,2.88826011686,0.351612638569,0.458912768647,121,0.0683229813665,0.291765337837,23,23,23,1,0,0.347826086957,0.608695652174,0.0434782608696,23,0.0770750988142,2.15102232667,3.39130434783,2.6,2.05263157895,2.14770766664,0.633298414522,0.347826086957,1.81995960516,1.07330951074,0.561872909699,1.2223220305,0.72085658209,0.392419175028,1.11070967143,0.5163636182,3.13918918919,2.26064350064,1.10088177844,3.13918918919,0.216040100251,0.184210526316,7,0.00395256916996,0.100332577475,23,21,21,0.913043478261,0,0.260869565217,0.565217391304,0.0869565217391,23,80,0.158102766798,3.53797380815,6.95652173913,4.21052631579,3.63636363636,3.93675294061,0.565908235213,0.30652173913,3.64154768817,1.04694496035,0.54347826087,1.85544812567,0.533441336129,0.295652173913,2.44825227389,0.691992763838,8.82541978695,3.53797380815,2.44825227389,8.82541978695,0.445923520924,0.433808553971,71,0.0400903444382,0.125899149583,23,23,23,1,0,0.173913043478,0.782608695652,0.0434782608696,-19,-0.0375494071146,1.34822862313,-1.65217391304,-2.38947368421,-0.863636363636,-0.663040833765,0.0315887563711,0.0149099692578,-0.648342992877,0.0503036910147,0.0024154589372,-1.05901085436,-0.143655194584,-0.0600790513834,1.3719564289,0.200476284047,5.93715967009,1.34822862313,1.3719564289,5.93715967009,0.0943108823544,-0.0251042146758,-50,-0.0282326369283,-0.165866188253,-0.173913043478,0.173913043478,0,71,9,28,398,0.717171717172,0.977886977887,0.022113022113,0.282828282828,0.8875,0.717171717172,0.793296089385,0.755764502209,0.695058695059,0.657407407407,41,60,0,23,23,23,1,0,8,0,0.0386050732335,0,0,1,3.88826011686,0,16,NaN,1,ok,2.18974518502,0,23,21,21,0.913043478261,0,6,0,0.0211114914983,0,0,1,4.13918918919,0,16,NaN,1,ok,2.26064350064,0,23,23,23,1,0,4,0,0.0200198033118,0,0,1,9.82541978695,0,16,NaN,1,ok,3.53797380815,0,0,0,0
364,WLNM_dir_neg,0.895902777778,0.690370377954,00:00:00,10,40,64,508216010,fixed,validated_v2,/gpfs/scratch/acw792/wlnm_roleonly_v2_20260910/result_wlnm_dir_neg_roleonly_trophicv2_100x290_train10-90_Apocrita_20260910_011848/ecological_snapshots/Broadstone_Stream_tax_mass_K10_ratio0.4_exp64_seed508216010_threshold0.5_validated_v2.mat,role_only,2,uniform_without_replacement,uniform_remaining_nonlinks,176,0,176,407,198,198,176,22,0,22,0.111111111111,78,120,0.5,0.769230769231,0.666666666667,0.714285714286,40,12,20,108,0.666666666667,0.9,0.1,0.333333333333,0.769230769231,0.666666666667,0.714285714286,0.822222222222,0.57037037037,0.586206896552,0.589368958489,0.566666666667,99,39,60,0,99,0,39,0,60,23,99,0.195652173913,2.18974518502,8.60869565217,6.6,4.5,4.59979377438,0.534319478842,0.291611769873,4.28989068105,0.996641269334,0.541062801932,2.91445898002,0.677096530713,0.355731225296,1.07629584498,0.491516479791,2.88826011686,2.18974518502,1.07629584498,2.88826011686,0.351612638569,0.458912768647,121,0.0683229813665,0.291765337837,23,23,23,1,0,0.347826086957,0.608695652174,0.0434782608696,23,0.0770750988142,2.08365817091,3.39130434783,2.78571428571,2.16666666667,2.42597928558,0.715352866261,0.38127090301,2.05459092608,1.2116818282,0.613154960981,1.4596008984,0.860790273415,0.457079152731,1.0468220292,0.50239623937,2.80344827586,2.1329153605,1.04381869778,2.80344827586,0.319312169312,0.246835443038,13,0.00734048560136,0.0833769405198,23,22,22,0.95652173913,0,0.347826086957,0.434782608696,0.173913043478,23,91,0.179841897233,3.16378277734,7.91304347826,5.6875,4.13636363636,4.27373632018,0.540087556945,0.299569995222,4.1721834361,1.05450790143,0.563784042045,2.49505439674,0.630618144231,0.344003822265,1.63630055181,0.51719750279,4.18857039225,3.16378277734,1.63630055181,4.18857039225,0.409171504824,0.480349344978,110,0.0621118012422,0.182722323292,23,23,23,1,0,0.304347826087,0.652173913043,0.0434782608696,-8,-0.0158102766798,0.974037592313,-0.695652173913,-0.9125,-0.363636363636,-0.326057454202,0.00576807810347,0.00795822534953,-0.117707244943,0.0578666320988,0.0227212401125,-0.419404583285,-0.046478386482,-0.0117274030318,0.560004706825,0.0256810229987,1.30031027539,0.974037592313,0.560004706825,1.30031027539,0.0575588662545,0.0214365763309,-11,-0.00621118012422,-0.109043014545,-0.0434782608696,0.0434782608696,0,79,12,20,395,0.79797979798,0.970515970516,0.029484029484,0.20202020202,0.868131868132,0.79797979798,0.831578947368,0.793800810346,0.768495768496,0.711711711712,52,60,0,23,23,23,1,0,8,0,0.0386050732335,0,0,1,3.88826011686,0,16,NaN,1,ok,2.18974518502,0,23,22,22,0.95652173913,0,8,0,0.0384124547484,0,0,1,3.80344827586,0,16,NaN,1,ok,2.1329153605,0,23,23,23,1,0,7,0,0.0203431300296,0,0,1,5.18857039225,0,16,NaN,1,ok,3.16378277734,0,0,0,0
365,WLNM_dir_neg,0.790972222222,0.719002738009,00:00:00,10,40,65,508216011,fixed,validated_v2,/gpfs/scratch/acw792/wlnm_roleonly_v2_20260910/result_wlnm_dir_neg_roleonly_trophicv2_100x290_train10-90_Apocrita_20260910_011848/ecological_snapshots/Broadstone_Stream_tax_mass_K10_ratio0.4_exp65_seed508216011_threshold0.5_validated_v2.mat,role_only,2,uniform_without_replacement,uniform_remaining_nonlinks,176,0,176,407,198,198,176,22,0,22,0.111111111111,78,120,0.5,0.8125,0.433333333333,0.565217391304,26,6,34,114,0.433333333333,0.95,0.05,0.566666666667,0.8125,0.433333333333,0.565217391304,0.777777777778,0.607407407407,0.433962264151,0.472647088503,0.383333333333,99,39,60,0,99,0,39,0,60,23,99,0.195652173913,2.18974518502,8.60869565217,6.6,4.5,4.59979377438,0.534319478842,0.291611769873,4.28989068105,0.996641269334,0.541062801932,2.91445898002,0.677096530713,0.355731225296,1.07629584498,0.491516479791,2.88826011686,2.18974518502,1.07629584498,2.88826011686,0.351612638569,0.458912768647,121,0.0683229813665,0.291765337837,23,23,23,1,0,0.347826086957,0.608695652174,0.0434782608696,23,0.0770750988142,2.04407768542,3.39130434783,3,2.16666666667,2.291072207,0.67557257386,0.374581939799,1.81995960516,1.07330951074,0.566332218506,1.49041734877,0.87896407748,0.457079152731,1.11009214234,0.543077276494,3.43382352941,2.14351365546,1.11181981988,3.43382352941,0.181547619048,0.217391304348,10,0.00564652738566,0.102981277981,23,21,21,0.913043478261,0,0.347826086957,0.434782608696,0.130434782609,23,71,0.140316205534,11.9121742421,6.17391304348,4.73333333333,3.38095238095,3.99604547605,0.647246802458,0.352112676056,3.1753746161,1.02864248127,0.552357624005,2.15138525095,0.696927616506,0.374770361298,9.21363900315,0.77346408942,21.8534290627,12.4081821622,9.11073957959,21.8534290627,0.351226551227,0.424460431655,59,0.0333145115754,0.15280139173,23,22,22,0.95652173913,0,0.304347826087,0.608695652174,0.0434782608696,-28,-0.0553359683794,9.72242905704,-2.4347826087,-1.86666666667,-1.11904761905,-0.60374829833,0.112927323617,0.0605009061837,-1.11451606495,0.0320012119375,0.0112948220725,-0.76307372907,0.0198310857936,0.0190391360018,8.13734315817,0.281947609629,18.9651689459,10.2184369771,8.03444373461,18.9651689459,-0.000386087342609,-0.0344523369926,-62,-0.0350084697911,-0.138963946107,-0.0434782608696,0,0,65,6,34,401,0.656565656566,0.985257985258,0.014742014742,0.343434343434,0.915492957746,0.656565656566,0.764705882353,0.733089011087,0.641823641824,0.619047619048,32,60,0,23,23,23,1,0,8,0,0.0386050732335,0,0,1,3.88826011686,0,16,NaN,1,ok,2.18974518502,0,23,21,21,0.913043478261,0,8,0,0.0442646294329,0,0,1,4.43382352941,0,16,NaN,1,ok,2.14351365546,0,23,22,22,0.95652173913,0,7,0,0.00712619822722,0,0,1,22.8534290627,1,16,NaN,1,ok,NaN,3,0,0,0
366,WLNM_dir_neg,0.797708333333,0.591729265342,00:00:00,10,40,66,508216012,fixed,validated_v2,/gpfs/scratch/acw792/wlnm_roleonly_v2_20260910/result_wlnm_dir_neg_roleonly_trophicv2_100x290_train10-90_Apocrita_20260910_011848/ecological_snapshots/Broadstone_Stream_tax_mass_K10_ratio0.4_exp66_seed508216012_threshold0.5_validated_v2.mat,role_only,2,uniform_without_replacement,uniform_remaining_nonlinks,176,0,176,407,198,198,176,22,0,22,0.111111111111,78,120,0.5,0.659090909091,0.483333333333,0.557692307692,29,15,31,105,0.483333333333,0.875,0.125,0.516666666667,0.659090909091,0.483333333333,0.557692307692,0.744444444444,0.585185185185,0.383928571429,0.393058927968,0.358333333333,99,39,60,0,99,0,39,0,60,23,99,0.195652173913,2.18974518502,8.60869565217,6.6,4.5,4.59979377438,0.534319478842,0.291611769873,4.28989068105,0.996641269334,0.541062801932,2.91445898002,0.677096530713,0.355731225296,1.07629584498,0.491516479791,2.88826011686,2.18974518502,1.07629584498,2.88826011686,0.351612638569,0.458912768647,121,0.0683229813665,0.291765337837,23,23,23,1,0,0.347826086957,0.608695652174,0.0434782608696,23,0.0770750988142,2.08821070234,3.39130434783,2.6,2.05263157895,2.01672845864,0.594676340368,0.324414715719,1.81995960516,1.07330951074,0.564102564103,1.42811963494,0.842224400092,0.428093645485,1.02321695509,0.489996988302,2.96153846154,2.13767482517,1.01876149593,2.96153846154,0.0491228070175,0.075,3,0.0016939582157,0.108994708995,23,22,22,0.95652173913,0,0.304347826087,0.521739130435,0.130434782609,23,83,0.164031620553,1,7.21739130435,3.77272727273,3.77272727273,3.83709788227,0.531646092121,0.28496595076,3.58962052229,0.994714120636,0.494499738083,2.6923989039,0.746086443249,0.363541121006,0,0,0,NaN,NaN,NaN,0.36573981574,0.335664335664,64,0.0361377752682,0.158283134097,23,23,0,1,7,0.0434782608696,0.913043478261,0.0434782608696,-16,-0.0316205533597,-1.18974518502,-1.39130434783,-2.82727272727,-0.727272727273,-0.762695892109,-0.00267338672037,-0.00664581911308,-0.700270158754,-0.00192714869864,-0.0465630638496,-0.222060076127,0.0689899125359,0.00780989570932,-1.07629584498,-0.491516479791,-2.88826011686,NaN,NaN,NaN,0.0141271771707,-0.123248432983,-57,-0.0321852060982,-0.133482203739,-0.304347826087,0.304347826087,0,68,15,31,392,0.686868686869,0.963144963145,0.036855036855,0.313131313131,0.819277108434,0.686868686869,0.747252747253,0.696350751751,0.650013650014,0.59649122807,44,60,0,23,23,23,1,0,8,0,0.0386050732335,0,0,1,3.88826011686,0,16,NaN,1,ok,2.18974518502,0,23,22,22,0.95652173913,0,7,0,0.0198419259896,0,0,1,3.96153846154,0,16,NaN,1,ok,2.13767482517,0,23,23,0,1,7,1,4,NaN,NaN,NaN,NaN,NaN,0,0,NaN,0,basal_unreachable_in_lcc,NaN,2,0,0,0
367,WLNM_dir_neg,0.903680555556,0.582318423592,00:00:00,10,40,67,508216013,fixed,validated_v2,/gpfs/scratch/acw792/wlnm_roleonly_v2_20260910/result_wlnm_dir_neg_roleonly_trophicv2_100x290_train10-90_Apocrita_20260910_011848/ecological_snapshots/Broadstone_Stream_tax_mass_K10_ratio0.4_exp67_seed508216013_threshold0.5_validated_v2.mat,role_only,2,uniform_without_replacement,uniform_remaining_nonlinks,176,0,176,407,198,198,176,22,0,22,0.111111111111,78,120,0.5,0.826923076923,0.716666666667,0.767857142857,43,9,17,111,0.716666666667,0.925,0.075,0.283333333333,0.826923076923,0.716666666667,0.767857142857,0.855555555556,0.57037037037,0.663793103448,0.667373673583,0.641666666667,99,39,60,0,99,0,39,0,60,23,99,0.195652173913,2.18974518502,8.60869565217,6.6,4.5,4.59979377438,0.534319478842,0.291611769873,4.28989068105,0.996641269334,0.541062801932,2.91445898002,0.677096530713,0.355731225296,1.07629584498,0.491516479791,2.88826011686,2.18974518502,1.07629584498,2.88826011686,0.351612638569,0.458912768647,121,0.0683229813665,0.291765337837,23,23,23,1,0,0.347826086957,0.608695652174,0.0434782608696,23,0.0770750988142,2.20186335404,3.39130434783,2.6,1.95,2.14770766664,0.633298414522,0.338907469342,2.05459092608,1.2116818282,0.595317725753,1.10514427724,0.651751753244,0.343366778149,1.1851004071,0.538226136935,3.85,2.25649350649,1.18297550488,3.85,0.214160401003,0.128205128205,5,0.00282326369283,0.0822632129775,23,22,22,0.95652173913,0,0.304347826087,0.565217391304,0.0869565217391,23,91,0.179841897233,1,7.91304347826,5.05555555556,3.95652173913,4.39951488522,0.55598265033,0.308647873865,3.9251897565,0.992080927466,0.532250358337,2.60206667634,0.657665203911,0.350692785475,0,0,0,17.0109355114,9.56886750429,24.6993116882,0.48266758494,0.453488372093,104,0.0587238848108,0.162348060863,23,23,23,1,0,0.217391304348,0.782608695652,0,-8,-0.0158102766798,-1.18974518502,-0.695652173913,-1.54444444444,-0.54347826087,-0.200278889154,0.0216631714886,0.0170361039926,-0.364700924551,-0.00456034186803,-0.00881244359505,-0.31239230368,-0.0194313268015,-0.00503843982105,-1.07629584498,-0.491516479791,-2.88826011686,14.8211903264,8.49257165931,21.8110515714,0.131054946371,-0.00542439655426,-17,-0.00959909655562,-0.129417276974,-0.130434782609,0.173913043478,-0.0434782608696,82,9,17,398,0.828282828283,0.977886977887,0.022113022113,0.171717171717,0.901098901099,0.828282828283,0.863157894737,0.832715379378,0.80616980617,0.759259259259,52,60,0,23,23,23,1,0,8,0,0.0386050732335,0,0,1,3.88826011686,0,16,NaN,1,ok,2.18974518502,0,23,22,22,0.95652173913,0,7,0,0.0298262864635,0,0,1,4.85,0,16,NaN,1,ok,2.25649350649,0,23,23,23,1,0,5,0,0.0026694128735,0,0,1,25.6993116882,1,16,NaN,1,ok,NaN,3,0,0,0
368,WLNM_dir_neg,0.794791666667,0.494766112695,00:00:00,10,40,68,508216014,fixed,validated_v2,/gpfs/scratch/acw792/wlnm_roleonly_v2_20260910/result_wlnm_dir_neg_roleonly_trophicv2_100x290_train10-90_Apocrita_20260910_011848/ecological_snapshots/Broadstone_Stream_tax_mass_K10_ratio0.4_exp68_seed508216014_threshold0.5_validated_v2.mat,role_only,2,uniform_without_replacement,uniform_remaining_nonlinks,176,0,176,407,198,198,176,22,0,22,0.111111111111,78,120,0.5,0.772727272727,0.566666666667,0.653846153846,34,10,26,110,0.566666666667,0.916666666667,0.0833333333333,0.433333333333,0.772727272727,0.566666666667,0.653846153846,0.8,0.585185185185,0.517857142857,0.530172507492,0.483333333333,99,39,60,0,99,0,39,0,60,23,99,0.195652173913,2.18974518502,8.60869565217,6.6,4.5,4.59979377438,0.534319478842,0.291611769873,4.28989068105,0.996641269334,0.541062801932,2.91445898002,0.677096530713,0.355731225296,1.07629584498,0.491516479791,2.88826011686,2.18974518502,1.07629584498,2.88826011686,0.351612638569,0.458912768647,121,0.0683229813665,0.291765337837,23,23,23,1,0,0.347826086957,0.608695652174,0.0434782608696,23,0.0770750988142,1.89576811594,3.39130434783,3,2.29411764706,2.06131313917,0.607823105139,0.335562987737,1.84476612483,1.0879389967,0.577480490524,1.55021355153,0.914228504746,0.477146042363,0.900926898876,0.47523053653,2.58933333333,2.03013333333,0.891138902018,2.58933333333,0.147883597884,0.181818181818,8,0.00451722190853,0.112291412291,23,20,20,0.869565217391,0,0.304347826087,0.434782608696,0.130434782609,23,83,0.164031620553,2.92796507685,7.21739130435,5.92857142857,4.36842105263,5.02680561625,0.696485115504,0.390780513358,4.23984487747,1.17489677327,0.611838658984,2.74257891964,0.759991748815,0.423258250393,1.69532720018,0.579012097374,4.25,3.21715983838,1.62880541842,4.25,0.456680541681,0.510961214165,101,0.0570299265951,0.212800387324,23,20,20,0.869565217391,0,0.260869565217,0.565217391304,0.0434782608696,-16,-0.0316205533597,0.738219891825,-1.39130434783,-0.671428571429,-0.131578947368,0.427011841872,0.162165636663,0.0991687434851,-0.0500458035806,0.17825550394,0.0707758570514,-0.171880060388,0.0828952181022,0.0675270250964,0.6190313552,0.0874956175824,1.36173988314,1.02741465335,0.552509573437,1.36173988314,0.105067903111,0.052048445518,-20,-0.0112930547713,-0.0789649505131,-0.0869565217391,-0.0434782608696,0,73,10,26,397,0.737373737374,0.97542997543,0.02457002457,0.262626262626,0.879518072289,0.737373737374,0.802197802198,0.763616889047,0.712803712804,0.669724770642,44,60,0,23,23,23,1,0,8,0,0.0386050732335,0,0,1,3.88826011686,0,16,NaN,1,ok,2.18974518502,0,23,20,20,0.869565217391,0,7,0,0.067655268842,0,0,1,3.58933333333,0,16,NaN,1,ok,2.03013333333,0,23,20,20,0.869565217391,0,6,0,0.0273552685487,0,0,1,5.25,0,16,NaN,1,ok,3.21715983838,0,0,0,0
369,WLNM_dir_neg,0.778125,0.5612661833,00:00:00,10,40,69,508216015,fixed,validated_v2,/gpfs/scratch/acw792/wlnm_roleonly_v2_20260910/result_wlnm_dir_neg_roleonly_trophicv2_100x290_train10-90_Apocrita_20260910_011848/ecological_snapshots/Broadstone_Stream_tax_mass_K10_ratio0.4_exp69_seed508216015_threshold0.5_validated_v2.mat,role_only,2,uniform_without_replacement,uniform_remaining_nonlinks,176,0,176,407,198,198,176,22,0,22,0.111111111111,78,120,0.5,0.666666666667,0.5,0.571428571429,30,15,30,105,0.5,0.875,0.125,0.5,0.666666666667,0.5,0.571428571429,0.75,0.583333333333,0.4,0.408248290464,0.375,99,39,60,0,99,0,39,0,60,23,99,0.195652173913,2.18974518502,8.60869565217,6.6,4.5,4.59979377438,0.534319478842,0.291611769873,4.28989068105,0.996641269334,0.541062801932,2.91445898002,0.677096530713,0.355731225296,1.07629584498,0.491516479791,2.88826011686,2.18974518502,1.07629584498,2.88826011686,0.351612638569,0.458912768647,121,0.0683229813665,0.291765337837,23,23,23,1,0,0.347826086957,0.608695652174,0.0434782608696,23,0.0770750988142,2.40294117647,3.39130434783,2.6,2.29411764706,1.90069677259,0.560461868841,0.312151616499,1.69047552774,0.996947106102,0.532887402453,1.60778737312,0.948182296966,0.483835005574,1.52806707649,0.635915307229,4.72058823529,2.46671122995,1.53238140545,4.72058823529,0.122222222222,0.131578947368,5,0.00282326369283,0.119818594104,23,22,22,0.95652173913,0,0.304347826087,0.434782608696,0.217391304348,23,84,0.166007905138,NaN,7.30434782609,3.65217391304,4.42105263158,4.332066299,0.593080505221,0.324534161491,3.06903442992,0.840330855811,0.437888198758,3.22784329422,0.883814235321,0.459627329193,NaN,NaN,NaN,NaN,NaN,NaN,0.359867909868,0.396825396825,75,0.0423489553924,0.201380125145,23,23,0,1,6,0,0.826086956522,0.173913043478,-15,-0.0296442687747,NaN,-1.30434782609,-2.94782608696,-0.0789473684211,-0.267727475372,0.0587610263791,0.032922391618,-1.22085625113,-0.156310413524,-0.103174603175,0.313384314192,0.206717704608,0.103896103896,NaN,NaN,NaN,NaN,NaN,NaN,0.00825527129875,-0.0620873718219,-46,-0.025974025974,-0.0903852126918,-0.347826086957,0.217391304348,0.130434782609,69,15,30,392,0.69696969697,0.963144963145,0.036855036855,0.30303030303,0.821428571429,0.69696969697,0.754098360656,0.70378225309,0.660114660115,0.605263157895,45,60,0,23,23,23,1,0,8,0,0.0386050732335,0,0,1,3.88826011686,0,16,NaN,1,ok,2.18974518502,0,23,22,22,0.95652173913,0,7,0,0.0252260607466,0,0,1,5.72058823529,0,16,NaN,1,ok,2.46671122995,0,23,23,0,1,6,0,23,NaN,NaN,NaN,NaN,NaN,0,0,NaN,0,no_basal_in_lcc,NaN,2,0,0,0
370,WLNM_dir_neg,0.825902777778,0.611048950471,00:00:00,10,40,70,508216016,fixed,validated_v2,/gpfs/scratch/acw792/wlnm_roleonly_v2_20260910/result_wlnm_dir_neg_roleonly_trophicv2_100x290_train10-90_Apocrita_20260910_011848/ecological_snapshots/Broadstone_Stream_tax_mass_K10_ratio0.4_exp70_seed508216016_threshold0.5_validated_v2.mat,role_only,2,uniform_without_replacement,uniform_remaining_nonlinks,176,0,176,407,198,198,176,22,0,22,0.111111111111,78,120,0.5,0.688888888889,0.516666666667,0.590476190476,31,14,29,106,0.516666666667,0.883333333333,0.116666666667,0.483333333333,0.688888888889,0.516666666667,0.590476190476,0.761111111111,0.583333333333,0.426666666667,0.435464843161,0.4,99,39,60,0,99,0,39,0,60,23,99,0.195652173913,2.18974518502,8.60869565217,6.6,4.5,4.59979377438,0.534319478842,0.291611769873,4.28989068105,0.996641269334,0.541062801932,2.91445898002,0.677096530713,0.355731225296,1.07629584498,0.491516479791,2.88826011686,2.18974518502,1.07629584498,2.88826011686,0.351612638569,0.458912768647,121,0.0683229813665,0.291765337837,23,23,23,1,0,0.347826086957,0.608695652174,0.0434782608696,23,0.0770750988142,2.28502627807,3.39130434783,2.78571428571,2.05263157895,2.57150699422,0.758264882912,0.403567447046,2.32447027413,1.37084144372,0.63099219621,1.32920969714,0.783892898314,0.416945373467,1.40986818979,0.617003053016,4.06813186813,2.40740973312,1.41620806901,4.06813186813,0.220987654321,0.270967741935,14,0.00790513833992,0.0831501831502,23,21,21,0.913043478261,0,0.304347826087,0.521739130435,0.0869565217391,23,84,0.166007905138,1,7.30434782609,4,4,4.50691168811,0.617017671587,0.345238095238,3.58796847625,0.982419939926,0.503105590062,2.74041628643,0.750352078427,0.400621118012,0,0,0,120.473901193,39.7027740997,139.891232021,0.367322624465,0.439024390244,78,0.0440429136081,0.141653716163,23,23,23,1,0,0.0869565217391,0.826086956522,0.0869565217391,-15,-0.0296442687747,-1.18974518502,-1.30434782609,-2.6,-0.5,-0.0928820862666,0.0826981927448,0.0536263253655,-0.701922204798,-0.0142213294087,-0.0379572118703,-0.174042693596,0.0732555477142,0.044889892716,-1.07629584498,-0.491516479791,-2.88826011686,118.284156008,38.6264782547,137.002971904,0.0157099858963,-0.0198883784034,-43,-0.0242800677583,-0.150111621674,-0.260869565217,0.217391304348,0.0434782608696,70,14,29,393,0.707070707071,0.965601965602,0.034398034398,0.292929292929,0.833333333333,0.707070707071,0.765027322404,0.717170997359,0.672672672673,0.619469026549,45,60,0,23,23,23,1,0,8,0,0.0386050732335,0,0,1,3.88826011686,0,16,NaN,1,ok,2.18974518502,0,23,21,21,0.913043478261,0,7,0,0.0441919191919,0,0,1,5.06813186813,0,16,NaN,1,ok,2.40740973312,0,23,23,23,1,0,2,0,0.000287745002316,0,0,1,140.891232021,1,16,NaN,1,ok,NaN,3,0,0,0
371,WLNM_dir_neg,0.87375,0.819586225537,00:00:00,10,40,71,508216017,fixed,validated_v2,/gpfs/scratch/acw792/wlnm_roleonly_v2_20260910/result_wlnm_dir_neg_roleonly_trophicv2_100x290_train10-90_Apocrita_20260910_011848/ecological_snapshots/Broadstone_Stream_tax_mass_K10_ratio0.4_exp71_seed508216017_threshold0.5_validated_v2.mat,role_only,2,uniform_without_replacement,uniform_remaining_nonlinks,176,0,176,407,198,198,176,22,0,22,0.111111111111,78,120,0.5,0.897435897436,0.583333333333,0.707070707071,35,4,25,116,0.583333333333,0.966666666667,0.0333333333333,0.416666666667,0.897435897436,0.583333333333,0.707070707071,0.838888888889,0.594444444444,0.602739726027,0.62934252446,0.55,99,39,60,0,99,0,39,0,60,23,99,0.195652173913,2.18974518502,8.60869565217,6.6,4.5,4.59979377438,0.534319478842,0.291611769873,4.28989068105,0.996641269334,0.541062801932,2.91445898002,0.677096530713,0.355731225296,1.07629584498,0.491516479791,2.88826011686,2.18974518502,1.07629584498,2.88826011686,0.351612638569,0.458912768647,121,0.0683229813665,0.291765337837,23,23,23,1,0,0.347826086957,0.608695652174,0.0434782608696,23,0.0770750988142,1.91421809257,3.39130434783,3,2.16666666667,1.69863930664,0.500880821189,0.270903010033,1.81995960516,1.07330951074,0.566332218506,1.25895998235,0.742463579334,0.405797101449,0.946641905832,0.49453189765,2.60282258065,1.95577346041,0.947203763552,2.60282258065,0.0964912280702,0.096,4,0.00225861095426,0.0976953601954,23,22,22,0.95652173913,0,0.391304347826,0.391304347826,0.173913043478,23,78,0.154150197628,2.46295504938,6.78260869565,5.2,4.10526315789,4.01085483678,0.591343982346,0.329988851728,3.60226103787,1.06220517783,0.569676700111,2.34983810728,0.692900980352,0.38127090301,1.28092597531,0.520076879043,3.77919020716,2.52945300617,1.26978529858,3.77919020716,0.349228044683,0.475190839695,83,0.046866177301,0.165653490611,23,22,22,0.95652173913,0,0.304347826087,0.521739130435,0.130434782609,-21,-0.0415019762846,0.273209864358,-1.82608695652,-1.4,-0.394736842105,-0.588938937595,0.0570245035043,0.0383770818553,-0.687629643174,0.0655639085002,0.0286138981791,-0.564620872742,0.0158044496396,0.0255396777136,0.204630130322,0.0285603992512,0.890930090298,0.339707821148,0.1934894536,0.890930090298,-0.00238459388657,0.0162780710474,-38,-0.0214568040655,-0.126111847225,-0.0434782608696,-0.0869565217391,0.0869565217391,74,4,25,403,0.747474747475,0.990171990172,0.00982800982801,0.252525252525,0.948717948718,0.747474747475,0.83615819209,0.810389941736,0.737646737647,0.718446601942,39,60,0,23,23,23,1,0,8,0,0.0386050732335,0,0,1,3.88826011686,0,16,NaN,1,ok,2.18974518502,0,23,22,22,0.95652173913,0,9,0,0.0496215853896,0,0,1,3.60282258065,0,16,NaN,1,ok,1.95577346041,0,23,22,22,0.95652173913,0,7,0,0.037276701526,0,0,1,4.77919020716,0,16,NaN,1,ok,2.52945300617,0,0,0,0
372,WLNM_dir_neg,0.860138888889,0.750461934277,00:00:00,10,40,72,508216018,fixed,validated_v2,/gpfs/scratch/acw792/wlnm_roleonly_v2_20260910/result_wlnm_dir_neg_roleonly_trophicv2_100x290_train10-90_Apocrita_20260910_011848/ecological_snapshots/Broadstone_Stream_tax_mass_K10_ratio0.4_exp72_seed508216018_threshold0.5_validated_v2.mat,role_only,2,uniform_without_replacement,uniform_remaining_nonlinks,176,0,176,407,198,198,176,22,0,22,0.111111111111,78,120,0.5,0.795454545455,0.583333333333,0.673076923077,35,9,25,111,0.583333333333,0.925,0.075,0.416666666667,0.795454545455,0.583333333333,0.673076923077,0.811111111111,0.585185185185,0.544642857143,0.557595223397,0.508333333333,99,39,60,0,99,0,39,0,60,23,99,0.195652173913,2.18974518502,8.60869565217,6.6,4.5,4.59979377438,0.534319478842,0.291611769873,4.28989068105,0.996641269334,0.541062801932,2.91445898002,0.677096530713,0.355731225296,1.07629584498,0.491516479791,2.88826011686,2.18974518502,1.07629584498,2.88826011686,0.351612638569,0.458912768647,121,0.0683229813665,0.291765337837,23,23,23,1,0,0.347826086957,0.608695652174,0.0434782608696,23,0.0770750988142,2.10289855072,3.39130434783,2.78571428571,3,2.57150699422,0.758264882912,0.419175027871,1.89340440402,1.11662311006,0.586399108138,1.96410476041,1.15831819204,0.60646599777,1.07241015695,0.509967614264,2.77777777778,2.3350877193,1.03846929932,2.77777777778,0.316106442577,0.331168831169,17,0.00959909655562,0.156109366824,23,19,19,0.826086956522,0,0.217391304348,0.347826086957,0.260869565217,23,83,0.164031620553,5.22891074494,7.21739130435,4.88235294118,4.15,4.71898026098,0.653834614474,0.361445783133,3.73848693792,1.0359662599,0.546883184914,2.74257891964,0.759991748815,0.422210581456,3.02619716965,0.578743320984,8.00460976026,5.22891074494,3.02619716965,8.00460976026,0.59201704728,0.510046367852,110,0.0621118012422,0.171719463015,23,23,23,1,0,0.260869565217,0.608695652174,0.130434782609,-16,-0.0316205533597,3.03916555991,-1.39130434783,-1.71764705882,-0.35,0.119186486607,0.119515135632,0.0698340132599,-0.55140374313,0.0393249905707,0.0058203829812,-0.171880060388,0.0828952181022,0.0664793561598,1.94990132467,0.0872268411924,5.1163496434,3.03916555991,1.94990132467,5.1163496434,0.240404408711,0.0511335992043,-11,-0.00621118012422,-0.120045874822,-0.0869565217391,0,0.0869565217391,74,9,25,398,0.747474747475,0.977886977887,0.022113022113,0.252525252525,0.89156626506,0.747474747475,0.813186813187,0.777070116506,0.725361725362,0.685185185185,44,60,0,23,23,23,1,0,8,0,0.0386050732335,0,0,1,3.88826011686,0,16,NaN,1,ok,2.18974518502,0,23,19,19,0.826086956522,0,5,0,0.0257014349968,0,0,1,3.77777777778,0,16,NaN,1,ok,2.3350877193,0,23,23,23,1,0,6,0,0.0167162294283,0,0,1,9.00460976026,0,16,NaN,1,ok,5.22891074494,0,0,0,0
373,WLNM_dir_neg,0.8425,0.496995568769,00:00:00,10,40,73,508216019,fixed,validated_v2,/gpfs/scratch/acw792/wlnm_roleonly_v2_20260910/result_wlnm_dir_neg_roleonly_trophicv2_100x290_train10-90_Apocrita_20260910_011848/ecological_snapshots/Broadstone_Stream_tax_mass_K10_ratio0.4_exp73_seed508216019_threshold0.5_validated_v2.mat,role_only,2,uniform_without_replacement,uniform_remaining_nonlinks,176,0,176,407,198,198,176,22,0,22,0.111111111111,78,120,0.5,0.6875,0.55,0.611111111111,33,15,27,105,0.55,0.875,0.125,0.45,0.6875,0.55,0.611111111111,0.766666666667,0.577777777778,0.447368421053,0.453051522256,0.425,99,39,60,0,99,0,39,0,60,23,99,0.195652173913,2.18974518502,8.60869565217,6.6,4.5,4.59979377438,0.534319478842,0.291611769873,4.28989068105,0.996641269334,0.541062801932,2.91445898002,0.677096530713,0.355731225296,1.07629584498,0.491516479791,2.88826011686,2.18974518502,1.07629584498,2.88826011686,0.351612638569,0.458912768647,121,0.0683229813665,0.291765337837,23,23,23,1,0,0.347826086957,0.608695652174,0.0434782608696,23,0.0770750988142,2.19542572464,3.39130434783,2.78571428571,2.16666666667,2.36910283047,0.698581603857,0.371237458194,1.86924346896,1.10237435349,0.570791527313,1.579262849,0.93136014172,0.477146042363,1.21862418347,0.555074202597,3.35416666667,2.30927579365,1.21533336749,3.35416666667,0.159103641457,0.18320610687,8,0.00451722190853,0.101534972964,23,21,21,0.913043478261,0,0.304347826087,0.478260869565,0.130434782609,23,87,0.171936758893,3.61279301076,7.5652173913,4.14285714286,4.14285714286,4.48052439054,0.592253224037,0.318340829585,3.07418166109,0.812714692012,0.427786106947,3.74112916522,0.989034147126,0.470764617691,1.2686600617,0.351157693763,4.51230292974,3.61279301076,1.2686600617,4.51230292974,0.547926100934,0.429864253394,95,0.0536420101637,0.239424761746,23,23,23,1,0,0.0869565217391,0.826086956522,0.0869565217391,-12,-0.0237154150198,1.42304782573,-1.04347826087,-2.45714285714,-0.357142857143,-0.119269383837,0.0579337451952,0.0267290597126,-1.21570901996,-0.183926577322,-0.113276694986,0.826670185192,0.311937616413,0.115033392395,0.192364216719,-0.140358786028,1.62404281288,1.42304782573,0.192364216719,1.62404281288,0.196313462365,-0.0290485152536,-26,-0.0146809712027,-0.0523405760906,-0.260869565217,0.217391304348,0.0434782608696,72,15,27,392,0.727272727273,0.963144963145,0.036855036855,0.272727272727,0.827586206897,0.727272727273,0.774193548387,0.72587205127,0.690417690418,0.631578947368,48,60,0,23,23,23,1,0,8,0,0.0386050732335,0,0,1,3.88826011686,0,16,NaN,1,ok,2.18974518502,0,23,21,21,0.913043478261,0,7,0,0.0443012012892,0,0,1,4.35416666667,0,16,NaN,1,ok,2.30927579365,0,23,23,23,1,0,2,0,0.00609112406197,0,0,1,5.51230292974,0,16,NaN,1,ok,3.61279301076,0,0,0,0
374,WLNM_dir_neg,0.857013888889,0.795686386883,00:00:00,10,40,74,508216020,fixed,validated_v2,/gpfs/scratch/acw792/wlnm_roleonly_v2_20260910/result_wlnm_dir_neg_roleonly_trophicv2_100x290_train10-90_Apocrita_20260910_011848/ecological_snapshots/Broadstone_Stream_tax_mass_K10_ratio0.4_exp74_seed508216020_threshold0.5_validated_v2.mat,role_only,2,uniform_without_replacement,uniform_remaining_nonlinks,176,0,176,407,198,198,176,22,0,22,0.111111111111,78,120,0.5,0.75,0.7,0.724137931034,42,14,18,106,0.7,0.883333333333,0.116666666667,0.3,0.75,0.7,0.724137931034,0.822222222222,0.562962962963,0.593220338983,0.593988704139,0.583333333333,99,39,60,0,99,0,39,0,60,23,99,0.195652173913,2.18974518502,8.60869565217,6.6,4.5,4.59979377438,0.534319478842,0.291611769873,4.28989068105,0.996641269334,0.541062801932,2.91445898002,0.677096530713,0.355731225296,1.07629584498,0.491516479791,2.88826011686,2.18974518502,1.07629584498,2.88826011686,0.351612638569,0.458912768647,121,0.0683229813665,0.291765337837,23,23,23,1,0,0.347826086957,0.608695652174,0.0434782608696,23,0.0770750988142,2.14655797101,3.39130434783,2.78571428571,2.4375,2.18962700092,0.645659243861,0.353400222965,1.96410476041,1.15831819204,0.597547380156,1.69047552774,0.996947106102,0.523968784838,1.12498432381,0.524087557381,3.1875,2.19867424242,1.12268013777,3.1875,0.135014005602,0.102739726027,5,0.00282326369283,0.117242281528,23,22,22,0.95652173913,0,0.347826086957,0.347826086957,0.260869565217,23,95,0.187747035573,2.85070857412,8.26086956522,5,4.31818181818,4.05885554072,0.491335144402,0.273226544622,3.63448568108,0.879928112263,0.481464530892,2.98944123429,0.723759456723,0.356979405034,1.26804533269,0.444817595246,3.50968860401,2.85070857412,1.26804533269,3.50968860401,0.441068779705,0.435931307794,110,0.0621118012422,0.236317327359,23,23,23,1,0,0.173913043478,0.782608695652,0.0434782608696,-4,-0.00790513833992,0.660963389098,-0.347826086957,-1.6,-0.181818181818,-0.540938233662,-0.0429843344394,-0.0183852252502,-0.655404999963,-0.116713157072,-0.0595982710399,0.0749822542668,0.0466629260104,0.00124817973788,0.191749487705,-0.0466988845451,0.62142848715,0.660963389098,0.191749487705,0.62142848715,0.089456141136,-0.0229814608534,-11,-0.00621118012422,-0.0554480104781,-0.173913043478,0.173913043478,0,81,14,18,393,0.818181818182,0.965601965602,0.034398034398,0.181818181818,0.852631578947,0.818181818182,0.835051546392,0.796211346328,0.783783783784,0.716814159292,56,60,0,23,23,23,1,0,8,0,0.0386050732335,0,0,1,3.88826011686,0,16,NaN,1,ok,2.18974518502,0,23,22,22,0.95652173913,0,8,0,0.0258724619384,0,0,1,4.1875,0,16,NaN,1,ok,2.19867424242,0,23,23,23,1,0,4,0,0.00683925952085,0,0,1,4.50968860401,0,16,NaN,1,ok,2.85070857412,0,0,0,0
375,WLNM_dir_neg,0.813611111111,0.716368152414,00:00:00,10,40,75,508216021,fixed,validated_v2,/gpfs/scratch/acw792/wlnm_roleonly_v2_20260910/result_wlnm_dir_neg_roleonly_trophicv2_100x290_train10-90_Apocrita_20260910_011848/ecological_snapshots/Broadstone_Stream_tax_mass_K10_ratio0.4_exp75_seed508216021_threshold0.5_validated_v2.mat,role_only,2,uniform_without_replacement,uniform_remaining_nonlinks,176,0,176,407,198,198,176,22,0,22,0.111111111111,78,120,0.5,0.777777777778,0.583333333333,0.666666666667,35,10,25,110,0.583333333333,0.916666666667,0.0833333333333,0.416666666667,0.777777777778,0.583333333333,0.666666666667,0.805555555556,0.583333333333,0.533333333333,0.544331053952,0.5,99,39,60,0,99,0,39,0,60,23,99,0.195652173913,2.18974518502,8.60869565217,6.6,4.5,4.59979377438,0.534319478842,0.291611769873,4.28989068105,0.996641269334,0.541062801932,2.91445898002,0.677096530713,0.355731225296,1.07629584498,0.491516479791,2.88826011686,2.18974518502,1.07629584498,2.88826011686,0.351612638569,0.458912768647,121,0.0683229813665,0.291765337837,23,23,23,1,0,0.347826086957,0.608695652174,0.0434782608696,23,0.0770750988142,2.13768115942,3.39130434783,2.78571428571,1.95,1.92446286331,0.567469818668,0.314381270903,1.69047552774,0.996947106102,0.53734671126,1.10514427724,0.651751753244,0.343366778149,1.21797333459,0.569763797199,3.515625,2.18939393939,1.22051799868,3.515625,0.146296296296,0.212389380531,8,0.00451722190853,0.0830193615908,23,22,22,0.95652173913,0,0.347826086957,0.521739130435,0.0869565217391,23,84,0.166007905138,5.69770137417,7.30434782609,4.66666666667,3.81818181818,4.17170972808,0.571126927058,0.308488612836,3.61321684492,0.989333183727,0.526915113872,2.26853368044,0.621146126787,0.344720496894,2.89753682702,0.508544873931,8.02678909903,5.69770137417,2.89753682702,8.02678909903,0.373510880654,0.398907103825,73,0.0412196499153,0.144040998943,23,23,23,1,0,0.217391304348,0.739130434783,0.0434782608696,-15,-0.0296442687747,3.50795618914,-1.30434782609,-1.93333333333,-0.681818181818,-0.4280840463,0.0368074482164,0.0168768429638,-0.676673836132,-0.00730808560741,-0.0141476880607,-0.645925299585,-0.0559504039257,-0.011010728402,1.82124098204,0.01702839414,5.13852898217,3.50795618914,1.82124098204,5.13852898217,0.0218982420846,-0.0600056648221,-48,-0.0271033314512,-0.147724338894,-0.130434782609,0.130434782609,0,74,10,25,397,0.747474747475,0.97542997543,0.02457002457,0.252525252525,0.880952380952,0.747474747475,0.808743169399,0.770725974434,0.722904722905,0.678899082569,45,60,0,23,23,23,1,0,8,0,0.0386050732335,0,0,1,3.88826011686,0,16,NaN,1,ok,2.18974518502,0,23,22,22,0.95652173913,0,8,0,0.0496894409938,0,0,1,4.515625,0,16,NaN,1,ok,2.18939393939,0,23,23,23,1,0,5,0,0.0106110775175,0,0,1,9.02678909903,0,16,NaN,1,ok,5.69770137417,0,0,0,0
376,WLNM_dir_neg,0.902777777778,0.798527193391,00:00:00,10,40,76,508216022,fixed,validated_v2,/gpfs/scratch/acw792/wlnm_roleonly_v2_20260910/result_wlnm_dir_neg_roleonly_trophicv2_100x290_train10-90_Apocrita_20260910_011848/ecological_snapshots/Broadstone_Stream_tax_mass_K10_ratio0.4_exp76_seed508216022_threshold0.5_validated_v2.mat,role_only,2,uniform_without_replacement,uniform_remaining_nonlinks,176,0,176,407,198,198,176,22,0,22,0.111111111111,78,120,0.5,0.795454545455,0.583333333333,0.673076923077,35,9,25,111,0.583333333333,0.925,0.075,0.416666666667,0.795454545455,0.583333333333,0.673076923077,0.811111111111,0.585185185185,0.544642857143,0.557595223397,0.508333333333,99,39,60,0,99,0,39,0,60,23,99,0.195652173913,2.18974518502,8.60869565217,6.6,4.5,4.59979377438,0.534319478842,0.291611769873,4.28989068105,0.996641269334,0.541062801932,2.91445898002,0.677096530713,0.355731225296,1.07629584498,0.491516479791,2.88826011686,2.18974518502,1.07629584498,2.88826011686,0.351612638569,0.458912768647,121,0.0683229813665,0.291765337837,23,23,23,1,0,0.347826086957,0.608695652174,0.0434782608696,23,0.0770750988142,2.00579710145,3.39130434783,2.78571428571,2.6,2.6239999036,0.773743561317,0.403567447046,1.96410476041,1.15831819204,0.577480490524,1.94082415973,1.14458860702,0.564102564103,1.03136377076,0.514191475304,2.85142857143,2.15666666667,1.02370665684,2.85142857143,0.267195767196,0.311688311688,16,0.00903444381705,0.150946275946,23,20,20,0.869565217391,0,0.260869565217,0.391304347826,0.217391304348,23,83,0.164031620553,7.8983483277,7.21739130435,4.88235294118,4.36842105263,4.87998250499,0.676142154306,0.375065479309,3.47378664801,0.962615577159,0.520691461498,3.2014077931,0.887137099292,0.480880041907,4.43976372214,0.562112930189,11.8939389655,8.55533388272,4.05841343553,11.8939389655,0.389629376471,0.464480874317,85,0.0479954827781,0.212648442244,23,21,21,0.913043478261,0,0.173913043478,0.652173913043,0.0869565217391,-16,-0.0316205533597,5.70860314268,-1.39130434783,-1.71764705882,-0.131578947368,0.280188730613,0.141822675464,0.0834537094359,-0.816104033038,-0.0340256921749,-0.0203713404342,0.286948813073,0.210040568579,0.12514881661,3.36346787715,0.0705964503976,9.00567884866,6.36558869769,2.98211759055,9.00567884866,0.0380167379023,0.00556810566966,-36,-0.0203274985884,-0.0791168955927,-0.173913043478,0.0434782608696,0.0434782608696,74,9,25,398,0.747474747475,0.977886977887,0.022113022113,0.252525252525,0.89156626506,0.747474747475,0.813186813187,0.777070116506,0.725361725362,0.685185185185,44,60,0,23,23,23,1,0,8,0,0.0386050732335,0,0,1,3.88826011686,0,16,NaN,1,ok,2.18974518502,0,23,20,20,0.869565217391,0,6,0,0.020547114486,0,0,1,3.85142857143,0,16,NaN,1,ok,2.15666666667,0,23,21,21,0.913043478261,0,4,0,0.00531439510849,0,0,1,12.8939389655,0,16,NaN,1,ok,8.55533388272,0,0,0,0
377,WLNM_dir_neg,0.817777777778,0.64453389448,00:00:00,10,40,77,508216023,fixed,validated_v2,/gpfs/scratch/acw792/wlnm_roleonly_v2_20260910/result_wlnm_dir_neg_roleonly_trophicv2_100x290_train10-90_Apocrita_20260910_011848/ecological_snapshots/Broadstone_Stream_tax_mass_K10_ratio0.4_exp77_seed508216023_threshold0.5_validated_v2.mat,role_only,2,uniform_without_replacement,uniform_remaining_nonlinks,176,0,176,407,198,198,176,22,0,22,0.111111111111,78,120,0.5,0.660714285714,0.616666666667,0.637931034483,37,19,23,101,0.616666666667,0.841666666667,0.158333333333,0.383333333333,0.660714285714,0.616666666667,0.637931034483,0.766666666667,0.562962962963,0.466101694915,0.466705410395,0.458333333333,99,39,60,0,99,0,39,0,60,23,99,0.195652173913,2.18974518502,8.60869565217,6.6,4.5,4.59979377438,0.534319478842,0.291611769873,4.28989068105,0.996641269334,0.541062801932,2.91445898002,0.677096530713,0.355731225296,1.07629584498,0.491516479791,2.88826011686,2.18974518502,1.07629584498,2.88826011686,0.351612638569,0.458912768647,121,0.0683229813665,0.291765337837,23,23,23,1,0,0.347826086957,0.608695652174,0.0434782608696,23,0.0770750988142,2.13890343985,3.39130434783,2.78571428571,2.16666666667,2.33041413477,0.687173398714,0.375696767001,1.71715363343,1.01268034792,0.546265328874,1.81995960516,1.07330951074,0.50613154961,1.13303826974,0.529728574292,2.97590361446,2.24737043412,1.1269826285,2.97590361446,0.115211640212,0.105633802817,5,0.00282326369283,0.131671899529,23,21,21,0.913043478261,0,0.304347826087,0.478260869565,0.130434782609,23,95,0.187747035573,1,8.26086956522,4.75,4.52380952381,4.03639568409,0.488616319654,0.270022883295,3.65941311522,0.885963175263,0.475972540046,2.59902687779,0.629238086201,0.343249427918,0,0,0,NaN,NaN,NaN,0.482801794165,0.462833099579,110,0.0621118012422,0.157242222432,23,22,0,0.95652173913,7,0.0869565217391,0.826086956522,0.0434782608696,-4,-0.00790513833992,-1.18974518502,-0.347826086957,-1.85,0.0238095238095,-0.563398090283,-0.0457031591882,-0.0215888865774,-0.63047756583,-0.110678094071,-0.0650902618866,-0.315432102237,-0.0478584445115,-0.0124817973788,-1.07629584498,-0.491516479791,-2.88826011686,NaN,NaN,NaN,0.131189155596,0.00392033093196,-11,-0.00621118012422,-0.134523115405,-0.260869565217,0.217391304348,0,76,19,23,388,0.767676767677,0.953316953317,0.046683046683,0.232323232323,0.8,0.767676767677,0.783505154639,0.732425693365,0.720993720994,0.64406779661,56,60,0,23,23,23,1,0,8,0,0.0386050732335,0,0,1,3.88826011686,0,16,NaN,1,ok,2.18974518502,0,23,21,21,0.913043478261,0,7,0,0.03418239833,0,0,1,3.97590361446,0,16,NaN,1,ok,2.24737043412,0,23,22,0,0.95652173913,7,2,6,NaN,NaN,NaN,NaN,NaN,0,0,NaN,0,basal_unreachable_in_lcc,NaN,2,0,0,0
378,WLNM_dir_neg,0.840694444444,0.657948872813,00:00:00,10,40,78,508216024,fixed,validated_v2,/gpfs/scratch/acw792/wlnm_roleonly_v2_20260910/result_wlnm_dir_neg_roleonly_trophicv2_100x290_train10-90_Apocrita_20260910_011848/ecological_snapshots/Broadstone_Stream_tax_mass_K10_ratio0.4_exp78_seed508216024_threshold0.5_validated_v2.mat,role_only,2,uniform_without_replacement,uniform_remaining_nonlinks,176,0,176,407,198,198,176,22,0,22,0.111111111111,78,120,0.5,0.770833333333,0.616666666667,0.685185185185,37,11,23,109,0.616666666667,0.908333333333,0.0916666666667,0.383333333333,0.770833333333,0.616666666667,0.685185185185,0.811111111111,0.577777777778,0.552631578947,0.559651880433,0.525,99,39,60,0,99,0,39,0,60,23,99,0.195652173913,2.18974518502,8.60869565217,6.6,4.5,4.59979377438,0.534319478842,0.291611769873,4.28989068105,0.996641269334,0.541062801932,2.91445898002,0.677096530713,0.355731225296,1.07629584498,0.491516479791,2.88826011686,2.18974518502,1.07629584498,2.88826011686,0.351612638569,0.458912768647,121,0.0683229813665,0.291765337837,23,23,23,1,0,0.347826086957,0.608695652174,0.0434782608696,23,0.0770750988142,2.14247113731,3.39130434783,2.6,2.29411764706,2.18962700092,0.645659243861,0.355629877369,1.86924346896,1.10237435349,0.573021181717,1.79481026115,1.05847784632,0.50613154961,1.07018741246,0.499510772316,3.17796610169,2.19440164355,1.06529796296,3.17796610169,0.233333333333,0.22602739726,11,0.00621118012422,0.121647770219,23,22,22,0.95652173913,0,0.304347826087,0.434782608696,0.217391304348,23,87,0.171936758893,3.31111249013,7.5652173913,5.11764705882,3.78260869565,4.08796556377,0.540363264177,0.298350824588,3.81333213558,1.00812228872,0.539730134933,2.44868279506,0.647352922832,0.337831084458,1.70976479914,0.516371704144,4.90302447405,3.31111249013,1.70976479914,4.90302447405,0.385880303272,0.384116693679,79,0.0446075663467,0.158421419267,23,23,23,1,0,0.260869565217,0.739130434783,0,-12,-0.0237154150198,1.1213673051,-1.04347826087,-1.48235294118,-0.717391304348,-0.511828210604,0.00604378533509,0.00673905471507,-0.476558545462,0.0114810193836,-0.00133266699983,-0.465776184963,-0.0297436078804,-0.0179001408387,0.633468954155,0.0248552243525,2.01476435719,1.1213673051,0.633468954155,2.01476435719,0.0342676647024,-0.0747960749682,-42,-0.0237154150198,-0.13334391857,-0.0869565217391,0.130434782609,-0.0434782608696,76,11,23,396,0.767676767677,0.972972972973,0.027027027027,0.232323232323,0.873563218391,0.767676767677,0.817204301075,0.778683620046,0.74064974065,0.690909090909,48,60,0,23,23,23,1,0,8,0,0.0386050732335,0,0,1,3.88826011686,0,16,NaN,1,ok,2.18974518502,0,23,22,22,0.95652173913,0,7,0,0.024395412422,0,0,1,4.17796610169,0,16,NaN,1,ok,2.19440164355,0,23,23,23,1,0,6,0,0.0291490012339,0,0,1,5.90302447405,0,16,NaN,1,ok,3.31111249013,0,0,0,0
379,WLNM_dir_neg,0.823263888889,0.62557008582,00:00:00,10,40,79,508216025,fixed,validated_v2,/gpfs/scratch/acw792/wlnm_roleonly_v2_20260910/result_wlnm_dir_neg_roleonly_trophicv2_100x290_train10-90_Apocrita_20260910_011848/ecological_snapshots/Broadstone_Stream_tax_mass_K10_ratio0.4_exp79_seed508216025_threshold0.5_validated_v2.mat,role_only,2,uniform_without_replacement,uniform_remaining_nonlinks,176,0,176,407,198,198,176,22,0,22,0.111111111111,78,120,0.5,0.736842105263,0.466666666667,0.571428571429,28,10,32,110,0.466666666667,0.916666666667,0.0833333333333,0.533333333333,0.736842105263,0.466666666667,0.571428571429,0.766666666667,0.596296296296,0.422018348624,0.442799236477,0.383333333333,99,39,60,0,99,0,39,0,60,23,99,0.195652173913,2.18974518502,8.60869565217,6.6,4.5,4.59979377438,0.534319478842,0.291611769873,4.28989068105,0.996641269334,0.541062801932,2.91445898002,0.677096530713,0.355731225296,1.07629584498,0.491516479791,2.88826011686,2.18974518502,1.07629584498,2.88826011686,0.351612638569,0.458912768647,121,0.0683229813665,0.291765337837,23,23,23,1,0,0.347826086957,0.608695652174,0.0434782608696,23,0.0770750988142,1.906331045,3.39130434783,3,2.05263157895,1.9711355849,0.581232287856,0.319955406912,1.94082415973,1.14458860702,0.59977703456,1.32920969714,0.783892898314,0.408026755853,0.963985307837,0.505675711658,3.16666666667,1.906331045,0.963985307837,3.16666666667,0.0740740740741,0.100840336134,4,0.00225861095426,0.0790343915344,23,23,23,1,0,0.434782608696,0.391304347826,0.173913043478,23,77,0.152173913043,2.17009545311,6.69565217391,5.13333333333,3.66666666667,3.72259419087,0.555971859675,0.302089215133,3.63829000359,1.08676194912,0.572557876906,1.99108685834,0.594740230414,0.319593450028,0.945776451579,0.435822511965,2.41666666667,2.17009545311,0.945776451579,2.41666666667,0.498673066064,0.426168224299,76,0.042913608131,0.141307320908,23,23,23,1,0,0.347826086957,0.565217391304,0.0869565217391,-22,-0.0434782608696,-0.0196497319139,-1.91304347826,-1.46666666667,-0.833333333333,-0.877199583509,0.0216523808333,0.0104774452601,-0.651600677461,0.090120679789,0.0314950749733,-0.92337212168,-0.0823563002983,-0.0361377752682,-0.130519393404,-0.0556939678261,-0.471593450191,-0.0196497319139,-0.130519393404,-0.471593450191,0.147060427495,-0.0327445443482,-45,-0.0254093732355,-0.150458016929,0,-0.0434782608696,0.0434782608696,67,10,32,397,0.676767676768,0.97542997543,0.02457002457,0.323232323232,0.87012987013,0.676767676768,0.761363636364,0.720310962352,0.652197652198,0.614678899083,38,60,0,23,23,23,1,0,8,0,0.0386050732335,0,0,1,3.88826011686,0,16,NaN,1,ok,2.18974518502,0,23,23,23,1,0,10,0,0.0877350504092,0,0,1,4.16666666667,0,16,NaN,1,ok,1.906331045,0,23,23,23,1,0,8,0,0.0428286182624,0,0,1,3.41666666667,0,16,NaN,1,ok,2.17009545311,0,0,0,0
380,WLNM_dir_neg,0.915555555556,0.83323137591,00:00:00,10,40,80,508216026,fixed,validated_v2,/gpfs/scratch/acw792/wlnm_roleonly_v2_20260910/result_wlnm_dir_neg_roleonly_trophicv2_100x290_train10-90_Apocrita_20260910_011848/ecological_snapshots/Broadstone_Stream_tax_mass_K10_ratio0.4_exp80_seed508216026_threshold0.5_validated_v2.mat,role_only,2,uniform_without_replacement,uniform_remaining_nonlinks,176,0,176,407,198,198,176,22,0,22,0.111111111111,78,120,0.5,0.864864864865,0.533333333333,0.659793814433,32,5,28,115,0.533333333333,0.958333333333,0.0416666666667,0.466666666667,0.864864864865,0.533333333333,0.659793814433,0.816666666667,0.598148148148,0.543778801843,0.573545838582,0.491666666667,99,39,60,0,99,0,39,0,60,23,99,0.195652173913,2.18974518502,8.60869565217,6.6,4.5,4.59979377438,0.534319478842,0.291611769873,4.28989068105,0.996641269334,0.541062801932,2.91445898002,0.677096530713,0.355731225296,1.07629584498,0.491516479791,2.88826011686,2.18974518502,1.07629584498,2.88826011686,0.351612638569,0.458912768647,121,0.0683229813665,0.291765337837,23,23,23,1,0,0.347826086957,0.608695652174,0.0434782608696,23,0.0770750988142,1.75501672241,3.39130434783,3.25,2.4375,1.99406233227,0.587992739003,0.324414715719,1.98711262912,1.17188693512,0.608695652174,1.55021355153,0.914228504746,0.479375696767,0.818249985899,0.466234865715,2.26666666667,1.82692307692,0.821006862483,2.26666666667,0.159523809524,0.197080291971,9,0.00508187464709,0.117027417027,23,21,21,0.913043478261,0,0.391304347826,0.304347826087,0.217391304348,23,76,0.150197628458,2.50981181178,6.60869565217,5.84615384615,3.61904761905,4.50998014947,0.682431206828,0.378146453089,4.07246611246,1.23245684982,0.631578947368,2.0765964857,0.628443673304,0.350114416476,1.53463702884,0.611455018914,4.22526046138,2.57843962141,1.5342019958,4.22526046138,0.538997113997,0.491329479769,85,0.0479954827781,0.168233936333,23,22,22,0.95652173913,0,0.391304347826,0.521739130435,0.0434782608696,-23,-0.0454545454545,0.320066626758,-2,-0.753846153846,-0.880952380952,-0.0898136249068,0.148111727986,0.0865346832166,-0.217424568585,0.23581558049,0.0905161454361,-0.837862494323,-0.0486528574084,-0.00561680882047,0.458341183862,0.119938539123,1.33700034452,0.388694436384,0.457906150814,1.33700034452,0.187384475428,0.0324167111215,-36,-0.0203274985884,-0.123531401503,0.0434782608696,-0.0869565217391,0,71,5,28,402,0.717171717172,0.987714987715,0.012285012285,0.282828282828,0.934210526316,0.717171717172,0.811428571429,0.782695969184,0.704886704887,0.682692307692,37,60,0,23,23,23,1,0,8,0,0.0386050732335,0,0,1,3.88826011686,0,16,NaN,1,ok,2.18974518502,0,23,21,21,0.913043478261,0,9,0,0.0600108481149,0,0,1,3.26666666667,0,16,NaN,1,ok,1.82692307692,0,23,22,22,0.95652173913,0,9,0,0.049188342756,0,0,1,5.22526046138,0,16,NaN,1,ok,2.57843962141,0,0,0,0
381,WLNM_dir_neg,0.905277777778,0.77417055793,00:00:00,10,40,81,508216027,fixed,validated_v2,/gpfs/scratch/acw792/wlnm_roleonly_v2_20260910/result_wlnm_dir_neg_roleonly_trophicv2_100x290_train10-90_Apocrita_20260910_011848/ecological_snapshots/Broadstone_Stream_tax_mass_K10_ratio0.4_exp81_seed508216027_threshold0.5_validated_v2.mat,role_only,2,uniform_without_replacement,uniform_remaining_nonlinks,176,0,176,407,198,198,176,22,0,22,0.111111111111,78,120,0.5,0.843137254902,0.716666666667,0.774774774775,43,8,17,112,0.716666666667,0.933333333333,0.0666666666667,0.283333333333,0.843137254902,0.716666666667,0.774774774775,0.861111111111,0.572222222222,0.675324675325,0.679985515256,0.65,99,39,60,0,99,0,39,0,60,23,99,0.195652173913,2.18974518502,8.60869565217,6.6,4.5,4.59979377438,0.534319478842,0.291611769873,4.28989068105,0.996641269334,0.541062801932,2.91445898002,0.677096530713,0.355731225296,1.07629584498,0.491516479791,2.88826011686,2.18974518502,1.07629584498,2.88826011686,0.351612638569,0.458912768647,121,0.0683229813665,0.291765337837,23,23,23,1,0,0.347826086957,0.608695652174,0.0434782608696,23,0.0770750988142,2.09702093398,3.39130434783,2.6,2.29411764706,2.08324769257,0.614290986272,0.335562987737,1.60778737312,0.948182296966,0.515050167224,1.81995960516,1.07330951074,0.523968784838,0.985530486045,0.469966927882,2.94444444444,2.09702093398,0.985530486045,2.94444444444,0.248148148148,0.170212765957,8,0.00451722190853,0.124977324263,23,23,23,1,0,0.347826086957,0.391304347826,0.260869565217,23,90,0.177865612648,3.58272216064,7.82608695652,5.29411764706,4.09090909091,4.14127970903,0.529163518377,0.289855072464,3.7162180614,0.949700171246,0.51690821256,3.21803219768,0.822386006073,0.419323671498,1.7223997268,0.480751688121,5,3.58272216064,1.7223997268,5,0.383545922676,0.445244956772,103,0.0581592320723,0.235303927978,23,23,23,1,0,0.260869565217,0.695652173913,0.0434782608696,-9,-0.0177865612648,1.39297697561,-0.782608695652,-1.30588235294,-0.409090909091,-0.458514065343,-0.00515596046519,-0.00175669740887,-0.573672619652,-0.0469410980887,-0.024154589372,0.303573217654,0.145289475361,0.0635924462011,0.646103881813,-0.0107647916699,2.11173988314,1.39297697561,0.646103881813,2.11173988314,0.0319332841072,-0.0136678118749,-18,-0.0101637492942,-0.0564614098587,-0.0869565217391,0.0869565217391,0,82,8,17,399,0.828282828283,0.980343980344,0.019656019656,0.171717171717,0.911111111111,0.828282828283,0.867724867725,0.838870684037,0.808626808627,0.766355140187,51,60,0,23,23,23,1,0,8,0,0.0386050732335,0,0,1,3.88826011686,0,16,NaN,1,ok,2.18974518502,0,23,23,23,1,0,8,0,0.0279898130902,0,0,1,3.94444444444,0,16,NaN,1,ok,2.09702093398,0,23,23,23,1,0,6,0,0.0107583372158,0,0,1,6,0,16,NaN,1,ok,3.58272216064,0,0,0,0
382,WLNM_dir_neg,0.792291666667,0.706425041453,00:00:00,10,40,82,508216028,fixed,validated_v2,/gpfs/scratch/acw792/wlnm_roleonly_v2_20260910/result_wlnm_dir_neg_roleonly_trophicv2_100x290_train10-90_Apocrita_20260910_011848/ecological_snapshots/Broadstone_Stream_tax_mass_K10_ratio0.4_exp82_seed508216028_threshold0.5_validated_v2.mat,role_only,2,uniform_without_replacement,uniform_remaining_nonlinks,176,0,176,407,198,198,176,22,0,22,0.111111111111,78,120,0.5,0.875,0.466666666667,0.608695652174,28,4,32,116,0.466666666667,0.966666666667,0.0333333333333,0.533333333333,0.875,0.466666666667,0.608695652174,0.8,0.607407407407,0.490566037736,0.534296708742,0.433333333333,99,39,60,0,99,0,39,0,60,23,99,0.195652173913,2.18974518502,8.60869565217,6.6,4.5,4.59979377438,0.534319478842,0.291611769873,4.28989068105,0.996641269334,0.541062801932,2.91445898002,0.677096530713,0.355731225296,1.07629584498,0.491516479791,2.88826011686,2.18974518502,1.07629584498,2.88826011686,0.351612638569,0.458912768647,121,0.0683229813665,0.291765337837,23,23,23,1,0,0.347826086957,0.608695652174,0.0434782608696,23,0.0770750988142,2.04436557232,3.39130434783,3.25,2.05263157895,2.14770766664,0.633298414522,0.348940914158,2.11992243873,1.250210669,0.635451505017,1.36297744291,0.803807209921,0.410256410256,1.24888579586,0.610891619762,4,2.20102040816,1.26804517988,4,0.1,0.0923076923077,4,0.00225861095426,0.0999639249639,23,20,20,0.869565217391,0,0.347826086957,0.478260869565,0.0434782608696,23,71,0.140316205534,2.86360170331,6.17391304348,5.07142857143,3.73684210526,3.84532979923,0.622835108325,0.346601347214,3.46296041873,1.12180407931,0.591549295775,2.25455182965,0.730347775801,0.387017758726,1.714543915,0.598736867988,4.2,3.1431419588,1.665290387,4.2,0.414547732969,0.437219730942,65,0.0367024280068,0.17080067817,23,20,20,0.869565217391,0,0.260869565217,0.565217391304,0.0434782608696,-28,-0.0553359683794,0.673856518283,-2.4347826087,-1.52857142857,-0.763157894737,-0.75446397515,0.0885156294837,0.0549895773411,-0.826930262322,0.125162809971,0.0504864938423,-0.659907150376,0.0532512450887,0.0312865334298,0.638248070021,0.107220388197,1.31173988314,0.953396773779,0.588994542021,1.31173988314,0.0629350943996,-0.0216930377056,-56,-0.0316205533597,-0.120964659667,-0.0869565217391,-0.0434782608696,0,67,4,32,403,0.676767676768,0.990171990172,0.00982800982801,0.323232323232,0.943661971831,0.676767676768,0.788235294118,0.761776458565,0.66693966694,0.650485436893,32,60,0,23,23,23,1,0,8,0,0.0386050732335,0,0,1,3.88826011686,0,16,NaN,1,ok,2.18974518502,0,23,20,20,0.869565217391,0,8,0,0.0547098887193,0,0,1,5,0,16,NaN,1,ok,2.20102040816,0,23,20,20,0.869565217391,0,6,0,0.0338827479142,0,0,1,5.2,0,16,NaN,1,ok,3.1431419588,0,0,0,0
383,WLNM_dir_neg,0.845763888889,0.679116581548,00:00:00,10,40,83,508216029,fixed,validated_v2,/gpfs/scratch/acw792/wlnm_roleonly_v2_20260910/result_wlnm_dir_neg_roleonly_trophicv2_100x290_train10-90_Apocrita_20260910_011848/ecological_snapshots/Broadstone_Stream_tax_mass_K10_ratio0.4_exp83_seed508216029_threshold0.5_validated_v2.mat,role_only,2,uniform_without_replacement,uniform_remaining_nonlinks,176,0,176,407,198,198,176,22,0,22,0.111111111111,78,120,0.5,0.794871794872,0.516666666667,0.626262626263,31,8,29,112,0.516666666667,0.933333333333,0.0666666666667,0.483333333333,0.794871794872,0.516666666667,0.626262626263,0.794444444444,0.594444444444,0.493150684932,0.514916610922,0.45,99,39,60,0,99,0,39,0,60,23,99,0.195652173913,2.18974518502,8.60869565217,6.6,4.5,4.59979377438,0.534319478842,0.291611769873,4.28989068105,0.996641269334,0.541062801932,2.91445898002,0.677096530713,0.355731225296,1.07629584498,0.491516479791,2.88826011686,2.18974518502,1.07629584498,2.88826011686,0.351612638569,0.458912768647,121,0.0683229813665,0.291765337837,23,23,23,1,0,0.347826086957,0.608695652174,0.0434782608696,23,0.0770750988142,1.99057971014,3.39130434783,3,2.05263157895,2.36910283047,0.698581603857,0.373467112598,2.11992243873,1.250210669,0.633221850613,1.1455361035,0.67557257386,0.356744704571,1.06422235772,0.534629360631,3.32575757576,2.08492063492,1.06693772664,3.32575757576,0.158939014202,0.132352941176,6,0.00338791643139,0.0672313797314,23,21,21,0.913043478261,0,0.347826086957,0.478260869565,0.0869565217391,23,78,0.154150197628,1,6.78260869565,4.10526315789,4.10526315789,4.3896212483,0.647187748147,0.356744704571,3.39436873814,1.00090360227,0.52508361204,2.57150699422,0.758264882912,0.414715719064,0,0,0,33.6912128224,12.4458031903,41.3448294357,0.480498601927,0.459677419355,76,0.042913608131,0.155996456435,23,21,21,0.913043478261,0,0.0869565217391,0.739130434783,0.0869565217391,-21,-0.0415019762846,-1.18974518502,-1.82608695652,-2.49473684211,-0.394736842105,-0.210172526074,0.112868269306,0.0651329346982,-0.895521942911,0.00426233293666,-0.0159791898922,-0.3429519858,0.0811683521995,0.0589844937671,-1.07629584498,-0.491516479791,-2.88826011686,31.5014676374,11.3695073453,38.4565693189,0.128885963358,0.000764650707557,-45,-0.0254093732355,-0.135768881402,-0.260869565217,0.130434782609,0.0434782608696,70,8,29,399,0.707070707071,0.980343980344,0.019656019656,0.292929292929,0.897435897436,0.707070707071,0.790960451977,0.755204246222,0.687414687415,0.654205607477,39,60,0,23,23,23,1,0,8,0,0.0386050732335,0,0,1,3.88826011686,0,16,NaN,1,ok,2.18974518502,0,23,21,21,0.913043478261,0,8,0,0.0733980582524,0,0,1,4.32575757576,0,16,NaN,1,ok,2.08492063492,0,23,21,21,0.913043478261,0,2,0,0.000802899377481,0,0,1,42.3448294357,1,16,NaN,1,ok,NaN,3,0,0,0
384,WLNM_dir_neg,0.790833333333,0.646710615283,00:00:00,10,40,84,508216030,fixed,validated_v2,/gpfs/scratch/acw792/wlnm_roleonly_v2_20260910/result_wlnm_dir_neg_roleonly_trophicv2_100x290_train10-90_Apocrita_20260910_011848/ecological_snapshots/Broadstone_Stream_tax_mass_K10_ratio0.4_exp84_seed508216030_threshold0.5_validated_v2.mat,role_only,2,uniform_without_replacement,uniform_remaining_nonlinks,176,0,176,407,198,198,176,22,0,22,0.111111111111,78,120,0.5,0.848484848485,0.466666666667,0.602150537634,28,5,32,115,0.466666666667,0.958333333333,0.0416666666667,0.533333333333,0.848484848485,0.466666666667,0.602150537634,0.794444444444,0.605555555556,0.478873239437,0.517773168292,0.425,99,39,60,0,99,0,39,0,60,23,99,0.195652173913,2.18974518502,8.60869565217,6.6,4.5,4.59979377438,0.534319478842,0.291611769873,4.28989068105,0.996641269334,0.541062801932,2.91445898002,0.677096530713,0.355731225296,1.07629584498,0.491516479791,2.88826011686,2.18974518502,1.07629584498,2.88826011686,0.351612638569,0.458912768647,121,0.0683229813665,0.291765337837,23,23,23,1,0,0.347826086957,0.608695652174,0.0434782608696,23,0.0770750988142,1.95441795231,3.39130434783,3,2.05263157895,2.82423168047,0.832786264754,0.440356744705,2.14125669576,1.26279241032,0.63768115942,1.66336959783,0.980961557692,0.472686733556,1.05801681834,0.541346244329,3.32258064516,2.04758064516,1.09133670351,3.32258064516,0.258900226757,0.278145695364,14,0.00790513833992,0.114423539424,23,20,20,0.869565217391,0,0.391304347826,0.434782608696,0.130434782609,23,72,0.142292490119,2.10262540103,6.26086956522,5.53846153846,3.27272727273,5.04720797079,0.806151273112,0.428140096618,4.29909449056,1.37332185115,0.675120772947,1.96108383359,0.62645733573,0.341787439614,1.13379270104,0.5392271493,3.00059793148,2.10262540103,1.13379270104,3.00059793148,0.420583217952,0.439024390244,66,0.0372670807453,0.153878226474,23,23,23,1,0,0.434782608696,0.521739130435,0.0434782608696,-27,-0.0533596837945,-0.087119783998,-2.34782608696,-1.06153846154,-1.22727272727,0.447414196412,0.27183179427,0.136528326746,0.00920380950948,0.376680581816,0.134057971014,-0.953375146434,-0.0506391949823,-0.0139437856829,0.0574968560579,0.0477106695086,0.112337814622,-0.087119783998,0.0574968560579,0.112337814622,0.0689705793825,-0.0198883784034,-55,-0.0310559006211,-0.137887111362,0.0869565217391,-0.0869565217391,0,67,5,32,402,0.676767676768,0.987714987715,0.012285012285,0.323232323232,0.930555555556,0.676767676768,0.783625730994,0.754548819822,0.664482664483,0.644230769231,33,60,0,23,23,23,1,0,8,0,0.0386050732335,0,0,1,3.88826011686,0,16,NaN,1,ok,2.18974518502,0,23,20,20,0.869565217391,0,8,0,0.0305684726352,0,0,1,4.32258064516,0,16,NaN,1,ok,2.04758064516,0,23,23,23,1,0,10,0,0.0330099732978,0,0,1,4.00059793148,0,16,NaN,1,ok,2.10262540103,0,0,0,0
385,WLNM_dir_neg,0.851388888889,0.729475770461,00:00:00,10,40,85,508216031,fixed,validated_v2,/gpfs/scratch/acw792/wlnm_roleonly_v2_20260910/result_wlnm_dir_neg_roleonly_trophicv2_100x290_train10-90_Apocrita_20260910_011848/ecological_snapshots/Broadstone_Stream_tax_mass_K10_ratio0.4_exp85_seed508216031_threshold0.5_validated_v2.mat,role_only,2,uniform_without_replacement,uniform_remaining_nonlinks,176,0,176,407,198,198,176,22,0,22,0.111111111111,78,120,0.5,0.833333333333,0.666666666667,0.740740740741,40,8,20,112,0.666666666667,0.933333333333,0.0666666666667,0.333333333333,0.833333333333,0.666666666667,0.740740740741,0.844444444444,0.577777777778,0.631578947368,0.639602149067,0.6,99,39,60,0,99,0,39,0,60,23,99,0.195652173913,2.18974518502,8.60869565217,6.6,4.5,4.59979377438,0.534319478842,0.291611769873,4.28989068105,0.996641269334,0.541062801932,2.91445898002,0.677096530713,0.355731225296,1.07629584498,0.491516479791,2.88826011686,2.18974518502,1.07629584498,2.88826011686,0.351612638569,0.458912768647,121,0.0683229813665,0.291765337837,23,23,23,1,0,0.347826086957,0.608695652174,0.0434782608696,23,0.0770750988142,2.06179977387,3.39130434783,2.6,2.05263157895,2.14770766664,0.633298414522,0.347826086957,1.79481026115,1.05847784632,0.552954292085,1.42811963494,0.842224400092,0.439241917503,1.01230218762,0.490979871301,3.06382978723,2.11006339996,1.00867571721,3.06382978723,0.258333333333,0.25,11,0.00621118012422,0.101749811036,23,22,22,0.95652173913,0,0.304347826087,0.521739130435,0.130434782609,23,87,0.171936758893,1,7.5652173913,5.11764705882,3.95454545455,4.00937636226,0.52997503639,0.292853573213,3.55421032962,0.939618822774,0.508745627186,2.64500424023,0.699253994543,0.360819590205,0,0,0,NaN,NaN,NaN,0.482650934924,0.420382165605,88,0.0496894409938,0.179475079659,23,23,0,1,7,0.260869565217,0.695652173913,0.0434782608696,-12,-0.0237154150198,-1.18974518502,-1.04347826087,-1.48235294118,-0.545454545455,-0.59041741212,-0.00434444245143,0.00124180334075,-0.735680351425,-0.0570224465605,-0.032317174746,-0.269454739795,0.0221574638306,0.00508836490845,-1.07629584498,-0.491516479791,-2.88826011686,NaN,NaN,NaN,0.131038296355,-0.0385306030422,-33,-0.0186335403727,-0.112290258178,-0.0869565217391,0.0869565217391,0,79,8,20,399,0.79797979798,0.980343980344,0.019656019656,0.20202020202,0.908045977011,0.79797979798,0.849462365591,0.818292296628,0.778323778324,0.738317757009,48,60,0,23,23,23,1,0,8,0,0.0386050732335,0,0,1,3.88826011686,0,16,NaN,1,ok,2.18974518502,0,23,22,22,0.95652173913,0,7,0,0.0365048543689,0,0,1,4.06382978723,0,16,NaN,1,ok,2.11006339996,0,23,23,0,1,7,6,2,NaN,NaN,NaN,NaN,NaN,0,0,NaN,0,basal_unreachable_in_lcc,NaN,2,0,0,0
386,WLNM_dir_neg,0.797013888889,0.571570523222,00:00:00,10,40,86,508216032,fixed,validated_v2,/gpfs/scratch/acw792/wlnm_roleonly_v2_20260910/result_wlnm_dir_neg_roleonly_trophicv2_100x290_train10-90_Apocrita_20260910_011848/ecological_snapshots/Broadstone_Stream_tax_mass_K10_ratio0.4_exp86_seed508216032_threshold0.5_validated_v2.mat,role_only,2,uniform_without_replacement,uniform_remaining_nonlinks,176,0,176,407,198,198,176,22,0,22,0.111111111111,78,120,0.5,0.787234042553,0.616666666667,0.691588785047,37,10,23,110,0.616666666667,0.916666666667,0.0833333333333,0.383333333333,0.787234042553,0.616666666667,0.691588785047,0.816666666667,0.57962962963,0.563876651982,0.572387613062,0.533333333333,99,39,60,0,99,0,39,0,60,23,99,0.195652173913,2.18974518502,8.60869565217,6.6,4.5,4.59979377438,0.534319478842,0.291611769873,4.28989068105,0.996641269334,0.541062801932,2.91445898002,0.677096530713,0.355731225296,1.07629584498,0.491516479791,2.88826011686,2.18974518502,1.07629584498,2.88826011686,0.351612638569,0.458912768647,121,0.0683229813665,0.291765337837,23,23,23,1,0,0.347826086957,0.608695652174,0.0434782608696,23,0.0770750988142,2.08435727788,3.39130434783,2.78571428571,2.4375,2.06131313917,0.607823105139,0.328874024526,1.84476612483,1.0879389967,0.573021181717,1.42811963494,0.842224400092,0.461538461538,1.13504763173,0.544555217945,3.36956521739,2.18762939959,1.13507047387,3.36956521739,0.173333333333,0.302752293578,11,0.00621118012422,0.0963806035235,23,21,21,0.913043478261,0,0.304347826087,0.391304347826,0.217391304348,23,86,0.169960474308,6.09565178225,7.47826086957,4.77777777778,4.77777777778,4.35753855892,0.582694109623,0.321536905966,3.45381727295,0.923695317185,0.505561172902,2.9575387695,0.790969670914,0.435793731041,3.7679386006,0.618135473481,9.95915913163,6.09565178225,3.7679386006,9.95915913163,0.345227788085,0.463121783877,90,0.0508187464709,0.176654681557,23,23,23,1,0,0.217391304348,0.565217391304,0.217391304348,-13,-0.0256916996047,3.90590659722,-1.13043478261,-1.82222222222,0.277777777778,-0.242255215455,0.0483746307815,0.029925136093,-0.836073408095,-0.0729459521494,-0.0355016290304,0.0430797894801,0.113873140201,0.080062505745,2.69164275561,0.12661899369,7.07089901477,3.90590659722,2.69164275561,7.07089901477,-0.00638485048423,0.00420901522922,-31,-0.0175042348955,-0.11511065628,-0.130434782609,-0.0434782608696,0.173913043478,76,10,23,397,0.767676767677,0.97542997543,0.02457002457,0.232323232323,0.883720930233,0.767676767677,0.821621621622,0.784859886595,0.743106743107,0.697247706422,47,60,0,23,23,23,1,0,8,0,0.0386050732335,0,0,1,3.88826011686,0,16,NaN,1,ok,2.18974518502,0,23,21,21,0.913043478261,0,7,0,0.039320440218,0,0,1,4.36956521739,0,16,NaN,1,ok,2.18762939959,0,23,23,23,1,0,5,0,0.0102629749821,0,0,1,10.9591591316,0,16,NaN,1,ok,6.09565178225,0,0,0,0
387,WLNM_dir_neg,0.772222222222,0.535148224685,00:00:00,10,40,87,508216033,fixed,validated_v2,/gpfs/scratch/acw792/wlnm_roleonly_v2_20260910/result_wlnm_dir_neg_roleonly_trophicv2_100x290_train10-90_Apocrita_20260910_011848/ecological_snapshots/Broadstone_Stream_tax_mass_K10_ratio0.4_exp87_seed508216033_threshold0.5_validated_v2.mat,role_only,2,uniform_without_replacement,uniform_remaining_nonlinks,176,0,176,407,198,198,176,22,0,22,0.111111111111,78,120,0.5,0.695652173913,0.533333333333,0.603773584906,32,14,28,106,0.533333333333,0.883333333333,0.116666666667,0.466666666667,0.695652173913,0.533333333333,0.603773584906,0.766666666667,0.581481481481,0.442477876106,0.450322546456,0.416666666667,99,39,60,0,99,0,39,0,60,23,99,0.195652173913,2.18974518502,8.60869565217,6.6,4.5,4.59979377438,0.534319478842,0.291611769873,4.28989068105,0.996641269334,0.541062801932,2.91445898002,0.677096530713,0.355731225296,1.07629584498,0.491516479791,2.88826011686,2.18974518502,1.07629584498,2.88826011686,0.351612638569,0.458912768647,121,0.0683229813665,0.291765337837,23,23,23,1,0,0.347826086957,0.608695652174,0.0434782608696,23,0.0770750988142,2.15579710145,3.39130434783,2.6,2.6,2.12643813228,0.627026628751,0.344481605351,1.579262849,0.93136014172,0.50613154961,1.86924346896,1.10237435349,0.570791527313,1.05118510196,0.487608551496,3,2.26587301587,1.03401155418,3,0.150877192982,0.135338345865,6,0.00338791643139,0.13,23,21,21,0.913043478261,0,0.260869565217,0.391304347826,0.260869565217,23,85,0.167984189723,6.42395313187,7.39130434783,4.72222222222,4.47368421053,3.91662111374,0.529895797742,0.280818414322,3.46980196722,0.938887591129,0.510485933504,2.93001369232,0.792827234391,0.436828644501,3.60260506275,0.560808117493,9.6959234609,6.42395313187,3.60260506275,9.6959234609,0.440961936614,0.388349514563,80,0.0451722190853,0.163461991893,23,23,23,1,0,0.217391304348,0.608695652174,0.173913043478,-14,-0.0276679841897,4.23420794685,-1.21739130435,-1.87777777778,-0.0263157894737,-0.683172660634,-0.0044236811001,-0.0107933555504,-0.820088713831,-0.057753678205,-0.0305768684285,0.0155547122907,0.115730703678,0.0810974192048,2.52630921776,0.0692916377017,6.80766334404,4.23420794685,2.52630921776,6.80766334404,0.089349298045,-0.0705632540842,-41,-0.0231507622812,-0.128303345943,-0.130434782609,0,0.130434782609,71,14,28,393,0.717171717172,0.965601965602,0.034398034398,0.282828282828,0.835294117647,0.717171717172,0.771739130435,0.724504461501,0.682773682774,0.628318584071,46,60,0,23,23,23,1,0,8,0,0.0386050732335,0,0,1,3.88826011686,0,16,NaN,1,ok,2.18974518502,0,23,21,21,0.913043478261,0,6,0,0.0320254169976,0,0,1,4,0,16,NaN,1,ok,2.26587301587,0,23,23,23,1,0,5,0,0.00913904610628,0,0,1,10.6959234609,0,16,NaN,1,ok,6.42395313187,0,0,0,0
388,WLNM_dir_neg,0.855555555556,0.626537125138,00:00:00,10,40,88,508216034,fixed,validated_v2,/gpfs/scratch/acw792/wlnm_roleonly_v2_20260910/result_wlnm_dir_neg_roleonly_trophicv2_100x290_train10-90_Apocrita_20260910_011848/ecological_snapshots/Broadstone_Stream_tax_mass_K10_ratio0.4_exp88_seed508216034_threshold0.5_validated_v2.mat,role_only,2,uniform_without_replacement,uniform_remaining_nonlinks,176,0,176,407,198,198,176,22,0,22,0.111111111111,78,120,0.5,0.732142857143,0.683333333333,0.706896551724,41,15,19,105,0.683333333333,0.875,0.125,0.316666666667,0.732142857143,0.683333333333,0.706896551724,0.811111111111,0.562962962963,0.567796610169,0.568532045391,0.558333333333,99,39,60,0,99,0,39,0,60,23,99,0.195652173913,2.18974518502,8.60869565217,6.6,4.5,4.59979377438,0.534319478842,0.291611769873,4.28989068105,0.996641269334,0.541062801932,2.91445898002,0.677096530713,0.355731225296,1.07629584498,0.491516479791,2.88826011686,2.18974518502,1.07629584498,2.88826011686,0.351612638569,0.458912768647,121,0.0683229813665,0.291765337837,23,23,23,1,0,0.347826086957,0.608695652174,0.0434782608696,23,0.0770750988142,1.91390121266,3.39130434783,2.78571428571,2.29411764706,2.18962700092,0.645659243861,0.356744704571,2.00985713216,1.18530035999,0.60646599777,1.4596008984,0.860790273415,0.470457079153,0.903698484281,0.472176138613,2.82380952381,2.00093942339,0.898255014045,2.82380952381,0.177030812325,0.2,9,0.00508187464709,0.101234083377,23,21,21,0.913043478261,0,0.304347826087,0.434782608696,0.173913043478,23,95,0.187747035573,3.87917801935,8.26086956522,5.27777777778,4.75,4.70219862796,0.569213518121,0.309839816934,3.96924938892,0.960976167844,0.513501144165,2.78476941801,0.67420733278,0.374370709382,1.64933007345,0.425175144121,4.64690074669,4.15338544977,1.4437461179,4.64690074669,0.409697445412,0.449591280654,110,0.0621118012422,0.16927219743,23,21,21,0.913043478261,0,0.130434782609,0.739130434783,0.0434782608696,-4,-0.00790513833992,1.68943283433,-0.347826086957,-1.32222222222,0.25,0.10240485358,0.0348940392793,0.018228047061,-0.320641292125,-0.0356651014898,-0.0275616577676,-0.129689562018,-0.0028891979323,0.0186394840857,0.573034228468,-0.0663413356698,1.75864062983,1.96364026474,0.367450272919,1.75864062983,0.0580848068426,-0.00932148799333,-11,-0.00621118012422,-0.122493140407,-0.217391304348,0.130434782609,0,80,15,19,392,0.808080808081,0.963144963145,0.036855036855,0.191919191919,0.842105263158,0.808080808081,0.824742268041,0.783454215735,0.771225771226,0.701754385965,56,60,0,23,23,23,1,0,8,0,0.0386050732335,0,0,1,3.88826011686,0,16,NaN,1,ok,2.18974518502,0,23,21,21,0.913043478261,0,7,0,0.0319876401499,0,0,1,3.82380952381,0,16,NaN,1,ok,2.00093942339,0,23,21,21,0.913043478261,0,3,0,0.0225156870125,0,0,1,5.64690074669,0,16,NaN,1,ok,4.15338544977,0,0,0,0
389,WLNM_dir_neg,0.820138888889,0.541651644657,00:00:00,10,40,89,508216035,fixed,validated_v2,/gpfs/scratch/acw792/wlnm_roleonly_v2_20260910/result_wlnm_dir_neg_roleonly_trophicv2_100x290_train10-90_Apocrita_20260910_011848/ecological_snapshots/Broadstone_Stream_tax_mass_K10_ratio0.4_exp89_seed508216035_threshold0.5_validated_v2.mat,role_only,2,uniform_without_replacement,uniform_remaining_nonlinks,176,0,176,407,198,198,176,22,0,22,0.111111111111,78,120,0.5,0.705882352941,0.6,0.648648648649,36,15,24,105,0.6,0.875,0.125,0.4,0.705882352941,0.6,0.648648648649,0.783333333333,0.572222222222,0.493506493506,0.496912491918,0.475,99,39,60,0,99,0,39,0,60,23,99,0.195652173913,2.18974518502,8.60869565217,6.6,4.5,4.59979377438,0.534319478842,0.291611769873,4.28989068105,0.996641269334,0.541062801932,2.91445898002,0.677096530713,0.355731225296,1.07629584498,0.491516479791,2.88826011686,2.18974518502,1.07629584498,2.88826011686,0.351612638569,0.458912768647,121,0.0683229813665,0.291765337837,23,23,23,1,0,0.347826086957,0.608695652174,0.0434782608696,23,0.0770750988142,1.72805049088,3.39130434783,3.25,2.05263157895,2.14770766664,0.633298414522,0.342251950948,2.20402075986,1.29980711479,0.646599777035,1.29456144237,0.763459312165,0.403567447046,0.814506654678,0.471344245423,2.62903225806,1.79738863287,0.819578721666,2.62903225806,0.17619047619,0.159090909091,7,0.00395256916996,0.113943001443,23,21,21,0.913043478261,0,0.391304347826,0.434782608696,0.0869565217391,23,90,0.177865612648,8.58840518222,7.82608695652,5.625,4.5,4.60880751598,0.588903182598,0.321256038647,4.22022234957,1.07850126711,0.570048309179,2.72885329694,0.697373620328,0.386473429952,5.7009397517,0.663794922426,14.5329478821,8.93333269051,5.58405197757,14.5329478821,0.454308654309,0.46511627907,100,0.0564652738566,0.191684409681,23,22,22,0.95652173913,0,0.260869565217,0.608695652174,0.0869565217391,-9,-0.0177865612648,6.3986599972,-0.782608695652,-0.975,0,0.00901374160439,0.0545837037559,0.0296442687747,-0.0696683314735,0.0818599977791,0.0289855072464,-0.185605683087,0.0202770896157,0.0307422046552,4.62464390671,0.172278442635,11.6446877652,6.74358750548,4.50775613259,11.6446877652,0.102696015739,0.00620351042249,-21,-0.0118577075099,-0.100080928156,-0.0869565217391,0,0.0434782608696,75,15,24,392,0.757575757576,0.963144963145,0.036855036855,0.242424242424,0.833333333333,0.757575757576,0.793650793651,0.747676774429,0.720720720721,0.657894736842,51,60,0,23,23,23,1,0,8,0,0.0386050732335,0,0,1,3.88826011686,0,16,NaN,1,ok,2.18974518502,0,23,21,21,0.913043478261,0,9,0,0.0669600669601,0,0,1,3.62903225806,0,16,NaN,1,ok,1.79738863287,0,23,22,22,0.95652173913,0,6,0,0.0050781595692,0,0,1,15.5329478821,0,16,NaN,1,ok,8.93333269051,0,0,0,0
390,WLNM_dir_neg,0.872916666667,0.775989386868,00:00:00,10,40,90,508216036,fixed,validated_v2,/gpfs/scratch/acw792/wlnm_roleonly_v2_20260910/result_wlnm_dir_neg_roleonly_trophicv2_100x290_train10-90_Apocrita_20260910_011848/ecological_snapshots/Broadstone_Stream_tax_mass_K10_ratio0.4_exp90_seed508216036_threshold0.5_validated_v2.mat,role_only,2,uniform_without_replacement,uniform_remaining_nonlinks,176,0,176,407,198,198,176,22,0,22,0.111111111111,78,120,0.5,0.853658536585,0.583333333333,0.693069306931,35,6,25,114,0.583333333333,0.95,0.05,0.416666666667,0.853658536585,0.583333333333,0.693069306931,0.827777777778,0.590740740741,0.579185520362,0.599467506588,0.533333333333,99,39,60,0,99,0,39,0,60,23,99,0.195652173913,2.18974518502,8.60869565217,6.6,4.5,4.59979377438,0.534319478842,0.291611769873,4.28989068105,0.996641269334,0.541062801932,2.91445898002,0.677096530713,0.355731225296,1.07629584498,0.491516479791,2.88826011686,2.18974518502,1.07629584498,2.88826011686,0.351612638569,0.458912768647,121,0.0683229813665,0.291765337837,23,23,23,1,0,0.347826086957,0.608695652174,0.0434782608696,23,0.0770750988142,2.43542673108,3.39130434783,2.6,2.29411764706,2.27114569475,0.669696807427,0.338907469342,1.60778737312,0.948182296966,0.515050167224,1.74342355488,1.0281728657,0.519509476031,1.41479843191,0.580924243728,4.11111111111,2.43542673108,1.41479843191,4.11111111111,0.0809523809524,0.048,2,0.00112930547713,0.127301587302,23,23,23,1,0,0.347826086957,0.391304347826,0.260869565217,23,80,0.158102766798,12.5958900989,6.95652173913,4.70588235294,3.80952380952,4.01676329297,0.577409723365,0.317934782609,3.23151477593,0.929060498079,0.503260869565,2.87417284888,0.826324694052,0.430434782609,8.36281018816,0.66393165727,19.320582878,12.5958900989,8.36281018816,19.320582878,0.288075451119,0.353281853282,61,0.0344438170525,0.207353614523,23,23,23,1,0,0.260869565217,0.652173913043,0.0869565217391,-19,-0.0375494071146,10.4061449139,-1.65217391304,-1.89411764706,-0.690476190476,-0.583030481404,0.0430902445231,0.0263230127361,-1.05837590512,-0.0675807712551,-0.0378019323671,-0.0402861311482,0.149228163339,0.0747035573123,7.28651434318,0.172415177479,16.4323227611,10.4061449139,7.28651434318,16.4323227611,-0.0635371874502,-0.105630915365,-60,-0.0338791643139,-0.084411723314,-0.0869565217391,0.0434782608696,0.0434782608696,74,6,25,401,0.747474747475,0.985257985258,0.014742014742,0.252525252525,0.925,0.747474747475,0.826815642458,0.796728956767,0.732732732733,0.704761904762,41,60,0,23,23,23,1,0,8,0,0.0386050732335,0,0,1,3.88826011686,0,16,NaN,1,ok,2.18974518502,0,23,23,23,1,0,8,0,0.0262645914397,0,0,1,5.11111111111,0,16,NaN,1,ok,2.43542673108,0,23,23,23,1,0,6,0,0.00304587763729,0,0,1,20.320582878,0,16,NaN,1,ok,12.5958900989,0,0,0,0
391,WLNM_dir_neg,0.840069444444,0.679416860552,00:00:00,10,40,91,508216037,fixed,validated_v2,/gpfs/scratch/acw792/wlnm_roleonly_v2_20260910/result_wlnm_dir_neg_roleonly_trophicv2_100x290_train10-90_Apocrita_20260910_011848/ecological_snapshots/Broadstone_Stream_tax_mass_K10_ratio0.4_exp91_seed508216037_threshold0.5_validated_v2.mat,role_only,2,uniform_without_replacement,uniform_remaining_nonlinks,176,0,176,407,198,198,176,22,0,22,0.111111111111,78,120,0.5,0.761904761905,0.533333333333,0.627450980392,32,10,28,110,0.533333333333,0.916666666667,0.0833333333333,0.466666666667,0.761904761905,0.533333333333,0.627450980392,0.788888888889,0.588888888889,0.486486486486,0.501550391318,0.45,99,39,60,0,99,0,39,0,60,23,99,0.195652173913,2.18974518502,8.60869565217,6.6,4.5,4.59979377438,0.534319478842,0.291611769873,4.28989068105,0.996641269334,0.541062801932,2.91445898002,0.677096530713,0.355731225296,1.07629584498,0.491516479791,2.88826011686,2.18974518502,1.07629584498,2.88826011686,0.351612638569,0.458912768647,121,0.0683229813665,0.291765337837,23,23,23,1,0,0.347826086957,0.608695652174,0.0434782608696,23,0.0770750988142,2.22140689583,3.39130434783,3,2.16666666667,2.36910283047,0.698581603857,0.386845039019,1.91726089202,1.13069232093,0.595317725753,1.49041734877,0.87896407748,0.465997770346,1.38986713093,0.625669765202,3.77135980746,2.3377313621,1.40053999399,3.77135980746,0.204444444444,0.274809160305,12,0.00677583286279,0.1,23,21,21,0.913043478261,0,0.347826086957,0.434782608696,0.130434782609,23,81,0.160079051383,4.52877369786,7.04347826087,5.4,3.85714285714,4.6365961346,0.658282167258,0.367149758454,3.65400857363,1.03755799004,0.556092324208,2.27375470847,0.645634053024,0.360708534622,2.93503445051,0.648085916039,7.38046352332,4.68917250231,2.89908970994,7.38046352332,0.341901749045,0.437125748503,73,0.0412196499153,0.169565706625,23,22,22,0.95652173913,0,0.304347826087,0.608695652174,0.0434782608696,-18,-0.0355731225296,2.33902851284,-1.5652173913,-1.2,-0.642857142857,0.0368023602258,0.123962688417,0.0755379885815,-0.635882107422,0.0409167207075,0.0150295222759,-0.64070427155,-0.0314624776892,0.00497730932514,1.85873860553,0.156569436247,4.49220340646,2.49942731729,1.82279386496,4.49220340646,-0.00971088952455,-0.0217870201443,-48,-0.0271033314512,-0.122199631212,-0.0434782608696,0,0,71,10,28,397,0.717171717172,0.97542997543,0.02457002457,0.282828282828,0.876543209877,0.717171717172,0.788888888889,0.749309736784,0.692601692602,0.651376146789,42,60,0,23,23,23,1,0,8,0,0.0386050732335,0,0,1,3.88826011686,0,16,NaN,1,ok,2.18974518502,0,23,21,21,0.913043478261,0,8,0,0.0463788741717,0,0,1,4.77135980746,0,16,NaN,1,ok,2.3377313621,0,23,22,22,0.95652173913,0,7,0,0.020576167553,0,0,1,8.38046352332,0,16,NaN,1,ok,4.68917250231,0,0,0,0
392,WLNM_dir_neg,0.844791666667,0.66618217604,00:00:00,10,40,92,508216038,fixed,validated_v2,/gpfs/scratch/acw792/wlnm_roleonly_v2_20260910/result_wlnm_dir_neg_roleonly_trophicv2_100x290_train10-90_Apocrita_20260910_011848/ecological_snapshots/Broadstone_Stream_tax_mass_K10_ratio0.4_exp92_seed508216038_threshold0.5_validated_v2.mat,role_only,2,uniform_without_replacement,uniform_remaining_nonlinks,176,0,176,407,198,198,176,22,0,22,0.111111111111,78,120,0.5,0.736842105263,0.7,0.717948717949,42,15,18,105,0.7,0.875,0.125,0.3,0.736842105263,0.7,0.717948717949,0.816666666667,0.561111111111,0.582278481013,0.582698780729,0.575,99,39,60,0,99,0,39,0,60,23,99,0.195652173913,2.18974518502,8.60869565217,6.6,4.5,4.59979377438,0.534319478842,0.291611769873,4.28989068105,0.996641269334,0.541062801932,2.91445898002,0.677096530713,0.355731225296,1.07629584498,0.491516479791,2.88826011686,2.18974518502,1.07629584498,2.88826011686,0.351612638569,0.458912768647,121,0.0683229813665,0.291765337837,23,23,23,1,0,0.347826086957,0.608695652174,0.0434782608696,23,0.0770750988142,2.1734167163,3.39130434783,2.78571428571,2.16666666667,2.23075874648,0.657787835499,0.361204013378,1.71715363343,1.01268034792,0.546265328874,1.4596008984,0.860790273415,0.457079152731,1.20501167035,0.554431950997,3.49315068493,2.22675383977,1.20525980804,3.49315068493,0.238095238095,0.243243243243,12,0.00677583286279,0.0914181057038,23,22,22,0.95652173913,0,0.347826086957,0.434782608696,0.173913043478,23,96,0.189723320158,17.1702086876,8.34782608696,4.57142857143,4.57142857143,4.6280635618,0.554403447507,0.307065217391,3.83349086003,0.918440518548,0.48731884058,2.74113735374,0.656730824335,0.363224637681,5.65667089926,0.329446834467,20.0233810059,17.9052181734,4.52818400898,20.0233810059,0.446145773419,0.443548387097,110,0.0621118012422,0.149188896227,23,22,22,0.95652173913,0,0.0434782608696,0.869565217391,0.0434782608696,-3,-0.00592885375494,14.9804635025,-0.260869565217,-2.02857142857,0.0714285714286,0.028269787418,0.0200839686649,0.0154534475187,-0.45639982102,-0.078200750786,-0.0537439613527,-0.17332162628,-0.0203657063781,0.00749341238472,4.58037505428,-0.162069645324,17.1351208891,15.7154729883,3.451888164,17.1351208891,0.0945331348493,-0.0153643815505,-11,-0.00621118012422,-0.14257644161,-0.304347826087,0.260869565217,0,81,15,18,392,0.818181818182,0.963144963145,0.036855036855,0.181818181818,0.84375,0.818181818182,0.830769230769,0.790532934399,0.781326781327,0.710526315789,57,60,0,23,23,23,1,0,8,0,0.0386050732335,0,0,1,3.88826011686,0,16,NaN,1,ok,2.18974518502,0,23,22,22,0.95652173913,0,8,0,0.0562917187663,0,0,1,4.49315068493,0,16,NaN,1,ok,2.22675383977,0,23,22,22,0.95652173913,0,1,0,0.00287821958912,0,0,1,21.0233810059,0,16,NaN,1,ok,17.9052181734,0,0,0,0
393,WLNM_dir_neg,0.925902777778,0.735237411243,00:00:00,10,40,93,508216039,fixed,validated_v2,/gpfs/scratch/acw792/wlnm_roleonly_v2_20260910/result_wlnm_dir_neg_roleonly_trophicv2_100x290_train10-90_Apocrita_20260910_011848/ecological_snapshots/Broadstone_Stream_tax_mass_K10_ratio0.4_exp93_seed508216039_threshold0.5_validated_v2.mat,role_only,2,uniform_without_replacement,uniform_remaining_nonlinks,176,0,176,407,198,198,176,22,0,22,0.111111111111,78,120,0.5,0.837209302326,0.6,0.699029126214,36,7,24,113,0.6,0.941666666667,0.0583333333333,0.4,0.837209302326,0.6,0.699029126214,0.827777777778,0.587037037037,0.582959641256,0.598830411005,0.541666666667,99,39,60,0,99,0,39,0,60,23,99,0.195652173913,2.18974518502,8.60869565217,6.6,4.5,4.59979377438,0.534319478842,0.291611769873,4.28989068105,0.996641269334,0.541062801932,2.91445898002,0.677096530713,0.355731225296,1.07629584498,0.491516479791,2.88826011686,2.18974518502,1.07629584498,2.88826011686,0.351612638569,0.458912768647,121,0.0683229813665,0.291765337837,23,23,23,1,0,0.347826086957,0.608695652174,0.0434782608696,23,0.0770750988142,2.25864176146,3.39130434783,2.6,2.6,2.6923989039,0.793912497303,0.434782608696,1.89340440402,1.11662311006,0.577480490524,1.79481026115,1.05847784632,0.559643255295,1.15326231495,0.510599925421,3.10225763612,2.60826447297,1.06105283813,3.10225763612,0.26,0.28,14,0.00790513833992,0.127868824297,23,18,18,0.782608695652,0,0.130434782609,0.521739130435,0.130434782609,23,82,0.162055335968,1,7.13043478261,4.82352941176,4.82352941176,5.53751132013,0.776602197335,0.430010604454,3.66588804764,1.02823689141,0.540827147402,3.4088932749,0.956152991741,0.518557794274,0,0,0,35.9476914736,13.2864464051,44.7766445691,0.466730183397,0.544014084507,103,0.0581592320723,0.2277769616,23,18,18,0.782608695652,0,0.0434782608696,0.695652173913,0.0434782608696,-17,-0.0335968379447,-1.18974518502,-1.47826086957,-1.77647058824,0.323529411765,0.937717545752,0.242282718493,0.138398834581,-0.624002633402,0.0315956220784,-0.000235654530458,0.494434294879,0.279056461029,0.162826568977,-1.07629584498,-0.491516479791,-2.88826011686,33.7579462886,12.2101505602,41.8883844522,0.115117544828,0.0851013158598,-18,-0.0101637492942,-0.0639883762363,-0.304347826087,0.0869565217391,0,75,7,24,400,0.757575757576,0.982800982801,0.017199017199,0.242424242424,0.914634146341,0.757575757576,0.828729281768,0.797035589247,0.740376740377,0.707547169811,43,60,0,23,23,23,1,0,8,0,0.0386050732335,0,0,1,3.88826011686,0,16,NaN,1,ok,2.18974518502,0,23,18,18,0.782608695652,0,3,0,0.0196158880878,0,0,1,4.10225763612,0,16,NaN,1,ok,2.60826447297,0,23,18,18,0.782608695652,0,1,0,0.00138184567652,0,0,1,45.7766445691,1,16,NaN,1,ok,NaN,3,0,0,0
394,WLNM_dir_neg,0.681180555556,0.556760610998,00:00:00,10,40,94,508216040,fixed,validated_v2,/gpfs/scratch/acw792/wlnm_roleonly_v2_20260910/result_wlnm_dir_neg_roleonly_trophicv2_100x290_train10-90_Apocrita_20260910_011848/ecological_snapshots/Broadstone_Stream_tax_mass_K10_ratio0.4_exp94_seed508216040_threshold0.5_validated_v2.mat,role_only,2,uniform_without_replacement,uniform_remaining_nonlinks,176,0,176,407,198,198,176,22,0,22,0.111111111111,78,120,0.5,0.731707317073,0.5,0.594059405941,30,11,30,109,0.5,0.908333333333,0.0916666666667,0.5,0.731707317073,0.5,0.594059405941,0.772222222222,0.590740740741,0.443438914027,0.458967309731,0.408333333333,99,39,60,0,99,0,39,0,60,23,99,0.195652173913,2.18974518502,8.60869565217,6.6,4.5,4.59979377438,0.534319478842,0.291611769873,4.28989068105,0.996641269334,0.541062801932,2.91445898002,0.677096530713,0.355731225296,1.07629584498,0.491516479791,2.88826011686,2.18974518502,1.07629584498,2.88826011686,0.351612638569,0.458912768647,121,0.0683229813665,0.291765337837,23,23,23,1,0,0.347826086957,0.608695652174,0.0434782608696,23,0.0770750988142,2.00089955022,3.39130434783,2.78571428571,1.85714285714,2.06131313917,0.607823105139,0.335562987737,1.89340440402,1.11662311006,0.586399108138,1.18455141524,0.698581603857,0.35005574136,0.965907454394,0.482736604287,2.65517241379,2.00089955022,0.965907454394,2.65517241379,0.139215686275,0.151260504202,6,0.00338791643139,0.0767617303332,23,23,23,1,0,0.391304347826,0.521739130435,0.0869565217391,23,80,0.158102766798,1,6.95652173913,4.21052631579,3.63636363636,3.74746290987,0.538697793294,0.300543478261,3.62904401658,1.04335015477,0.54347826087,2.62625840343,0.755049290986,0.392391304348,0,0,0,NaN,NaN,NaN,0.336438923395,0.41015625,70,0.0395256916996,0.148983402028,23,23,0,1,7,0.173913043478,0.782608695652,0.0434782608696,-19,-0.0375494071146,-1.18974518502,-1.65217391304,-2.38947368421,-0.863636363636,-0.852330864505,0.00437831445238,0.00893170838823,-0.660846664463,0.0467088854339,0.0024154589372,-0.288200576596,0.0779527602731,0.0366600790514,-1.07629584498,-0.491516479791,-2.88826011686,NaN,NaN,NaN,-0.0151737151737,-0.0487565186473,-51,-0.0287972896669,-0.142781935809,-0.173913043478,0.173913043478,0,69,11,30,396,0.69696969697,0.972972972973,0.027027027027,0.30303030303,0.8625,0.69696969697,0.77094972067,0.728454865837,0.669942669943,0.627272727273,41,60,0,23,23,23,1,0,8,0,0.0386050732335,0,0,1,3.88826011686,0,16,NaN,1,ok,2.18974518502,0,23,23,23,1,0,9,0,0.0371324104767,0,0,1,3.65517241379,0,16,NaN,1,ok,2.00089955022,0,23,23,0,1,7,4,5,NaN,NaN,NaN,NaN,NaN,0,0,NaN,0,basal_unreachable_in_lcc,NaN,2,0,0,0
395,WLNM_dir_neg,0.805694444444,0.593142256554,00:00:00,10,40,95,508216041,fixed,validated_v2,/gpfs/scratch/acw792/wlnm_roleonly_v2_20260910/result_wlnm_dir_neg_roleonly_trophicv2_100x290_train10-90_Apocrita_20260910_011848/ecological_snapshots/Broadstone_Stream_tax_mass_K10_ratio0.4_exp95_seed508216041_threshold0.5_validated_v2.mat,role_only,2,uniform_without_replacement,uniform_remaining_nonlinks,176,0,176,407,198,198,176,22,0,22,0.111111111111,78,120,0.5,0.785714285714,0.366666666667,0.5,22,6,38,114,0.366666666667,0.95,0.05,0.633333333333,0.785714285714,0.366666666667,0.5,0.755555555556,0.614814814815,0.365384615385,0.411877235524,0.316666666667,99,39,60,0,99,0,39,0,60,23,99,0.195652173913,2.18974518502,8.60869565217,6.6,4.5,4.59979377438,0.534319478842,0.291611769873,4.28989068105,0.996641269334,0.541062801932,2.91445898002,0.677096530713,0.355731225296,1.07629584498,0.491516479791,2.88826011686,2.18974518502,1.07629584498,2.88826011686,0.351612638569,0.458912768647,121,0.0683229813665,0.291765337837,23,23,23,1,0,0.347826086957,0.608695652174,0.0434782608696,23,0.0770750988142,1.86556721639,3.39130434783,3.25,2.29411764706,2.58912288473,0.763459312165,0.395763656633,2.16238047717,1.275250025,0.644370122631,1.4596008984,0.860790273415,0.465997770346,0.991065401108,0.531240789611,3.20689655172,1.90491118077,0.995833520036,3.20689655172,0.278571428571,0.186046511628,8,0.00451722190853,0.106632887315,23,22,22,0.95652173913,0,0.434782608696,0.304347826087,0.217391304348,23,67,0.132411067194,3.2617587824,5.82608695652,4.78571428571,3.52631578947,4.16317376652,0.714574601717,0.390006489293,3.52797963659,1.21109748719,0.621674237508,2.25455182965,0.773950628088,0.420506164828,2.00839841416,0.615740938599,5.09542433993,3.2617587824,2.00839841416,5.09542433993,0.412698412698,0.374045801527,49,0.0276679841897,0.159603298016,23,23,23,1,0,0.391304347826,0.434782608696,0.173913043478,-32,-0.0632411067194,1.07201359737,-2.78260869565,-1.81428571429,-0.973684210526,-0.436620007853,0.180255122875,0.09839471942,-0.761911044456,0.214456217854,0.0806114355757,-0.659907150376,0.0968540973754,0.0647749395316,0.932102569172,0.124224458807,2.20716422307,1.07201359737,0.932102569172,2.20716422307,0.0610857741293,-0.0848669671206,-72,-0.0406549971767,-0.13216203982,0.0434782608696,-0.173913043478,0.130434782609,61,6,38,401,0.616161616162,0.985257985258,0.014742014742,0.383838383838,0.910447761194,0.616161616162,0.734939759036,0.70391905057,0.60141960142,0.580952380952,28,60,0,23,23,23,1,0,8,0,0.0386050732335,0,0,1,3.88826011686,0,16,NaN,1,ok,2.18974518502,0,23,22,22,0.95652173913,0,10,0,0.0716259923552,0,0,1,4.20689655172,0,16,NaN,1,ok,1.90491118077,0,23,23,23,1,0,9,0,0.0216308773409,0,0,1,6.09542433993,0,16,NaN,1,ok,3.2617587824,0,0,0,0
396,WLNM_dir_neg,0.806458333333,0.649614814795,00:00:00,10,40,96,508216042,fixed,validated_v2,/gpfs/scratch/acw792/wlnm_roleonly_v2_20260910/result_wlnm_dir_neg_roleonly_trophicv2_100x290_train10-90_Apocrita_20260910_011848/ecological_snapshots/Broadstone_Stream_tax_mass_K10_ratio0.4_exp96_seed508216042_threshold0.5_validated_v2.mat,role_only,2,uniform_without_replacement,uniform_remaining_nonlinks,176,0,176,407,198,198,176,22,0,22,0.111111111111,78,120,0.5,0.720930232558,0.516666666667,0.601941747573,31,12,29,108,0.516666666667,0.9,0.1,0.483333333333,0.720930232558,0.516666666667,0.601941747573,0.772222222222,0.587037037037,0.448430493274,0.460638777696,0.416666666667,99,39,60,0,99,0,39,0,60,23,99,0.195652173913,2.18974518502,8.60869565217,6.6,4.5,4.59979377438,0.534319478842,0.291611769873,4.28989068105,0.996641269334,0.541062801932,2.91445898002,0.677096530713,0.355731225296,1.07629584498,0.491516479791,2.88826011686,2.18974518502,1.07629584498,2.88826011686,0.351612638569,0.458912768647,121,0.0683229813665,0.291765337837,23,23,23,1,0,0.347826086957,0.608695652174,0.0434782608696,23,0.0770750988142,1.91422101449,3.39130434783,2.78571428571,2.29411764706,1.82754506063,0.538891492236,0.297658862876,1.81995960516,1.07330951074,0.564102564103,1.36297744291,0.803807209921,0.432552954292,0.860984753161,0.449783356594,2.37604166667,2.00128968254,0.850813853176,2.37604166667,0.0716666666667,0.0923076923077,4,0.00225861095426,0.101412872841,23,21,21,0.913043478261,0,0.304347826087,0.434782608696,0.173913043478,23,82,0.162055335968,2.73847576136,7.13043478261,4.82352941176,3.90476190476,4.14843177189,0.581792260692,0.323435843054,3.55254181674,0.996444655915,0.530222693531,2.88926047406,0.81040232809,0.420996818664,1.14973066836,0.419843288219,3.12508564577,2.81749738688,1.11102051461,3.12508564577,0.404703497561,0.442105263158,84,0.0474308300395,0.194564147046,23,22,22,0.95652173913,0,0.217391304348,0.695652173913,0.0434782608696,-17,-0.0335968379447,0.548730576339,-1.47826086957,-1.77647058824,-0.595238095238,-0.451362002489,0.0474727818498,0.0318240731814,-0.737348864308,-0.00019661341943,-0.0108401084011,-0.025198505966,0.133305797377,0.0652655933674,0.0734348233758,-0.0716731915722,0.236825528911,0.627752201855,0.0347246696232,0.236825528911,0.0530908589915,-0.0168075054894,-37,-0.0208921513269,-0.097201190791,-0.130434782609,0.0869565217391,0,70,12,29,395,0.707070707071,0.970515970516,0.029484029484,0.292929292929,0.853658536585,0.707070707071,0.773480662983,0.729440388094,0.677586677587,0.630630630631,43,60,0,23,23,23,1,0,8,0,0.0386050732335,0,0,1,3.88826011686,0,16,NaN,1,ok,2.18974518502,0,23,21,21,0.913043478261,0,7,0,0.0349548499854,0,0,1,3.37604166667,0,16,NaN,1,ok,2.00128968254,0,23,22,22,0.95652173913,0,5,0,0.0142866797743,0,0,1,4.12508564577,0,16,NaN,1,ok,2.81749738688,0,0,0,0
397,WLNM_dir_neg,0.738472222222,0.5902198064,00:00:00,10,40,97,508216043,fixed,validated_v2,/gpfs/scratch/acw792/wlnm_roleonly_v2_20260910/result_wlnm_dir_neg_roleonly_trophicv2_100x290_train10-90_Apocrita_20260910_011848/ecological_snapshots/Broadstone_Stream_tax_mass_K10_ratio0.4_exp97_seed508216043_threshold0.5_validated_v2.mat,role_only,2,uniform_without_replacement,uniform_remaining_nonlinks,176,0,176,407,198,198,176,22,0,22,0.111111111111,78,120,0.5,0.657894736842,0.416666666667,0.510204081633,25,13,35,107,0.416666666667,0.891666666667,0.108333333333,0.583333333333,0.657894736842,0.416666666667,0.510204081633,0.733333333333,0.596296296296,0.339449541284,0.356164603254,0.308333333333,99,39,60,0,99,0,39,0,60,23,99,0.195652173913,2.18974518502,8.60869565217,6.6,4.5,4.59979377438,0.534319478842,0.291611769873,4.28989068105,0.996641269334,0.541062801932,2.91445898002,0.677096530713,0.355731225296,1.07629584498,0.491516479791,2.88826011686,2.18974518502,1.07629584498,2.88826011686,0.351612638569,0.458912768647,121,0.0683229813665,0.291765337837,23,23,23,1,0,0.347826086957,0.608695652174,0.0434782608696,23,0.0770750988142,1.99130434783,3.39130434783,3,2.05263157895,1.69863930664,0.500880821189,0.273132664437,1.81995960516,1.07330951074,0.573021181717,1.10514427724,0.651751753244,0.35005574136,1.07107127489,0.537874221013,3,2.03636363636,1.07373201168,3,0.135600907029,0.135135135135,5,0.00282326369283,0.0818986568987,23,22,22,0.95652173913,0,0.391304347826,0.434782608696,0.130434782609,23,77,0.152173913043,3.11416398922,6.69565217391,4.52941176471,4.05263157895,3.03666657266,0.453528124488,0.250705815923,3.2418947273,0.968358165299,0.525127046866,2.05843487878,0.614857171585,0.335403726708,1.60686382771,0.515985617093,4.62457254418,3.21026235237,1.57557839516,4.62457254418,0.346576151122,0.351769911504,53,0.029926595144,0.132669950436,23,22,22,0.95652173913,0,0.217391304348,0.608695652174,0.130434782609,-22,-0.0434782608696,0.924418804195,-1.91304347826,-2.07058823529,-0.447368421053,-1.56312720172,-0.0807913543534,-0.0409059539494,-1.04799595374,-0.0282831040355,-0.0159357550662,-0.85602410124,-0.0622393591277,-0.0203274985884,0.530567982724,0.0244691373018,1.73631242732,1.02051716734,0.499282550179,1.73631242732,-0.00503648744755,-0.107142857143,-68,-0.0383963862225,-0.159095387401,-0.130434782609,0,0.0869565217391,64,13,35,394,0.646464646465,0.968058968059,0.031941031941,0.353535353535,0.831168831169,0.646464646465,0.727272727273,0.678702375996,0.614523614524,0.571428571429,38,60,0,23,23,23,1,0,8,0,0.0386050732335,0,0,1,3.88826011686,0,16,NaN,1,ok,2.18974518502,0,23,22,22,0.95652173913,0,9,0,0.0578399411084,0,0,1,4,0,16,NaN,1,ok,2.03636363636,0,23,22,22,0.95652173913,0,5,0,0.0189332018473,0,0,1,5.62457254418,0,16,NaN,1,ok,3.21026235237,0,0,0,0
398,WLNM_dir_neg,0.825833333333,0.597912841141,00:00:00,10,40,98,508216044,fixed,validated_v2,/gpfs/scratch/acw792/wlnm_roleonly_v2_20260910/result_wlnm_dir_neg_roleonly_trophicv2_100x290_train10-90_Apocrita_20260910_011848/ecological_snapshots/Broadstone_Stream_tax_mass_K10_ratio0.4_exp98_seed508216044_threshold0.5_validated_v2.mat,role_only,2,uniform_without_replacement,uniform_remaining_nonlinks,176,0,176,407,198,198,176,22,0,22,0.111111111111,78,120,0.5,0.8,0.533333333333,0.64,32,8,28,112,0.533333333333,0.933333333333,0.0666666666667,0.466666666667,0.8,0.533333333333,0.64,0.8,0.592592592593,0.509090909091,0.529150262213,0.466666666667,99,39,60,0,99,0,39,0,60,23,99,0.195652173913,2.18974518502,8.60869565217,6.6,4.5,4.59979377438,0.534319478842,0.291611769873,4.28989068105,0.996641269334,0.541062801932,2.91445898002,0.677096530713,0.355731225296,1.07629584498,0.491516479791,2.88826011686,2.18974518502,1.07629584498,2.88826011686,0.351612638569,0.458912768647,121,0.0683229813665,0.291765337837,23,23,23,1,0,0.347826086957,0.608695652174,0.0434782608696,23,0.0770750988142,2.28413946522,3.39130434783,2.6,2.16666666667,2.18962700092,0.645659243861,0.360089186176,1.94082415973,1.14458860702,0.579710144928,1.52060940561,0.896769649462,0.470457079153,1.18549186682,0.519010281497,3.25177304965,2.40643846191,1.16847068834,3.25177304965,0.187566137566,0.244444444444,11,0.00621118012422,0.0992290249433,23,21,21,0.913043478261,0,0.260869565217,0.521739130435,0.130434782609,23,79,0.156126482213,3.27091577652,6.86956521739,4.9375,3.95,4.20285993349,0.611808724496,0.337369290039,3.39553298744,0.988572895077,0.52504127683,2.88926047406,0.841177100042,0.454595487067,1.7968372029,0.549337655162,4.60392197222,3.48719346952,1.72819722202,4.60392197222,0.413812642384,0.464552238806,83,0.046866177301,0.201119690495,23,21,21,0.913043478261,0,0.217391304348,0.652173913043,0.0434782608696,-20,-0.0395256916996,1.08117059149,-1.73913043478,-1.6625,-0.55,-0.396933840885,0.0774892456539,0.0457575201659,-0.89435769361,-0.00806837425753,-0.0160215251024,-0.025198505966,0.16408056933,0.0988642617702,0.720541357921,0.0578211753709,1.71566185536,1.29744828449,0.651901377037,1.71566185536,0.0622000038149,0.00563947015869,-38,-0.0214568040655,-0.0906456473421,-0.130434782609,0.0434782608696,0,71,8,28,399,0.717171717172,0.980343980344,0.019656019656,0.282828282828,0.898734177215,0.717171717172,0.797752808989,0.762327004794,0.697515697516,0.663551401869,40,60,0,23,23,23,1,0,8,0,0.0386050732335,0,0,1,3.88826011686,0,16,NaN,1,ok,2.18974518502,0,23,21,21,0.913043478261,0,6,0,0.0217100097002,0,0,1,4.25177304965,0,16,NaN,1,ok,2.40643846191,0,23,21,21,0.913043478261,0,5,0,0.0197325197494,0,0,1,5.60392197222,0,16,NaN,1,ok,3.48719346952,0,0,0,0
399,WLNM_dir_neg,0.827986111111,0.679087311164,00:00:00,10,40,99,508216045,fixed,validated_v2,/gpfs/scratch/acw792/wlnm_roleonly_v2_20260910/result_wlnm_dir_neg_roleonly_trophicv2_100x290_train10-90_Apocrita_20260910_011848/ecological_snapshots/Broadstone_Stream_tax_mass_K10_ratio0.4_exp99_seed508216045_threshold0.5_validated_v2.mat,role_only,2,uniform_without_replacement,uniform_remaining_nonlinks,176,0,176,407,198,198,176,22,0,22,0.111111111111,78,120,0.5,0.777777777778,0.466666666667,0.583333333333,28,8,32,112,0.466666666667,0.933333333333,0.0666666666667,0.533333333333,0.777777777778,0.466666666667,0.583333333333,0.777777777778,0.6,0.444444444444,0.471404520791,0.4,99,39,60,0,99,0,39,0,60,23,99,0.195652173913,2.18974518502,8.60869565217,6.6,4.5,4.59979377438,0.534319478842,0.291611769873,4.28989068105,0.996641269334,0.541062801932,2.91445898002,0.677096530713,0.355731225296,1.07629584498,0.491516479791,2.88826011686,2.18974518502,1.07629584498,2.88826011686,0.351612638569,0.458912768647,121,0.0683229813665,0.291765337837,23,23,23,1,0,0.347826086957,0.608695652174,0.0434782608696,23,0.0770750988142,1.97383252818,3.39130434783,3,2.6,2.31082689716,0.681397674802,0.377926421405,1.81995960516,1.07330951074,0.566332218506,1.71715363343,1.01268034792,0.539576365663,1.00856265218,0.510966679181,2.87037037037,2.06657848325,1.00749769411,2.87037037037,0.230392156863,0.278571428571,13,0.00734048560136,0.12822039072,23,21,21,0.913043478261,0,0.347826086957,0.304347826087,0.260869565217,23,75,0.148221343874,2.86280709135,6.52173913043,5,3.57142857143,4.26262366088,0.653602294669,0.36115942029,3.60829084829,1.10654252681,0.579710144928,2.13663693484,0.655235326683,0.358260869565,1.64281172907,0.573846464904,3.91869544,2.94748014096,1.6292926961,3.91869544,0.36827458256,0.466666666667,70,0.0395256916996,0.14996323782,23,22,22,0.95652173913,0,0.304347826087,0.608695652174,0.0434782608696,-24,-0.0474308300395,0.673061906325,-2.08695652174,-1.6,-0.928571428571,-0.337170113495,0.119282815827,0.0695476504172,-0.681599832758,0.109901257475,0.0386473429952,-0.777822045189,-0.0218612040298,0.00252964426877,0.566515884089,0.0823299851125,1.03043532315,0.757734955932,0.55299685112,1.03043532315,0.0166619439911,0.00775389801938,-51,-0.0287972896669,-0.141802100016,-0.0434782608696,0,0,67,8,32,399,0.676767676768,0.980343980344,0.019656019656,0.323232323232,0.893333333333,0.676767676768,0.770114942529,0.733642879449,0.657111657112,0.626168224299,36,60,0,23,23,23,1,0,8,0,0.0386050732335,0,0,1,3.88826011686,0,16,NaN,1,ok,2.18974518502,0,23,21,21,0.913043478261,0,8,0,0.0535610965698,0,0,1,3.87037037037,0,16,NaN,1,ok,2.06657848325,0,23,22,22,0.95652173913,0,7,0,0.0369985233262,0,0,1,4.91869544,0,16,NaN,1,ok,2.94748014096,0,0,0,0
400,WLNM_dir_neg,0.807083333333,0.550719531538,00:00:00,10,40,100,508216046,fixed,validated_v2,/gpfs/scratch/acw792/wlnm_roleonly_v2_20260910/result_wlnm_dir_neg_roleonly_trophicv2_100x290_train10-90_Apocrita_20260910_011848/ecological_snapshots/Broadstone_Stream_tax_mass_K10_ratio0.4_exp100_seed508216046_threshold0.5_validated_v2.mat,role_only,2,uniform_without_replacement,uniform_remaining_nonlinks,176,0,176,407,198,198,176,22,0,22,0.111111111111,78,120,0.5,0.65,0.65,0.65,39,21,21,99,0.65,0.825,0.175,0.35,0.65,0.65,0.65,0.766666666667,0.555555555556,0.475,0.475,0.475,99,39,60,0,99,0,39,0,60,23,99,0.195652173913,2.18974518502,8.60869565217,6.6,4.5,4.59979377438,0.534319478842,0.291611769873,4.28989068105,0.996641269334,0.541062801932,2.91445898002,0.677096530713,0.355731225296,1.07629584498,0.491516479791,2.88826011686,2.18974518502,1.07629584498,2.88826011686,0.351612638569,0.458912768647,121,0.0683229813665,0.291765337837,23,23,23,1,0,0.347826086957,0.608695652174,0.0434782608696,23,0.0770750988142,1.87301587302,3.39130434783,3,2.16666666667,2.23075874648,0.657787835499,0.358974358974,1.86924346896,1.10237435349,0.581939799331,1.4596008984,0.860790273415,0.461538461538,0.911732502251,0.486772437642,2.44047619048,1.9126984127,0.912631861914,2.44047619048,0.132072829132,0.152173913043,7,0.00395256916996,0.0996947496947,23,22,22,0.95652173913,0,0.391304347826,0.391304347826,0.173913043478,23,99,0.195652173913,1,8.60869565217,4.5,4.95,4.65870768693,0.541163014138,0.278875713658,3.46980196722,0.806115608545,0.434782608696,3.46980196722,0.806115608545,0.420729029425,0,0,0,265.756029371,60.6420656135,292.8671875,0.456190274372,0.421203438395,98,0.0553359683794,0.221008596983,23,23,23,1,0,0.0434782608696,0.826086956522,0.130434782609,0,0,-1.18974518502,0,-2.1,0.45,0.0589139125521,0.00684353529645,-0.0127360562143,-0.820088713831,-0.190525660789,-0.106280193237,0.555342987192,0.129019077833,0.0649978041282,-1.07629584498,-0.491516479791,-2.88826011686,263.566284186,59.5657697685,289.978927383,0.104577635803,-0.0377093302519,-23,-0.012987012987,-0.0707567408541,-0.304347826087,0.217391304348,0.0869565217391,78,21,21,386,0.787878787879,0.948402948403,0.0515970515971,0.212121212121,0.787878787879,0.787878787879,0.787878787879,0.736281736282,0.736281736282,0.65,60,60,0,23,23,23,1,0,8,0,0.0386050732335,0,0,1,3.88826011686,0,16,NaN,1,ok,2.18974518502,0,23,22,22,0.95652173913,0,9,0,0.0587248322148,0,0,1,3.44047619048,0,16,NaN,1,ok,1.9126984127,0,23,23,23,1,0,1,0,4.90592242865e-05,0,0,1,293.8671875,1,16,NaN,1,ok,NaN,3,0,0,0
401,WLNM_dir_neg,0.8441,0.690825276034,00:00:01,10,50,1,509133247,fixed,validated_v2,/gpfs/scratch/acw792/wlnm_roleonly_v2_20260910/result_wlnm_dir_neg_roleonly_trophicv2_100x290_train10-90_Apocrita_20260910_011848/ecological_snapshots/Broadstone_Stream_tax_mass_K10_ratio0.5_exp1_seed509133247_threshold0.5_validated_v2.mat,role_only,2,uniform_without_replacement,uniform_remaining_nonlinks,176,0,176,407,198,198,176,22,0,22,0.111111111111,98,100,0.5,0.794117647059,0.54,0.642857142857,27,7,23,93,0.54,0.93,0.07,0.46,0.794117647059,0.54,0.642857142857,0.8,0.591111111111,0.510869565217,0.529193385205,0.47,99,49,50,0,99,0,49,0,50,23,99,0.195652173913,2.18974518502,8.60869565217,6.6,4.5,4.59979377438,0.534319478842,0.291611769873,4.28989068105,0.996641269334,0.541062801932,2.91445898002,0.677096530713,0.355731225296,1.07629584498,0.491516479791,2.88826011686,2.18974518502,1.07629584498,2.88826011686,0.351612638569,0.458912768647,121,0.0683229813665,0.291765337837,23,23,23,1,0,0.347826086957,0.608695652174,0.0434782608696,23,0.096837944664,2.01621942935,4.26086956522,3.5,2.72222222222,2.61494639793,0.613711909718,0.333629103815,2.3799226081,1.11710653033,0.562555456965,1.79150388389,0.840909986318,0.452528837622,0.960433827471,0.47635382017,2.673828125,2.06241122159,0.956528596829,2.673828125,0.236054421769,0.293617021277,23,0.012987012987,0.137205651491,23,22,22,0.95652173913,0,0.347826086957,0.434782608696,0.173913043478,23,83,0.164031620553,4.66764546674,7.21739130435,5.1875,3.95238095238,4.1555715255,0.575771958353,0.318491356731,3.68953224967,1.02240050292,0.546883184914,2.444644061,0.677431486783,0.363541121006,3.06112149211,0.655817052501,7.34178809751,4.66764546674,3.06112149211,7.34178809751,0.473130909495,0.497409326425,96,0.0542066629023,0.173546394374,23,23,23,1,0,0.304347826087,0.608695652174,0.0869565217391,-16,-0.0316205533597,2.47790028171,-1.39130434783,-1.4125,-0.547619047619,-0.444222248876,0.0414524795108,0.0268795868586,-0.600358431379,0.025759233586,0.0058203829812,-0.469814919025,0.000334956070253,0.00780989570932,1.98482564713,0.16430057271,4.45352798065,2.47790028171,1.98482564713,4.45352798065,0.121518270925,0.0384965577776,-25,-0.0141163184641,-0.118218943463,-0.0434782608696,0,0.0434782608696,76,7,23,400,0.767676767677,0.982800982801,0.017199017199,0.232323232323,0.915662650602,0.767676767677,0.835164835165,0.803976571425,0.750477750478,0.716981132075,34,50,0,23,23,23,1,0,8,0,0.0386050732335,0,0,1,3.88826011686,0,16,NaN,1,ok,2.18974518502,0,23,22,22,0.95652173913,0,8,0,0.050928645809,0,0,1,3.673828125,0,16,NaN,1,ok,2.06241122159,0,23,23,23,1,0,7,0,0.015988596427,0,0,1,8.34178809751,0,16,NaN,1,ok,4.66764546674,0,0,0,0
402,WLNM_dir_neg,0.9068,0.771779341988,00:00:00,10,50,2,509133248,fixed,validated_v2,/gpfs/scratch/acw792/wlnm_roleonly_v2_20260910/result_wlnm_dir_neg_roleonly_trophicv2_100x290_train10-90_Apocrita_20260910_011848/ecological_snapshots/Broadstone_Stream_tax_mass_K10_ratio0.5_exp2_seed509133248_threshold0.5_validated_v2.mat,role_only,2,uniform_without_replacement,uniform_remaining_nonlinks,176,0,176,407,198,198,176,22,0,22,0.111111111111,98,100,0.5,0.765957446809,0.72,0.742268041237,36,11,14,89,0.72,0.89,0.11,0.28,0.765957446809,0.72,0.742268041237,0.833333333333,0.562222222222,0.619289340102,0.619936626756,0.61,99,49,50,0,99,0,49,0,50,23,99,0.195652173913,2.18974518502,8.60869565217,6.6,4.5,4.59979377438,0.534319478842,0.291611769873,4.28989068105,0.996641269334,0.541062801932,2.91445898002,0.677096530713,0.355731225296,1.07629584498,0.491516479791,2.88826011686,2.18974518502,1.07629584498,2.88826011686,0.351612638569,0.458912768647,121,0.0683229813665,0.291765337837,23,23,23,1,0,0.347826086957,0.608695652174,0.0434782608696,23,0.096837944664,1.99094202899,4.26086956522,3.5,2.45,2.45352050039,0.575826239888,0.314108251996,2.20132909906,1.03327692405,0.544809228039,1.79150388389,0.840909986318,0.440106477374,0.964322238842,0.484354755087,2.66666666667,1.99094202899,0.964322238842,2.66666666667,0.230026455026,0.253521126761,18,0.0101637492942,0.152124462839,23,23,23,1,0,0.391304347826,0.478260869565,0.130434782609,23,96,0.189723320158,4.41381216044,8.34782608696,5.33333333333,4.57142857143,4.17360423759,0.499963007628,0.275815217391,3.82161524529,0.915595319183,0.5,2.9488391231,0.706492706576,0.378623188406,2.07911454841,0.471047356081,6.87599034999,4.41381216044,2.07911454841,6.87599034999,0.339957144305,0.399713467049,93,0.0525127046866,0.180547528745,23,23,23,1,0,0.217391304348,0.695652173913,0.0869565217391,-3,-0.00592885375494,2.22406697542,-0.260869565217,-1.26666666667,0.0714285714286,-0.426189536789,-0.034356471214,-0.0157965524813,-0.468275435761,-0.0810459501511,-0.0410628019324,0.0343801430735,0.0293961758628,0.0228919631094,1.00281870343,-0.0204691237105,3.98773023313,2.22406697542,1.00281870343,3.98773023313,-0.0116554942642,-0.0591993015986,-28,-0.0158102766798,-0.111217809091,-0.130434782609,0.0869565217391,0.0434782608696,85,11,14,396,0.858585858586,0.972972972973,0.027027027027,0.141414141414,0.885416666667,0.858585858586,0.871794871795,0.84135685471,0.831558831559,0.772727272727,47,50,0,23,23,23,1,0,8,0,0.0386050732335,0,0,1,3.88826011686,0,16,NaN,1,ok,2.18974518502,0,23,23,23,1,0,9,0,0.0426647273609,0,0,1,3.66666666667,0,16,NaN,1,ok,1.99094202899,0,23,23,23,1,0,5,0,0.0195041943394,0,0,1,7.87599034999,0,16,NaN,1,ok,4.41381216044,0,0,0,0
403,WLNM_dir_neg,0.8838,0.800169038968,00:00:00,10,50,3,509133249,fixed,validated_v2,/gpfs/scratch/acw792/wlnm_roleonly_v2_20260910/result_wlnm_dir_neg_roleonly_trophicv2_100x290_train10-90_Apocrita_20260910_011848/ecological_snapshots/Broadstone_Stream_tax_mass_K10_ratio0.5_exp3_seed509133249_threshold0.5_validated_v2.mat,role_only,2,uniform_without_replacement,uniform_remaining_nonlinks,176,0,176,407,198,198,176,22,0,22,0.111111111111,98,100,0.5,0.85,0.68,0.755555555556,34,6,16,94,0.68,0.94,0.06,0.32,0.85,0.68,0.755555555556,0.853333333333,0.577777777778,0.652631578947,0.660922220702,0.62,99,49,50,0,99,0,49,0,50,23,99,0.195652173913,2.18974518502,8.60869565217,6.6,4.5,4.59979377438,0.534319478842,0.291611769873,4.28989068105,0.996641269334,0.541062801932,2.91445898002,0.677096530713,0.355731225296,1.07629584498,0.491516479791,2.88826011686,2.18974518502,1.07629584498,2.88826011686,0.351612638569,0.458912768647,121,0.0683229813665,0.291765337837,23,23,23,1,0,0.347826086957,0.608695652174,0.0434782608696,23,0.096837944664,2.25677501841,4.26086956522,3.76923076923,2.57894736842,2.94212958284,0.690499800054,0.378881987578,2.262427253,1.06195564937,0.566104702751,1.65980140724,0.779090456458,0.413487133984,1.32066099237,0.585198339043,3.73659966499,2.37646787731,1.32119981769,3.73659966499,0.306766917293,0.288461538462,20,0.0112930547713,0.122664835165,23,21,21,0.913043478261,0,0.347826086957,0.478260869565,0.0869565217391,23,89,0.175889328063,2.68403022936,7.73913043478,5.93333333333,4.04545454545,4.93795496228,0.638050360294,0.350757205667,4.20285993349,1.08613234236,0.579384465071,2.43654650957,0.629669322697,0.337078651685,1.57104808494,0.585331740214,4.34014923963,2.68403022936,1.57104808494,4.34014923963,0.488998879908,0.507042253521,108,0.0609824957651,0.186065419952,23,23,23,1,0,0.347826086957,0.608695652174,0.0434782608696,-10,-0.0197628458498,0.494285044334,-0.869565217391,-0.666666666667,-0.454545454545,0.338161187901,0.103730881453,0.0591454357942,-0.0870307475551,0.0894910730289,0.0383216631385,-0.477912470458,-0.0474272080158,-0.018652573611,0.494752239954,0.0938152604226,1.45188912277,0.494285044334,0.494752239954,1.45188912277,0.137386241339,0.0481294848738,-13,-0.00734048560136,-0.105699917885,0,0,0,83,6,16,401,0.838383838384,0.985257985258,0.014742014742,0.161616161616,0.932584269663,0.838383838384,0.882978723404,0.85820326531,0.823641823642,0.790476190476,40,50,0,23,23,23,1,0,8,0,0.0386050732335,0,0,1,3.88826011686,0,16,NaN,1,ok,2.18974518502,0,23,21,21,0.913043478261,0,8,0,0.0467914261439,0,0,1,4.73659966499,0,16,NaN,1,ok,2.37646787731,0,23,23,23,1,0,8,0,0.0341348706668,0,0,1,5.34014923963,0,16,NaN,1,ok,2.68403022936,0,0,0,0
404,WLNM_dir_neg,0.8198,0.612537262976,00:00:00,10,50,4,509133250,fixed,validated_v2,/gpfs/scratch/acw792/wlnm_roleonly_v2_20260910/result_wlnm_dir_neg_roleonly_trophicv2_100x290_train10-90_Apocrita_20260910_011848/ecological_snapshots/Broadstone_Stream_tax_mass_K10_ratio0.5_exp4_seed509133250_threshold0.5_validated_v2.mat,role_only,2,uniform_without_replacement,uniform_remaining_nonlinks,176,0,176,407,198,198,176,22,0,22,0.111111111111,98,100,0.5,0.9,0.54,0.675,27,3,23,97,0.54,0.97,0.03,0.46,0.9,0.54,0.675,0.826666666667,0.6,0.566666666667,0.601040764009,0.51,99,49,50,0,99,0,49,0,50,23,99,0.195652173913,2.18974518502,8.60869565217,6.6,4.5,4.59979377438,0.534319478842,0.291611769873,4.28989068105,0.996641269334,0.541062801932,2.91445898002,0.677096530713,0.355731225296,1.07629584498,0.491516479791,2.88826011686,2.18974518502,1.07629584498,2.88826011686,0.351612638569,0.458912768647,121,0.0683229813665,0.291765337837,23,23,23,1,0,0.347826086957,0.608695652174,0.0434782608696,23,0.096837944664,2.14049919485,4.26086956522,3.5,2.57894736842,2.78334970371,0.653235134543,0.359361135759,2.3799226081,1.11710653033,0.587400177462,1.65980140724,0.779090456458,0.422360248447,1.08962335573,0.509051046761,2.83333333333,2.32797270955,1.09367890733,2.83333333333,0.219423558897,0.258373205742,18,0.0101637492942,0.114857364857,23,19,19,0.826086956522,0,0.304347826087,0.521739130435,0.0869565217391,23,79,0.156126482213,3.41469070604,6.86956521739,5.26666666667,3.7619047619,4.47522826057,0.651457278437,0.36158503027,3.65346767975,1.0636678055,0.565767749037,2.7274044764,0.794054467812,0.42927903137,2.02171040284,0.592062525387,5.34284446524,3.41469070604,2.02171040284,5.34284446524,0.343802229517,0.419117647059,76,0.042913608131,0.217366813081,23,23,23,1,0,0.347826086957,0.565217391304,0.0869565217391,-20,-0.0395256916996,1.22494552102,-1.73913043478,-1.33333333333,-0.738095238095,-0.124565513809,0.117137799595,0.069973260397,-0.6364230013,0.0670265361618,0.0247049471045,-0.187054503628,0.116957937099,0.0735478060739,0.945414557853,0.100546045596,2.45458434838,1.22494552102,0.945414557853,2.45458434838,-0.00781040905265,-0.0397951215885,-45,-0.0254093732355,-0.0743985247557,0,-0.0434782608696,0.0434782608696,76,3,23,404,0.767676767677,0.992628992629,0.00737100737101,0.232323232323,0.962025316456,0.767676767677,0.85393258427,0.830951353562,0.760305760306,0.745098039216,30,50,0,23,23,23,1,0,8,0,0.0386050732335,0,0,1,3.88826011686,0,16,NaN,1,ok,2.18974518502,0,23,19,19,0.826086956522,0,6,0,0.0367621307969,0,0,1,3.83333333333,0,16,NaN,1,ok,2.32797270955,0,23,23,23,1,0,8,0,0.0265004545732,0,0,1,6.34284446524,0,16,NaN,1,ok,3.41469070604,0,0,0,0
405,WLNM_dir_neg,0.9083,0.616472174433,00:00:00,10,50,5,509133251,fixed,validated_v2,/gpfs/scratch/acw792/wlnm_roleonly_v2_20260910/result_wlnm_dir_neg_roleonly_trophicv2_100x290_train10-90_Apocrita_20260910_011848/ecological_snapshots/Broadstone_Stream_tax_mass_K10_ratio0.5_exp5_seed509133251_threshold0.5_validated_v2.mat,role_only,2,uniform_without_replacement,uniform_remaining_nonlinks,176,0,176,407,198,198,176,22,0,22,0.111111111111,98,100,0.5,0.755102040816,0.74,0.747474747475,37,12,13,88,0.74,0.88,0.12,0.26,0.755102040816,0.74,0.747474747475,0.833333333333,0.557777777778,0.623115577889,0.623186396761,0.62,99,49,50,0,99,0,49,0,50,23,99,0.195652173913,2.18974518502,8.60869565217,6.6,4.5,4.59979377438,0.534319478842,0.291611769873,4.28989068105,0.996641269334,0.541062801932,2.91445898002,0.677096530713,0.355731225296,1.07629584498,0.491516479791,2.88826011686,2.18974518502,1.07629584498,2.88826011686,0.351612638569,0.458912768647,121,0.0683229813665,0.291765337837,23,23,23,1,0,0.347826086957,0.608695652174,0.0434782608696,23,0.096837944664,2.02625880736,4.26086956522,3.5,2.45,2.52653897842,0.59296322963,0.32298136646,2.28242988195,1.07134463847,0.571428571429,1.68696467135,0.79184056002,0.39751552795,0.998296052084,0.492679438806,2.9976284585,2.02625880736,0.998296052084,2.9976284585,0.172562358277,0.247572815534,17,0.00959909655562,0.117080934938,23,23,23,1,0,0.391304347826,0.478260869565,0.130434782609,23,98,0.193675889328,3.20451101305,8.52173913043,6.53333333333,4.45454545455,5.26454319194,0.617778027625,0.338065661047,4.47434496277,1.05010136881,0.565217391304,2.78334970371,0.653235134543,0.357586512866,1.83674203022,0.573173886043,5.18944185031,3.20451101305,1.83674203022,5.18944185031,0.475120334211,0.504842615012,139,0.0784867306606,0.220922561721,23,23,23,1,0,0.347826086957,0.608695652174,0.0434782608696,-1,-0.00197628458498,1.01476582802,-0.0869565217391,-0.0666666666667,-0.0454545454545,0.664749417559,0.0834585487834,0.0464538911744,0.184454281721,0.0534600994788,0.024154589372,-0.131109276318,-0.0238613961694,0.00185528756957,0.760446185233,0.0816574062513,2.30118173345,1.01476582802,0.760446185233,2.30118173345,0.123507695642,0.0459298463648,18,0.0101637492942,-0.0708427761159,0,0,0,86,12,13,395,0.868686868687,0.970515970516,0.029484029484,0.131313131313,0.877551020408,0.868686868687,0.873096446701,0.842439316343,0.839202839203,0.774774774775,49,50,0,23,23,23,1,0,8,0,0.0386050732335,0,0,1,3.88826011686,0,16,NaN,1,ok,2.18974518502,0,23,23,23,1,0,9,0,0.0454714371463,0,0,1,3.9976284585,0,16,NaN,1,ok,2.02625880736,0,23,23,23,1,0,8,0,0.0341360078429,0,0,1,6.18944185031,0,16,NaN,1,ok,3.20451101305,0,0,0,0
406,WLNM_dir_neg,0.8146,0.566889694445,00:00:00,10,50,6,509133252,fixed,validated_v2,/gpfs/scratch/acw792/wlnm_roleonly_v2_20260910/result_wlnm_dir_neg_roleonly_trophicv2_100x290_train10-90_Apocrita_20260910_011848/ecological_snapshots/Broadstone_Stream_tax_mass_K10_ratio0.5_exp6_seed509133252_threshold0.5_validated_v2.mat,role_only,2,uniform_without_replacement,uniform_remaining_nonlinks,176,0,176,407,198,198,176,22,0,22,0.111111111111,98,100,0.5,0.578125,0.74,0.649122807018,37,27,13,73,0.74,0.73,0.27,0.26,0.578125,0.74,0.649122807018,0.733333333333,0.524444444444,0.439252336449,0.447964550352,0.47,99,49,50,0,99,0,49,0,50,23,99,0.195652173913,2.18974518502,8.60869565217,6.6,4.5,4.59979377438,0.534319478842,0.291611769873,4.28989068105,0.996641269334,0.541062801932,2.91445898002,0.677096530713,0.355731225296,1.07629584498,0.491516479791,2.88826011686,2.18974518502,1.07629584498,2.88826011686,0.351612638569,0.458912768647,121,0.0683229813665,0.291765337837,23,23,23,1,0,0.347826086957,0.608695652174,0.0434782608696,23,0.096837944664,2.3028573391,4.26086956522,3.5,2.57894736842,2.81582203893,0.660856192811,0.351375332742,2.30225872936,1.08065205664,0.574977817214,1.93776693941,0.9095640736,0.461401952085,1.34133209451,0.582464259394,4.24549763033,2.36207812724,1.34176830457,4.24549763033,0.2475,0.264248704663,17,0.00959909655562,0.147780394209,23,22,22,0.95652173913,0,0.347826086957,0.478260869565,0.130434782609,23,113,0.223320158103,NaN,9.82608695652,4.91304347826,4.91304347826,5.48263518188,0.557967297271,0.296267795306,3.44980952673,0.702173620486,0.362447095037,4.38917100765,0.893371090052,0.420931127357,NaN,NaN,NaN,NaN,NaN,NaN,0.523544343887,0.445770065076,137,0.0773574251835,0.269826640267,23,23,0,1,6,0,1,0,14,0.0276679841897,NaN,1.21739130435,-1.68695652174,0.413043478261,0.882841407499,0.0236478184288,0.00465602543325,-0.840081154312,-0.294467648848,-0.178615706896,1.47471202762,0.21627455934,0.0651999020602,NaN,NaN,NaN,NaN,NaN,NaN,0.171931705318,-0.0131427035714,16,0.00903444381705,-0.0219386975701,-0.347826086957,0.391304347826,-0.0434782608696,86,27,13,380,0.868686868687,0.933660933661,0.0663390663391,0.131313131313,0.761061946903,0.868686868687,0.811320754717,0.764261482445,0.802347802348,0.68253968254,64,50,0,23,23,23,1,0,8,0,0.0386050732335,0,0,1,3.88826011686,0,16,NaN,1,ok,2.18974518502,0,23,22,22,0.95652173913,0,8,0,0.0320739372658,0,0,1,5.24549763033,0,16,NaN,1,ok,2.36207812724,0,23,23,0,1,6,0,23,NaN,NaN,NaN,NaN,NaN,0,0,NaN,0,no_basal_in_lcc,NaN,2,0,0,0
407,WLNM_dir_neg,0.7806,0.421780008964,00:00:00,10,50,7,509133253,fixed,validated_v2,/gpfs/scratch/acw792/wlnm_roleonly_v2_20260910/result_wlnm_dir_neg_roleonly_trophicv2_100x290_train10-90_Apocrita_20260910_011848/ecological_snapshots/Broadstone_Stream_tax_mass_K10_ratio0.5_exp7_seed509133253_threshold0.5_validated_v2.mat,role_only,2,uniform_without_replacement,uniform_remaining_nonlinks,176,0,176,407,198,198,176,22,0,22,0.111111111111,98,100,0.5,0.69387755102,0.68,0.686868686869,34,15,16,85,0.68,0.85,0.15,0.32,0.69387755102,0.68,0.686868686869,0.793333333333,0.557777777778,0.532663316583,0.532723855296,0.53,99,49,50,0,99,0,49,0,50,23,99,0.195652173913,2.18974518502,8.60869565217,6.6,4.5,4.59979377438,0.534319478842,0.291611769873,4.28989068105,0.996641269334,0.541062801932,2.91445898002,0.677096530713,0.355731225296,1.07629584498,0.491516479791,2.88826011686,2.18974518502,1.07629584498,2.88826011686,0.351612638569,0.458912768647,121,0.0683229813665,0.291765337837,23,23,23,1,0,0.347826086957,0.608695652174,0.0434782608696,23,0.096837944664,2.20253623188,4.26086956522,3.5,2.88235294118,2.6665843202,0.625831013925,0.344276841171,1.98412673317,0.931324793121,0.503992901508,2.20132909906,1.03327692405,0.537710736469,1.16226831835,0.527695436525,3,2.31706349206,1.15220343313,3,0.148663324979,0.197183098592,14,0.00790513833992,0.184131344846,23,21,21,0.913043478261,0,0.304347826087,0.434782608696,0.173913043478,23,98,0.193675889328,3.46523128694,8.52173913043,4.66666666667,4.45454545455,4.48096545215,0.525827578569,0.295031055901,3.51900542902,0.82588902926,0.446317657498,3.92216766718,0.920508738216,0.455190771961,1.40405065325,0.405182378025,4.28912068346,3.46523128694,1.40405065325,4.28912068346,0.585228298272,0.518742442563,143,0.0807453416149,0.27880774843,23,23,23,1,0,0.0869565217391,0.869565217391,0.0434782608696,-1,-0.00197628458498,1.27548610192,-0.0869565217391,-1.93333333333,-0.0454545454545,-0.118828322223,-0.00849190027267,0.00341928602798,-0.770885252025,-0.170752240074,-0.0947451444346,1.00770868716,0.243412207503,0.0994595466645,0.327754808266,-0.0863341017667,1.4008605666,1.27548610192,0.327754808266,1.4008605666,0.233615659703,0.0598296739162,22,0.0124223602484,-0.0129575894072,-0.260869565217,0.260869565217,0,83,15,16,392,0.838383838384,0.963144963145,0.036855036855,0.161616161616,0.84693877551,0.838383838384,0.842639593909,0.80461998464,0.801528801529,0.728070175439,49,50,0,23,23,23,1,0,8,0,0.0386050732335,0,0,1,3.88826011686,0,16,NaN,1,ok,2.18974518502,0,23,21,21,0.913043478261,0,7,0,0.0358660782376,0,0,1,4,0,16,NaN,1,ok,2.31706349206,0,23,23,23,1,0,2,0,0.0051433715446,0,0,1,5.28912068346,0,16,NaN,1,ok,3.46523128694,0,0,0,0
408,WLNM_dir_neg,0.8794,0.712758925421,00:00:00,10,50,8,509133254,fixed,validated_v2,/gpfs/scratch/acw792/wlnm_roleonly_v2_20260910/result_wlnm_dir_neg_roleonly_trophicv2_100x290_train10-90_Apocrita_20260910_011848/ecological_snapshots/Broadstone_Stream_tax_mass_K10_ratio0.5_exp8_seed509133254_threshold0.5_validated_v2.mat,role_only,2,uniform_without_replacement,uniform_remaining_nonlinks,176,0,176,407,198,198,176,22,0,22,0.111111111111,98,100,0.5,0.868421052632,0.66,0.75,33,5,17,95,0.66,0.95,0.05,0.34,0.868421052632,0.66,0.75,0.853333333333,0.582222222222,0.648936170213,0.661171351762,0.61,99,49,50,0,99,0,49,0,50,23,99,0.195652173913,2.18974518502,8.60869565217,6.6,4.5,4.59979377438,0.534319478842,0.291611769873,4.28989068105,0.996641269334,0.541062801932,2.91445898002,0.677096530713,0.355731225296,1.07629584498,0.491516479791,2.88826011686,2.18974518502,1.07629584498,2.88826011686,0.351612638569,0.458912768647,121,0.0683229813665,0.291765337837,23,23,23,1,0,0.347826086957,0.608695652174,0.0434782608696,23,0.096837944664,2.08011553664,4.26086956522,3.5,2.45,2.64948350549,0.62181755741,0.342502218279,2.3414127015,1.09903045172,0.583850931677,1.84154944213,0.864400758553,0.383318544809,1.10887677771,0.533084224494,3.32167832168,2.12921169739,1.10908994183,3.32167832168,0.227222222222,0.240506329114,19,0.0107284020327,0.148553430696,23,22,22,0.95652173913,0,0.347826086957,0.521739130435,0.0869565217391,23,87,0.171936758893,4.22960850754,7.5652173913,4.83333333333,3.95454545455,4.38827038776,0.580058729416,0.32383808096,3.82523346571,1.01126861737,0.536731634183,2.84375746535,0.75179795061,0.371814092954,1.90966950075,0.451500297806,5.22779073266,4.22960850754,1.90966950075,5.22779073266,0.355375542332,0.398473282443,87,0.0491247882552,0.222837556416,23,23,23,1,0,0.217391304348,0.739130434783,0.0434782608696,-12,-0.0237154150198,2.03986332251,-1.04347826087,-1.76666666667,-0.545454545455,-0.211523386622,0.0457392505741,0.0322263110869,-0.464657215336,0.0146273480376,-0.00433116774946,-0.0707015146735,0.0747014198973,0.0160828676571,0.833373655771,-0.0400161819855,2.3395306158,2.03986332251,0.833373655771,2.3395306158,0.0037629037629,-0.0604394862045,-34,-0.0191981931112,-0.0689277814208,-0.130434782609,0.130434782609,0,82,5,17,402,0.828282828283,0.987714987715,0.012285012285,0.171717171717,0.942528735632,0.828282828283,0.881720430108,0.85790097321,0.815997815998,0.788461538462,38,50,0,23,23,23,1,0,8,0,0.0386050732335,0,0,1,3.88826011686,0,16,NaN,1,ok,2.18974518502,0,23,22,22,0.95652173913,0,8,0,0.0210632906057,0,0,1,4.32167832168,0,16,NaN,1,ok,2.12921169739,0,23,23,23,1,0,5,0,0.0058470769846,0,0,1,6.22779073266,0,16,NaN,1,ok,4.22960850754,0,0,0,0
409,WLNM_dir_neg,0.7276,0.550094018742,00:00:00,10,50,9,509133255,fixed,validated_v2,/gpfs/scratch/acw792/wlnm_roleonly_v2_20260910/result_wlnm_dir_neg_roleonly_trophicv2_100x290_train10-90_Apocrita_20260910_011848/ecological_snapshots/Broadstone_Stream_tax_mass_K10_ratio0.5_exp9_seed509133255_threshold0.5_validated_v2.mat,role_only,2,uniform_without_replacement,uniform_remaining_nonlinks,176,0,176,407,198,198,176,22,0,22,0.111111111111,98,100,0.5,0.717948717949,0.56,0.629213483146,28,11,22,89,0.56,0.89,0.11,0.44,0.717948717949,0.56,0.629213483146,0.78,0.58,0.47619047619,0.483619410164,0.45,99,49,50,0,99,0,49,0,50,23,99,0.195652173913,2.18974518502,8.60869565217,6.6,4.5,4.59979377438,0.534319478842,0.291611769873,4.28989068105,0.996641269334,0.541062801932,2.91445898002,0.677096530713,0.355731225296,1.07629584498,0.491516479791,2.88826011686,2.18974518502,1.07629584498,2.88826011686,0.351612638569,0.458912768647,121,0.0683229813665,0.291765337837,23,23,23,1,0,0.347826086957,0.608695652174,0.0434782608696,23,0.096837944664,2.17724565935,4.26086956522,3.26666666667,2.72222222222,2.75049402677,0.645524108324,0.361135758651,2.28242988195,1.07134463847,0.560780834073,1.76594934103,0.828914996812,0.450754214729,1.06862638039,0.490815712873,2.93267326733,2.28936429357,1.05088949141,2.93267326733,0.238492063492,0.298507462687,20,0.0112930547713,0.121974163403,23,21,21,0.913043478261,0,0.260869565217,0.521739130435,0.130434782609,23,88,0.173913043478,12.5681482973,7.65217391304,5.17647058824,4.63157894737,5.122221603,0.66938123221,0.374011857708,3.70076372846,0.967245065394,0.51976284585,3.00986520255,0.786669314304,0.432806324111,7.71178229753,0.613597334714,18.4642098878,13.6698767066,7.12474866644,18.4642098878,0.41045010545,0.519500780031,111,0.0626764539808,0.195037805332,23,21,21,0.913043478261,0,0.173913043478,0.652173913043,0.0869565217391,-11,-0.0217391304348,10.3784031123,-0.95652173913,-1.42352941176,0.131578947368,0.522427828619,0.135061753368,0.0824000878349,-0.589126952583,-0.0293962039403,-0.0212999560826,0.0954062225302,0.109572783591,0.0770750988142,6.63548645255,0.122080854923,15.5759497709,11.4801315216,6.04845282145,15.5759497709,0.0588374668809,0.0605880113839,-10,-0.00564652738566,-0.0967275325048,-0.173913043478,0.0434782608696,0.0434782608696,77,11,22,396,0.777777777778,0.972972972973,0.027027027027,0.222222222222,0.875,0.777777777778,0.823529411765,0.785744048338,0.750750750751,0.7,39,50,0,23,23,23,1,0,8,0,0.0386050732335,0,0,1,3.88826011686,0,16,NaN,1,ok,2.18974518502,0,23,21,21,0.913043478261,0,6,0,0.0298222353635,0,0,1,3.93267326733,0,16,NaN,1,ok,2.28936429357,0,23,21,21,0.913043478261,0,4,0,0.00563527127458,0,0,1,19.4642098878,0,16,NaN,1,ok,13.6698767066,0,0,0,0
410,WLNM_dir_neg,0.8932,0.754743460217,00:00:00,10,50,10,509133256,fixed,validated_v2,/gpfs/scratch/acw792/wlnm_roleonly_v2_20260910/result_wlnm_dir_neg_roleonly_trophicv2_100x290_train10-90_Apocrita_20260910_011848/ecological_snapshots/Broadstone_Stream_tax_mass_K10_ratio0.5_exp10_seed509133256_threshold0.5_validated_v2.mat,role_only,2,uniform_without_replacement,uniform_remaining_nonlinks,176,0,176,407,198,198,176,22,0,22,0.111111111111,98,100,0.5,0.795454545455,0.7,0.744680851064,35,9,15,91,0.7,0.91,0.09,0.3,0.795454545455,0.7,0.744680851064,0.84,0.568888888889,0.628865979381,0.631590467004,0.61,99,49,50,0,99,0,49,0,50,23,99,0.195652173913,2.18974518502,8.60869565217,6.6,4.5,4.59979377438,0.534319478842,0.291611769873,4.28989068105,0.996641269334,0.541062801932,2.91445898002,0.677096530713,0.355731225296,1.07629584498,0.491516479791,2.88826011686,2.18974518502,1.07629584498,2.88826011686,0.351612638569,0.458912768647,121,0.0683229813665,0.291765337837,23,23,23,1,0,0.347826086957,0.608695652174,0.0434782608696,23,0.096837944664,2.17199665909,4.26086956522,3.5,2.45,2.49029737736,0.584457547747,0.321206743567,2.18058265412,1.02353879683,0.55190771961,1.51670539556,0.711922940772,0.383318544809,1.16627043084,0.536957746211,3.08110992529,2.2252692345,1.16472143294,3.08110992529,0.237023809524,0.222222222222,14,0.00790513833992,0.124315367173,23,22,22,0.95652173913,0,0.347826086957,0.521739130435,0.0869565217391,23,93,0.183794466403,6.51564301995,8.08695652174,5.8125,4.04347826087,4.71856144756,0.583478028462,0.323983169705,4.08409621547,1.0100453006,0.546049555867,2.26591865515,0.560388484608,0.311360448808,4.28297839359,0.657337791601,10.5296464565,6.51564301995,4.28297839359,10.5296464565,0.361870705053,0.436363636364,96,0.0542066629023,0.17455086104,23,23,23,1,0,0.304347826087,0.695652173913,0,-6,-0.0118577075099,4.32589783493,-0.521739130435,-0.7875,-0.45652173913,0.118767673182,0.0491585496198,0.0323713998328,-0.205794465575,0.0134040312664,0.00498675393486,-0.64854032487,-0.116708046105,-0.0443707764886,3.20668254861,0.165821311809,7.6413863396,4.32589783493,3.20668254861,7.6413863396,0.0102580664834,-0.0225491322836,-25,-0.0141163184641,-0.117214476797,-0.0434782608696,0.0869565217391,-0.0434782608696,84,9,15,398,0.848484848485,0.977886977887,0.022113022113,0.151515151515,0.903225806452,0.848484848485,0.875,0.846396393372,0.826371826372,0.777777777778,44,50,0,23,23,23,1,0,8,0,0.0386050732335,0,0,1,3.88826011686,0,16,NaN,1,ok,2.18974518502,0,23,22,22,0.95652173913,0,8,0,0.025624354349,0,0,1,4.08110992529,0,16,NaN,1,ok,2.2252692345,0,23,23,23,1,0,7,0,0.0107448965966,0,0,1,11.5296464565,0,16,NaN,1,ok,6.51564301995,0,0,0,0
411,WLNM_dir_neg,0.9105,0.825879609935,00:00:00,10,50,11,509133257,fixed,validated_v2,/gpfs/scratch/acw792/wlnm_roleonly_v2_20260910/result_wlnm_dir_neg_roleonly_trophicv2_100x290_train10-90_Apocrita_20260910_011848/ecological_snapshots/Broadstone_Stream_tax_mass_K10_ratio0.5_exp11_seed509133257_threshold0.5_validated_v2.mat,role_only,2,uniform_without_replacement,uniform_remaining_nonlinks,176,0,176,407,198,198,176,22,0,22,0.111111111111,98,100,0.5,0.809523809524,0.68,0.739130434783,34,8,16,92,0.68,0.92,0.08,0.32,0.809523809524,0.68,0.739130434783,0.84,0.573333333333,0.625,0.629940788349,0.6,99,49,50,0,99,0,49,0,50,23,99,0.195652173913,2.18974518502,8.60869565217,6.6,4.5,4.59979377438,0.534319478842,0.291611769873,4.28989068105,0.996641269334,0.541062801932,2.91445898002,0.677096530713,0.355731225296,1.07629584498,0.491516479791,2.88826011686,2.18974518502,1.07629584498,2.88826011686,0.351612638569,0.458912768647,121,0.0683229813665,0.291765337837,23,23,23,1,0,0.347826086957,0.608695652174,0.0434782608696,23,0.096837944664,2.1020517831,4.26086956522,3.76923076923,2.57894736842,2.75049402677,0.645524108324,0.351375332742,2.3414127015,1.09903045172,0.583850931677,1.57550418557,0.739522372817,0.39041703638,1.24727254756,0.593359572582,3.9702247191,2.15214504597,1.25271952304,3.9702247191,0.173888888889,0.177339901478,12,0.00677583286279,0.129599104599,23,22,22,0.95652173913,0,0.391304347826,0.434782608696,0.130434782609,23,91,0.179841897233,4.02866339936,7.91304347826,5.6875,4.33333333333,4.57178146577,0.577752602817,0.320114667941,4.03933231285,1.020930145,0.550406115624,2.34478649677,0.592638345336,0.327759197324,2.25405443289,0.559504284534,6.19519398484,4.02866339936,2.25405443289,6.19519398484,0.399068355887,0.430473372781,97,0.0547713156409,0.183628677108,23,23,23,1,0,0.304347826087,0.608695652174,0.0869565217391,-8,-0.0158102766798,1.83891821434,-0.695652173913,-0.9125,-0.166666666667,-0.0280123086079,0.0434331239752,0.0285028980681,-0.250558368202,0.0242888756707,0.00934331369114,-0.569672483259,-0.0844581853763,-0.027972027972,1.1777585879,0.0679878047427,3.30693386798,1.83891821434,1.1777585879,3.30693386798,0.0474557173174,-0.0284393958662,-24,-0.0135516657256,-0.108136660729,-0.0434782608696,0,0.0434782608696,83,8,16,399,0.838383838384,0.980343980344,0.019656019656,0.161616161616,0.912087912088,0.838383838384,0.873684210526,0.845686902389,0.818727818728,0.775700934579,42,50,0,23,23,23,1,0,8,0,0.0386050732335,0,0,1,3.88826011686,0,16,NaN,1,ok,2.18974518502,0,23,22,22,0.95652173913,0,9,0,0.0425750178725,0,0,1,4.9702247191,0,16,NaN,1,ok,2.15214504597,0,23,23,23,1,0,7,0,0.0229939764513,0,0,1,7.19519398484,0,16,NaN,1,ok,4.02866339936,0,0,0,0
412,WLNM_dir_neg,0.8092,0.556380111395,00:00:00,10,50,12,509133258,fixed,validated_v2,/gpfs/scratch/acw792/wlnm_roleonly_v2_20260910/result_wlnm_dir_neg_roleonly_trophicv2_100x290_train10-90_Apocrita_20260910_011848/ecological_snapshots/Broadstone_Stream_tax_mass_K10_ratio0.5_exp12_seed509133258_threshold0.5_validated_v2.mat,role_only,2,uniform_without_replacement,uniform_remaining_nonlinks,176,0,176,407,198,198,176,22,0,22,0.111111111111,98,100,0.5,0.80487804878,0.66,0.725274725275,33,8,17,92,0.66,0.92,0.08,0.34,0.80487804878,0.66,0.725274725275,0.833333333333,0.575555555556,0.607329842932,0.613490466671,0.58,99,49,50,0,99,0,49,0,50,23,99,0.195652173913,2.18974518502,8.60869565217,6.6,4.5,4.59979377438,0.534319478842,0.291611769873,4.28989068105,0.996641269334,0.541062801932,2.91445898002,0.677096530713,0.355731225296,1.07629584498,0.491516479791,2.88826011686,2.18974518502,1.07629584498,2.88826011686,0.351612638569,0.458912768647,121,0.0683229813665,0.291765337837,23,23,23,1,0,0.347826086957,0.608695652174,0.0434782608696,23,0.096837944664,1.95072968156,4.26086956522,3.5,2.57894736842,3.00329200143,0.704854245233,0.387755102041,2.4918840595,1.16965986466,0.608695652174,1.65980140724,0.779090456458,0.417036379769,0.923945330577,0.473640883875,2.69721577726,1.99394466709,0.921589639308,2.69721577726,0.237742504409,0.298507462687,20,0.0112930547713,0.110355517498,23,22,22,0.95652173913,0,0.347826086957,0.478260869565,0.130434782609,23,90,0.177865612648,3.41716027714,7.82608695652,5.625,4.5,4.75444456093,0.607512360564,0.338164251208,3.99901173562,1.02196966577,0.550724637681,2.81090479575,0.718342336691,0.393236714976,1.8652957001,0.545861343579,4.73333333333,3.52703119883,1.83143162374,4.73333333333,0.372810775084,0.498387096774,103,0.0581592320723,0.199233154509,23,22,22,0.95652173913,0,0.260869565217,0.608695652174,0.0869565217391,-9,-0.0177865612648,1.22741509212,-0.782608695652,-0.975,0,0.154650786558,0.0731928817221,0.0465524813351,-0.290878945423,0.0253283964364,0.00966183574879,-0.103554184278,0.041245805978,0.0375054896794,0.78899985512,0.0543448637873,1.84507321648,1.3372860138,0.755135778758,1.84507321648,0.0211981365143,0.0394743281269,-18,-0.0101637492942,-0.0925321833279,-0.0869565217391,0,0.0434782608696,82,8,17,399,0.828282828283,0.980343980344,0.019656019656,0.171717171717,0.911111111111,0.828282828283,0.867724867725,0.838870684037,0.808626808627,0.766355140187,41,50,0,23,23,23,1,0,8,0,0.0386050732335,0,0,1,3.88826011686,0,16,NaN,1,ok,2.18974518502,0,23,22,22,0.95652173913,0,8,0,0.0388868374841,0,0,1,3.69721577726,0,16,NaN,1,ok,1.99394466709,0,23,22,22,0.95652173913,0,6,0,0.0172400121572,0,0,1,5.73333333333,0,16,NaN,1,ok,3.52703119883,0,0,0,0
413,WLNM_dir_neg,0.7725,0.624236915631,00:00:00,10,50,13,509133259,fixed,validated_v2,/gpfs/scratch/acw792/wlnm_roleonly_v2_20260910/result_wlnm_dir_neg_roleonly_trophicv2_100x290_train10-90_Apocrita_20260910_011848/ecological_snapshots/Broadstone_Stream_tax_mass_K10_ratio0.5_exp13_seed509133259_threshold0.5_validated_v2.mat,role_only,2,uniform_without_replacement,uniform_remaining_nonlinks,176,0,176,407,198,198,176,22,0,22,0.111111111111,98,100,0.5,0.714285714286,0.5,0.588235294118,25,10,25,90,0.5,0.9,0.1,0.5,0.714285714286,0.5,0.588235294118,0.766666666667,0.588888888889,0.432432432432,0.44582257006,0.4,99,49,50,0,99,0,49,0,50,23,99,0.195652173913,2.18974518502,8.60869565217,6.6,4.5,4.59979377438,0.534319478842,0.291611769873,4.28989068105,0.996641269334,0.541062801932,2.91445898002,0.677096530713,0.355731225296,1.07629584498,0.491516479791,2.88826011686,2.18974518502,1.07629584498,2.88826011686,0.351612638569,0.458912768647,121,0.0683229813665,0.291765337837,23,23,23,1,0,0.347826086957,0.608695652174,0.0434782608696,23,0.096837944664,1.77314001172,4.26086956522,4.08333333333,2.72222222222,2.61494639793,0.613711909718,0.338952972493,2.56381015866,1.20342109488,0.622892635315,1.93776693941,0.9095640736,0.463176574978,0.820237193329,0.462590200384,2.09680726421,1.80828273952,0.82162566631,2.09680726421,0.239246031746,0.293617021277,23,0.012987012987,0.162027198391,23,22,22,0.95652173913,0,0.434782608696,0.347826086957,0.173913043478,23,84,0.166007905138,4.42450825896,7.30434782609,5.25,4.2,4.53706736088,0.621146126787,0.339026915114,3.89181770633,1.06561675292,0.568322981366,2.49742950855,0.683819984485,0.379917184265,2.38743616245,0.539593559942,6.16775884666,4.58016772528,2.32108777363,6.16775884666,0.395714338571,0.39652173913,76,0.042913608131,0.176270241197,23,22,22,0.95652173913,0,0.260869565217,0.608695652174,0.0869565217391,-15,-0.0296442687747,2.23476307394,-1.30434782609,-1.35,-0.3,-0.062726413498,0.0868266479452,0.0474151452412,-0.398072974719,0.0689754835889,0.0272601794341,-0.41702947147,0.00672345377235,0.0241859589686,1.31114031746,0.0480770801507,3.2794987298,2.39042254025,1.24479192865,3.2794987298,0.0441017000023,-0.0623910295168,-45,-0.0254093732355,-0.11549509664,-0.0869565217391,0,0.0434782608696,74,10,25,397,0.747474747475,0.97542997543,0.02457002457,0.252525252525,0.880952380952,0.747474747475,0.808743169399,0.770725974434,0.722904722905,0.678899082569,35,50,0,23,23,23,1,0,8,0,0.0386050732335,0,0,1,3.88826011686,0,16,NaN,1,ok,2.18974518502,0,23,22,22,0.95652173913,0,10,0,0.0576389838076,0,0,1,3.09680726421,0,16,NaN,1,ok,1.80828273952,0,23,22,22,0.95652173913,0,6,0,0.0162907212559,0,0,1,7.16775884666,0,16,NaN,1,ok,4.58016772528,0,0,0,0
414,WLNM_dir_neg,0.8673,0.705586215436,00:00:00,10,50,14,509133260,fixed,validated_v2,/gpfs/scratch/acw792/wlnm_roleonly_v2_20260910/result_wlnm_dir_neg_roleonly_trophicv2_100x290_train10-90_Apocrita_20260910_011848/ecological_snapshots/Broadstone_Stream_tax_mass_K10_ratio0.5_exp14_seed509133260_threshold0.5_validated_v2.mat,role_only,2,uniform_without_replacement,uniform_remaining_nonlinks,176,0,176,407,198,198,176,22,0,22,0.111111111111,98,100,0.5,0.6875,0.66,0.673469387755,33,15,17,85,0.66,0.85,0.15,0.34,0.6875,0.66,0.673469387755,0.786666666667,0.56,0.515151515152,0.515388203202,0.51,99,49,50,0,99,0,49,0,50,23,99,0.195652173913,2.18974518502,8.60869565217,6.6,4.5,4.59979377438,0.534319478842,0.291611769873,4.28989068105,0.996641269334,0.541062801932,2.91445898002,0.677096530713,0.355731225296,1.07629584498,0.491516479791,2.88826011686,2.18974518502,1.07629584498,2.88826011686,0.351612638569,0.458912768647,121,0.0683229813665,0.291765337837,23,23,23,1,0,0.347826086957,0.608695652174,0.0434782608696,23,0.096837944664,2.00454576955,4.26086956522,3.5,2.45,2.9575387695,0.694116241822,0.370008873114,2.36074618069,1.10810535012,0.573203194321,1.86606898017,0.875909929465,0.447204968944,0.954088671489,0.475962527761,2.68679019725,2.00454576955,0.954088671489,2.68679019725,0.17619047619,0.199115044248,15,0.00846979107849,0.137214372929,23,23,23,1,0,0.391304347826,0.478260869565,0.130434782609,23,97,0.191699604743,5.12117110317,8.4347826087,4.85,4.40909090909,3.99802322696,0.473992444434,0.264007171672,3.65509012125,0.866670853492,0.47243388615,2.84375746535,0.674293007248,0.366651725684,1.7152439097,0.334931966761,5.83829100903,5.12117110317,1.7152439097,5.83829100903,0.315066817241,0.355102040816,87,0.0491247882552,0.160579629666,23,23,23,1,0,0.130434782609,0.826086956522,0.0434782608696,-2,-0.00395256916996,2.93142591814,-0.173913043478,-1.75,-0.0909090909091,-0.601770547416,-0.0603270344083,-0.0276045982007,-0.634800559796,-0.129970415842,-0.0686289157827,-0.0707015146735,-0.00280352346459,0.0109205003871,0.638948064722,-0.15658451303,2.95003089217,2.93142591814,0.638948064722,2.95003089217,-0.0365458213284,-0.103810727831,-34,-0.0191981931112,-0.131185708171,-0.217391304348,0.217391304348,0,82,15,17,392,0.828282828283,0.963144963145,0.036855036855,0.171717171717,0.845360824742,0.828282828283,0.836734693878,0.797587937981,0.791427791428,0.719298245614,48,50,0,23,23,23,1,0,8,0,0.0386050732335,0,0,1,3.88826011686,0,16,NaN,1,ok,2.18974518502,0,23,23,23,1,0,9,0,0.0461017462114,0,0,1,3.68679019725,0,16,NaN,1,ok,2.00454576955,0,23,23,23,1,0,3,0,0.0121942664139,0,0,1,6.83829100903,0,16,NaN,1,ok,5.12117110317,0,0,0,0
415,WLNM_dir_neg,0.8559,0.617679545039,00:00:00,10,50,15,509133261,fixed,validated_v2,/gpfs/scratch/acw792/wlnm_roleonly_v2_20260910/result_wlnm_dir_neg_roleonly_trophicv2_100x290_train10-90_Apocrita_20260910_011848/ecological_snapshots/Broadstone_Stream_tax_mass_K10_ratio0.5_exp15_seed509133261_threshold0.5_validated_v2.mat,role_only,2,uniform_without_replacement,uniform_remaining_nonlinks,176,0,176,407,198,198,176,22,0,22,0.111111111111,98,100,0.5,0.8125,0.52,0.634146341463,26,6,24,94,0.52,0.94,0.06,0.48,0.8125,0.52,0.634146341463,0.8,0.595555555556,0.505494505495,0.529330405292,0.46,99,49,50,0,99,0,49,0,50,23,99,0.195652173913,2.18974518502,8.60869565217,6.6,4.5,4.59979377438,0.534319478842,0.291611769873,4.28989068105,0.996641269334,0.541062801932,2.91445898002,0.677096530713,0.355731225296,1.07629584498,0.491516479791,2.88826011686,2.18974518502,1.07629584498,2.88826011686,0.351612638569,0.458912768647,121,0.0683229813665,0.291765337837,23,23,23,1,0,0.347826086957,0.608695652174,0.0434782608696,23,0.096837944664,2.09322182979,4.26086956522,3.5,2.22727272727,2.6665843202,0.625831013925,0.331854480923,2.4918840595,1.16965986466,0.596273291925,1.45553326142,0.683209490054,0.360248447205,1.03306519846,0.493528771653,2.74544817927,2.09322182979,1.03306519846,2.74544817927,0.272530864198,0.255605381166,19,0.0107284020327,0.100675880896,23,23,23,1,0,0.391304347826,0.565217391304,0.0434782608696,23,81,0.160079051383,2.29441906384,7.04347826087,5.78571428571,3.52173913043,4.45664224266,0.632733157908,0.35050993022,3.99851751184,1.13538151571,0.594739667203,2.15046644448,0.61062627436,0.322061191626,1.22191114435,0.532557963628,3.09527221724,2.29441906384,1.22191114435,3.09527221724,0.342830906467,0.41847826087,77,0.0434782608696,0.183057369442,23,23,23,1,0,0.391304347826,0.608695652174,0,-18,-0.0355731225296,0.104673878818,-1.5652173913,-0.814285714286,-0.978260869565,-0.143151531718,0.0984136790666,0.0588981603474,-0.291373169207,0.138740246373,0.0536768652711,-0.76399253554,-0.066470256353,-0.03367003367,0.145615299365,0.0410414838363,0.207012100386,0.104673878818,0.145615299365,0.207012100386,-0.00878173210189,-0.0404345077777,-44,-0.0248447204969,-0.108707968394,0.0434782608696,0,-0.0434782608696,75,6,24,401,0.757575757576,0.985257985258,0.014742014742,0.242424242424,0.925925925926,0.757575757576,0.833333333333,0.803654629006,0.742833742834,0.714285714286,32,50,0,23,23,23,1,0,8,0,0.0386050732335,0,0,1,3.88826011686,0,16,NaN,1,ok,2.18974518502,0,23,23,23,1,0,9,0,0.0397111812433,0,0,1,3.74544817927,0,16,NaN,1,ok,2.09322182979,0,23,23,23,1,0,9,0,0.0435346917742,0,0,1,4.09527221724,0,16,NaN,1,ok,2.29441906384,0,0,0,0
416,WLNM_dir_neg,0.8138,0.655479987954,00:00:00,10,50,16,509133262,fixed,validated_v2,/gpfs/scratch/acw792/wlnm_roleonly_v2_20260910/result_wlnm_dir_neg_roleonly_trophicv2_100x290_train10-90_Apocrita_20260910_011848/ecological_snapshots/Broadstone_Stream_tax_mass_K10_ratio0.5_exp16_seed509133262_threshold0.5_validated_v2.mat,role_only,2,uniform_without_replacement,uniform_remaining_nonlinks,176,0,176,407,198,198,176,22,0,22,0.111111111111,98,100,0.5,0.682926829268,0.56,0.615384615385,28,13,22,87,0.56,0.87,0.13,0.44,0.682926829268,0.56,0.615384615385,0.766666666667,0.575555555556,0.450261780105,0.454829139084,0.43,99,49,50,0,99,0,49,0,50,23,99,0.195652173913,2.18974518502,8.60869565217,6.6,4.5,4.59979377438,0.534319478842,0.291611769873,4.28989068105,0.996641269334,0.541062801932,2.91445898002,0.677096530713,0.355731225296,1.07629584498,0.491516479791,2.88826011686,2.18974518502,1.07629584498,2.88826011686,0.351612638569,0.458912768647,121,0.0683229813665,0.291765337837,23,23,23,1,0,0.347826086957,0.608695652174,0.0434782608696,23,0.096837944664,2.03547259164,4.26086956522,3.5,2.57894736842,2.78334970371,0.653235134543,0.338952972493,2.45513095052,1.15240840535,0.587400177462,1.57550418557,0.739522372817,0.395740905058,0.995951099257,0.489297229228,2.69236775327,2.08253952762,0.992861881159,2.69236775327,0.307132034632,0.307317073171,21,0.0118577075099,0.110916068059,23,22,22,0.95652173913,0,0.347826086957,0.478260869565,0.130434782609,23,90,0.177865612648,1,7.82608695652,4.5,4.5,4.32384691842,0.552491550687,0.3038647343,3.38328838797,0.864618143594,0.463768115942,2.44787558133,0.625568204117,0.342995169082,0,0,0,36.3014415572,12.6166413914,44.035578609,0.369211596484,0.46875,100,0.0564652738566,0.130111438269,23,22,22,0.95652173913,0,0.0869565217391,0.782608695652,0.0869565217391,-9,-0.0177865612648,-1.18974518502,-0.782608695652,-2.1,0,-0.275946855959,0.018172071845,0.0122529644269,-0.906602293072,-0.132023125741,-0.0772946859903,-0.466583398697,-0.0515283265957,-0.0127360562143,-1.07629584498,-0.491516479791,-2.88826011686,34.1116963722,11.5403455464,41.1473184921,0.0175989579152,0.00983723135272,-21,-0.0118577075099,-0.161653899567,-0.260869565217,0.173913043478,0.0434782608696,77,13,22,394,0.777777777778,0.968058968059,0.031941031941,0.222222222222,0.855555555556,0.777777777778,0.814814814815,0.773732177174,0.745836745837,0.6875,41,50,0,23,23,23,1,0,8,0,0.0386050732335,0,0,1,3.88826011686,0,16,NaN,1,ok,2.18974518502,0,23,22,22,0.95652173913,0,8,0,0.0310269122647,0,0,1,3.69236775327,0,16,NaN,1,ok,2.08253952762,0,23,22,22,0.95652173913,0,2,0,0.00160231925208,0,0,1,45.035578609,1,16,NaN,1,ok,NaN,3,0,0,0
417,WLNM_dir_neg,0.8016,0.607957921445,00:00:00,10,50,17,509133263,fixed,validated_v2,/gpfs/scratch/acw792/wlnm_roleonly_v2_20260910/result_wlnm_dir_neg_roleonly_trophicv2_100x290_train10-90_Apocrita_20260910_011848/ecological_snapshots/Broadstone_Stream_tax_mass_K10_ratio0.5_exp17_seed509133263_threshold0.5_validated_v2.mat,role_only,2,uniform_without_replacement,uniform_remaining_nonlinks,176,0,176,407,198,198,176,22,0,22,0.111111111111,98,100,0.5,0.666666666667,0.64,0.65306122449,32,16,18,84,0.64,0.84,0.16,0.36,0.666666666667,0.64,0.65306122449,0.773333333333,0.56,0.484848484848,0.485071250073,0.48,99,49,50,0,99,0,49,0,50,23,99,0.195652173913,2.18974518502,8.60869565217,6.6,4.5,4.59979377438,0.534319478842,0.291611769873,4.28989068105,0.996641269334,0.541062801932,2.91445898002,0.677096530713,0.355731225296,1.07629584498,0.491516479791,2.88826011686,2.18974518502,1.07629584498,2.88826011686,0.351612638569,0.458912768647,121,0.0683229813665,0.291765337837,23,23,23,1,0,0.347826086957,0.608695652174,0.0434782608696,23,0.096837944664,1.99623115578,4.26086956522,3.76923076923,2.33333333333,2.71724110257,0.637719850603,0.350488021295,2.51005881543,1.17819087255,0.610470275067,1.28997349607,0.60549776346,0.33007985803,1.0291135792,0.515528262456,2.72451543431,2.04151439013,1.02961055076,2.72451543431,0.241944444444,0.262008733624,20,0.0112930547713,0.0923184721262,23,22,22,0.95652173913,0,0.391304347826,0.521739130435,0.0434782608696,23,97,0.191699604743,1,8.4347826087,4.85,4.61904761905,4.40893810093,0.522709156296,0.289108023308,4.01085483678,0.951027435526,0.507395786643,2.27549238906,0.539549741735,0.293142088749,0,0,0,21.9270571032,6.90824621246,25.9081523708,0.52005957006,0.513477088949,127,0.0717108977979,0.14243700443,23,22,22,0.95652173913,0,0.0869565217391,0.826086956522,0.0434782608696,-2,-0.00395256916996,-1.18974518502,-0.173913043478,-1.75,0.119047619048,-0.190855673443,-0.0116103225455,-0.00250374656471,-0.279035844265,-0.0456138338085,-0.0336670152896,-0.638966590969,-0.137546788978,-0.062589136547,-1.07629584498,-0.491516479791,-2.88826011686,19.7373119181,5.83195036748,23.0198922539,0.16844693149,0.0545643203015,6,0.00338791643139,-0.149328333407,-0.260869565217,0.217391304348,0,81,16,18,391,0.818181818182,0.960687960688,0.039312039312,0.181818181818,0.835051546392,0.818181818182,0.826530612245,0.784932179048,0.77886977887,0.704347826087,48,50,0,23,23,23,1,0,8,0,0.0386050732335,0,0,1,3.88826011686,0,16,NaN,1,ok,2.18974518502,0,23,22,22,0.95652173913,0,9,0,0.0520225396149,0,0,1,3.72451543431,0,16,NaN,1,ok,2.04151439013,0,23,22,22,0.95652173913,0,2,0,0.00234652848862,0,0,1,26.9081523708,1,16,NaN,1,ok,NaN,3,0,0,0
418,WLNM_dir_neg,0.7593,0.646689723894,00:00:00,10,50,18,509133264,fixed,validated_v2,/gpfs/scratch/acw792/wlnm_roleonly_v2_20260910/result_wlnm_dir_neg_roleonly_trophicv2_100x290_train10-90_Apocrita_20260910_011848/ecological_snapshots/Broadstone_Stream_tax_mass_K10_ratio0.5_exp18_seed509133264_threshold0.5_validated_v2.mat,role_only,2,uniform_without_replacement,uniform_remaining_nonlinks,176,0,176,407,198,198,176,22,0,22,0.111111111111,98,100,0.5,0.771428571429,0.54,0.635294117647,27,8,23,92,0.54,0.92,0.08,0.46,0.771428571429,0.54,0.635294117647,0.793333333333,0.588888888889,0.497297297297,0.512695955569,0.46,99,49,50,0,99,0,49,0,50,23,99,0.195652173913,2.18974518502,8.60869565217,6.6,4.5,4.59979377438,0.534319478842,0.291611769873,4.28989068105,0.996641269334,0.541062801932,2.91445898002,0.677096530713,0.355731225296,1.07629584498,0.491516479791,2.88826011686,2.18974518502,1.07629584498,2.88826011686,0.351612638569,0.458912768647,121,0.0683229813665,0.291765337837,23,23,23,1,0,0.347826086957,0.608695652174,0.0434782608696,23,0.096837944664,2.12894107914,4.26086956522,3.76923076923,2.45,2.9881187652,0.701293179588,0.381543921917,2.4918840595,1.16965986466,0.605146406389,1.65980140724,0.779090456458,0.415261756877,1.15641122642,0.543186111515,3.18604651163,2.12894107914,1.15641122642,3.18604651163,0.345149911817,0.38961038961,30,0.016939582157,0.131140618641,23,23,23,1,0,0.434782608696,0.434782608696,0.130434782609,23,84,0.166007905138,5.84063409825,7.30434782609,5.25,4.2,4.48669530753,0.614249952817,0.336956521739,3.7490446741,1.02652413696,0.552795031056,2.404705532,0.65843127662,0.365424430642,3.60707069643,0.617582035744,9.49806802304,5.84063409825,3.60707069643,9.49806802304,0.369324110233,0.429357798165,78,0.0440429136081,0.165027591553,23,23,23,1,0,0.304347826087,0.565217391304,0.130434782609,-15,-0.0296442687747,3.65088891322,-1.30434782609,-1.35,-0.3,-0.113098466847,0.0799304739748,0.0453447518665,-0.54084600695,0.0298828676211,0.0117322291235,-0.50975344802,-0.0186652540925,0.00969320534538,2.53077485145,0.126065555953,6.60980790619,3.65088891322,2.53077485145,6.60980790619,0.017711471664,-0.0295549704821,-43,-0.0242800677583,-0.126737746283,-0.0434782608696,-0.0434782608696,0.0869565217391,76,8,23,399,0.767676767677,0.980343980344,0.019656019656,0.232323232323,0.904761904762,0.767676767677,0.830601092896,0.797503462972,0.748020748021,0.710280373832,35,50,0,23,23,23,1,0,8,0,0.0386050732335,0,0,1,3.88826011686,0,16,NaN,1,ok,2.18974518502,0,23,23,23,1,0,10,0,0.0593103448276,0,0,1,4.18604651163,0,16,NaN,1,ok,2.12894107914,0,23,23,23,1,0,7,0,0.0152816395064,0,0,1,10.498068023,0,16,NaN,1,ok,5.84063409825,0,0,0,0
419,WLNM_dir_neg,0.831,0.618299541649,00:00:00,10,50,19,509133265,fixed,validated_v2,/gpfs/scratch/acw792/wlnm_roleonly_v2_20260910/result_wlnm_dir_neg_roleonly_trophicv2_100x290_train10-90_Apocrita_20260910_011848/ecological_snapshots/Broadstone_Stream_tax_mass_K10_ratio0.5_exp19_seed509133265_threshold0.5_validated_v2.mat,role_only,2,uniform_without_replacement,uniform_remaining_nonlinks,176,0,176,407,198,198,176,22,0,22,0.111111111111,98,100,0.5,0.767441860465,0.66,0.709677419355,33,10,17,90,0.66,0.9,0.1,0.34,0.767441860465,0.66,0.709677419355,0.82,0.571111111111,0.580310880829,0.583776908796,0.56,99,49,50,0,99,0,49,0,50,23,99,0.195652173913,2.18974518502,8.60869565217,6.6,4.5,4.59979377438,0.534319478842,0.291611769873,4.28989068105,0.996641269334,0.541062801932,2.91445898002,0.677096530713,0.355731225296,1.07629584498,0.491516479791,2.88826011686,2.18974518502,1.07629584498,2.88826011686,0.351612638569,0.458912768647,121,0.0683229813665,0.291765337837,23,23,23,1,0,0.347826086957,0.608695652174,0.0434782608696,23,0.096837944664,1.89497178891,4.26086956522,4.08333333333,2.72222222222,2.68357616394,0.629818895619,0.34693877551,2.4918840595,1.16965986466,0.612244897959,1.63218614764,0.76612819175,0.411712511091,0.989317176488,0.522074883793,2.67652671756,1.98020719738,0.994433277988,2.67652671756,0.19,0.222222222222,16,0.00903444381705,0.139454064454,23,21,21,0.913043478261,0,0.391304347826,0.391304347826,0.130434782609,23,92,0.181818181818,4.19838592387,8,6.13333333333,4.38095238095,4.60237093049,0.575296366311,0.319943289225,4.34845845204,1.08711461301,0.578449905482,2.7136021012,0.6784005253,0.375236294896,2.81614828872,0.670769276523,7.81916469924,4.19838592387,2.81614828872,7.81916469924,0.409419416562,0.458874458874,106,0.059853190288,0.194126805304,23,23,23,1,0,0.347826086957,0.565217391304,0.0869565217391,-7,-0.0138339920949,2.00864073884,-0.608695652174,-0.466666666667,-0.119047619048,0.00257715611276,0.0409768874694,0.0283315193523,0.0585677709896,0.090473343675,0.0373871035497,-0.200856878825,0.00130399458722,0.0195050695996,1.73985244373,0.179252796732,4.93090458238,2.00864073884,1.73985244373,4.93090458238,0.0578067779931,-3.8309772823e-05,-15,-0.00846979107849,-0.0976385325324,0,-0.0434782608696,0.0434782608696,82,10,17,397,0.828282828283,0.97542997543,0.02457002457,0.171717171717,0.891304347826,0.828282828283,0.858638743455,0.826649875512,0.803712803713,0.752293577982,43,50,0,23,23,23,1,0,8,0,0.0386050732335,0,0,1,3.88826011686,0,16,NaN,1,ok,2.18974518502,0,23,21,21,0.913043478261,0,9,0,0.0543881930803,0,0,1,3.67652671756,0,16,NaN,1,ok,1.98020719738,0,23,23,23,1,0,8,0,0.0214358651999,0,0,1,8.81916469924,0,16,NaN,1,ok,4.19838592387,0,0,0,0
420,WLNM_dir_neg,0.7667,0.513271695709,00:00:00,10,50,20,509133266,fixed,validated_v2,/gpfs/scratch/acw792/wlnm_roleonly_v2_20260910/result_wlnm_dir_neg_roleonly_trophicv2_100x290_train10-90_Apocrita_20260910_011848/ecological_snapshots/Broadstone_Stream_tax_mass_K10_ratio0.5_exp20_seed509133266_threshold0.5_validated_v2.mat,role_only,2,uniform_without_replacement,uniform_remaining_nonlinks,176,0,176,407,198,198,176,22,0,22,0.111111111111,98,100,0.5,0.69387755102,0.68,0.686868686869,34,15,16,85,0.68,0.85,0.15,0.32,0.69387755102,0.68,0.686868686869,0.793333333333,0.557777777778,0.532663316583,0.532723855296,0.53,99,49,50,0,99,0,49,0,50,23,99,0.195652173913,2.18974518502,8.60869565217,6.6,4.5,4.59979377438,0.534319478842,0.291611769873,4.28989068105,0.996641269334,0.541062801932,2.91445898002,0.677096530713,0.355731225296,1.07629584498,0.491516479791,2.88826011686,2.18974518502,1.07629584498,2.88826011686,0.351612638569,0.458912768647,121,0.0683229813665,0.291765337837,23,23,23,1,0,0.347826086957,0.608695652174,0.0434782608696,23,0.096837944664,1.83411548194,4.26086956522,4.08333333333,2.72222222222,3.00329200143,0.704854245233,0.392191659272,2.68504863383,1.26032895057,0.640638864241,1.86606898017,0.875909929465,0.466725820763,0.916794759591,0.499856616782,2.36666666667,1.91355505165,0.921066150239,2.36666666667,0.387861811391,0.416988416988,36,0.0203274985884,0.146945100354,23,21,21,0.913043478261,0,0.391304347826,0.391304347826,0.130434782609,23,98,0.193675889328,6.81230806628,8.52173913043,6.125,4.66666666667,5.6397095768,0.661802654421,0.366903283052,4.15842399457,0.975956651786,0.527062999113,3.09276856414,0.725853846685,0.402839396628,4.7485820463,0.697059205207,12.3746358112,7.07650388748,4.68411794487,12.3746358112,0.435486735487,0.541193181818,127,0.0717108977979,0.222476574352,23,22,22,0.95652173913,0,0.260869565217,0.652173913043,0.0434782608696,-1,-0.00197628458498,4.62256288126,-0.0869565217391,-0.475,0.166666666667,1.03991580242,0.127483175579,0.0752915131797,-0.131466686482,-0.0206846175485,-0.0139998028197,0.178309584111,0.0487573159721,0.0471081713318,3.67228620132,0.205542725415,9.48637569437,4.88675870245,3.60782209989,9.48637569437,0.0838740969176,0.0822804131709,6,0.00338791643139,-0.0692887634852,-0.0869565217391,0.0434782608696,0,83,15,16,392,0.838383838384,0.963144963145,0.036855036855,0.161616161616,0.84693877551,0.838383838384,0.842639593909,0.80461998464,0.801528801529,0.728070175439,49,50,0,23,23,23,1,0,8,0,0.0386050732335,0,0,1,3.88826011686,0,16,NaN,1,ok,2.18974518502,0,23,21,21,0.913043478261,0,9,0,0.0579565730186,0,0,1,3.36666666667,0,16,NaN,1,ok,1.91355505165,0,23,22,22,0.95652173913,0,6,0,0.0091097092843,0,0,1,13.3746358112,0,16,NaN,1,ok,7.07650388748,0,0,0,0
421,WLNM_dir_neg,0.827,0.582005881527,00:00:01,10,50,21,509133267,fixed,validated_v2,/gpfs/scratch/acw792/wlnm_roleonly_v2_20260910/result_wlnm_dir_neg_roleonly_trophicv2_100x290_train10-90_Apocrita_20260910_011848/ecological_snapshots/Broadstone_Stream_tax_mass_K10_ratio0.5_exp21_seed509133267_threshold0.5_validated_v2.mat,role_only,2,uniform_without_replacement,uniform_remaining_nonlinks,176,0,176,407,198,198,176,22,0,22,0.111111111111,98,100,0.5,0.733333333333,0.66,0.694736842105,33,12,17,88,0.66,0.88,0.12,0.34,0.733333333333,0.66,0.694736842105,0.806666666667,0.566666666667,0.553846153846,0.555492059864,0.54,99,49,50,0,99,0,49,0,50,23,99,0.195652173913,2.18974518502,8.60869565217,6.6,4.5,4.59979377438,0.534319478842,0.291611769873,4.28989068105,0.996641269334,0.541062801932,2.91445898002,0.677096530713,0.355731225296,1.07629584498,0.491516479791,2.88826011686,2.18974518502,1.07629584498,2.88826011686,0.351612638569,0.458912768647,121,0.0683229813665,0.291765337837,23,23,23,1,0,0.347826086957,0.608695652174,0.0434782608696,23,0.096837944664,1.85211496746,4.26086956522,3.76923076923,2.57894736842,2.78334970371,0.653235134543,0.347826086957,2.54601913558,1.1950702065,0.614019520852,1.68696467135,0.79184056002,0.433007985803,0.854404346801,0.461312802829,2.26762472885,1.89084746598,0.853593102373,2.26762472885,0.321496924129,0.327510917031,25,0.0141163184641,0.127525715026,23,22,22,0.95652173913,0,0.391304347826,0.434782608696,0.130434782609,23,94,0.185770750988,1,8.17391304348,4.94736842105,4.27272727273,5.54856389211,0.678813667652,0.376503237743,4.24170895532,1.03786495715,0.535615171138,3.20387611096,0.783927133533,0.420906567993,0,0,0,21.8119367406,10.9292911054,29.4545692885,0.501493215779,0.518463810931,117,0.0660643704122,0.202202194282,23,23,23,1,0,0.173913043478,0.782608695652,0.0434782608696,-5,-0.0098814229249,-1.18974518502,-0.434782608696,-1.65263157895,-0.227272727273,0.948770117732,0.14449418881,0.0848914678702,-0.0481817257251,0.0412236878191,-0.00544763079453,0.289417130937,0.10683060282,0.0651753426962,-1.07629584498,-0.491516479791,-2.88826011686,19.6221915556,9.85299526045,26.5663091716,0.14988057721,0.0595510422833,-4,-0.00225861095426,-0.0895631435551,-0.173913043478,0.173913043478,0,82,12,17,395,0.828282828283,0.970515970516,0.029484029484,0.171717171717,0.872340425532,0.828282828283,0.849740932642,0.814778705814,0.798798798799,0.738738738739,45,50,0,23,23,23,1,0,8,0,0.0386050732335,0,0,1,3.88826011686,0,16,NaN,1,ok,2.18974518502,0,23,22,22,0.95652173913,0,9,0,0.0581184792397,0,0,1,3.26762472885,0,16,NaN,1,ok,1.89084746598,0,23,23,23,1,0,4,0,0.00220839453411,0,0,1,30.4545692885,1,16,NaN,1,ok,NaN,3,0,0,0
422,WLNM_dir_neg,0.8522,0.632791885304,00:00:00,10,50,22,509133268,fixed,validated_v2,/gpfs/scratch/acw792/wlnm_roleonly_v2_20260910/result_wlnm_dir_neg_roleonly_trophicv2_100x290_train10-90_Apocrita_20260910_011848/ecological_snapshots/Broadstone_Stream_tax_mass_K10_ratio0.5_exp22_seed509133268_threshold0.5_validated_v2.mat,role_only,2,uniform_without_replacement,uniform_remaining_nonlinks,176,0,176,407,198,198,176,22,0,22,0.111111111111,98,100,0.5,0.857142857143,0.6,0.705882352941,30,5,20,95,0.6,0.95,0.05,0.4,0.857142857143,0.6,0.705882352941,0.833333333333,0.588888888889,0.594594594595,0.613006033833,0.55,99,49,50,0,99,0,49,0,50,23,99,0.195652173913,2.18974518502,8.60869565217,6.6,4.5,4.59979377438,0.534319478842,0.291611769873,4.28989068105,0.996641269334,0.541062801932,2.91445898002,0.677096530713,0.355731225296,1.07629584498,0.491516479791,2.88826011686,2.18974518502,1.07629584498,2.88826011686,0.351612638569,0.458912768647,121,0.0683229813665,0.291765337837,23,23,23,1,0,0.347826086957,0.608695652174,0.0434782608696,23,0.096837944664,2.03689412305,4.26086956522,3.76923076923,2.72222222222,2.91106652284,0.683209490054,0.357586512866,2.32191824745,1.0898799937,0.578527062999,1.89027049113,0.887269822368,0.468500443656,1.04977455456,0.515380030153,2.78983833718,2.08402567409,1.04927561607,2.78983833718,0.28178780284,0.364077669903,25,0.0141163184641,0.145970695971,23,22,22,0.95652173913,0,0.391304347826,0.391304347826,0.173913043478,23,84,0.166007905138,2.59705113325,7.30434782609,6,4,4.66549015849,0.638727819317,0.350414078675,3.82109807697,1.04625304489,0.562111801242,2.60434419685,0.713094244375,0.394409937888,1.45670455048,0.560907150356,4.1187046206,2.59705113325,1.45670455048,4.1187046206,0.39869047619,0.491103202847,92,0.0519480519481,0.211513745717,23,23,23,1,0,0.391304347826,0.521739130435,0.0869565217391,-15,-0.0296442687747,0.407305948228,-1.30434782609,-0.6,-0.5,0.0656963841135,0.104408340475,0.0588023088023,-0.468792604076,0.0496117755508,0.0210489993099,-0.310114783177,0.0359977136621,0.0386787125918,0.380408705498,0.0693906705646,1.23044450374,0.407305948228,0.380408705498,1.23044450374,0.0470778376213,0.0321904341997,-29,-0.0163749294184,-0.0802515921197,0.0434782608696,-0.0869565217391,0.0434782608696,79,5,20,402,0.79797979798,0.987714987715,0.012285012285,0.20202020202,0.940476190476,0.79797979798,0.863387978142,0.837669695779,0.785694785695,0.759615384615,35,50,0,23,23,23,1,0,8,0,0.0386050732335,0,0,1,3.88826011686,0,16,NaN,1,ok,2.18974518502,0,23,22,22,0.95652173913,0,9,0,0.0580449826806,0,0,1,3.78983833718,0,16,NaN,1,ok,2.08402567409,0,23,23,23,1,0,9,0,0.0472558096207,0,0,1,5.1187046206,0,16,NaN,1,ok,2.59705113325,0,0,0,0
423,WLNM_dir_neg,0.8489,0.735413884816,00:00:00,10,50,23,509133269,fixed,validated_v2,/gpfs/scratch/acw792/wlnm_roleonly_v2_20260910/result_wlnm_dir_neg_roleonly_trophicv2_100x290_train10-90_Apocrita_20260910_011848/ecological_snapshots/Broadstone_Stream_tax_mass_K10_ratio0.5_exp23_seed509133269_threshold0.5_validated_v2.mat,role_only,2,uniform_without_replacement,uniform_remaining_nonlinks,176,0,176,407,198,198,176,22,0,22,0.111111111111,98,100,0.5,0.818181818182,0.54,0.650602409639,27,6,23,94,0.54,0.94,0.06,0.46,0.818181818182,0.54,0.650602409639,0.806666666667,0.593333333333,0.524590163934,0.546230993599,0.48,99,49,50,0,99,0,49,0,50,23,99,0.195652173913,2.18974518502,8.60869565217,6.6,4.5,4.59979377438,0.534319478842,0.291611769873,4.28989068105,0.996641269334,0.541062801932,2.91445898002,0.677096530713,0.355731225296,1.07629584498,0.491516479791,2.88826011686,2.18974518502,1.07629584498,2.88826011686,0.351612638569,0.458912768647,121,0.0683229813665,0.291765337837,23,23,23,1,0,0.347826086957,0.608695652174,0.0434782608696,23,0.096837944664,2.21127434722,4.26086956522,3.5,2.45,2.68357616394,0.629818895619,0.350488021295,2.51005881543,1.17819087255,0.606921029281,1.76594934103,0.828914996812,0.436557231588,1.24352735025,0.562357787855,3.92371705964,2.2663322721,1.24376636455,3.92371705964,0.23137254902,0.26359832636,21,0.0118577075099,0.116154876869,23,22,22,0.95652173913,0,0.347826086957,0.521739130435,0.0869565217391,23,82,0.162055335968,2.29181118172,7.13043478261,5.85714285714,3.5652173913,4.05982923763,0.569366295522,0.316542948038,4.03198673064,1.13092310737,0.593849416755,1.85438269456,0.5201317314,0.288441145281,1.24351021377,0.542588422507,3.08788197235,2.29181118172,1.24351021377,3.08788197235,0.340221142494,0.364640883978,66,0.0372670807453,0.161549617157,23,23,23,1,0,0.391304347826,0.608695652174,0,-17,-0.0335968379447,0.102065996694,-1.47826086957,-0.742857142857,-0.934782608696,-0.539964536745,0.0350468166798,0.0249311781655,-0.257903950408,0.13428183804,0.0527866148227,-1.06007628547,-0.156964799313,-0.0672900800154,0.167214368789,0.0510719427155,0.19962185549,0.102065996694,0.167214368789,0.19962185549,-0.0113914960753,-0.0942718846694,-55,-0.0310559006211,-0.13021572068,0.0434782608696,0,-0.0434782608696,76,6,23,401,0.767676767677,0.985257985258,0.014742014742,0.232323232323,0.926829268293,0.767676767677,0.839779005525,0.810554629477,0.752934752935,0.72380952381,33,50,0,23,23,23,1,0,8,0,0.0386050732335,0,0,1,3.88826011686,0,16,NaN,1,ok,2.18974518502,0,23,22,22,0.95652173913,0,8,0,0.0362959047547,0,0,1,4.92371705964,0,16,NaN,1,ok,2.2663322721,0,23,23,23,1,0,9,0,0.0748147004396,0,0,1,4.08788197235,0,16,NaN,1,ok,2.29181118172,0,0,0,0
424,WLNM_dir_neg,0.8716,0.747752273047,00:00:00,10,50,24,509133270,fixed,validated_v2,/gpfs/scratch/acw792/wlnm_roleonly_v2_20260910/result_wlnm_dir_neg_roleonly_trophicv2_100x290_train10-90_Apocrita_20260910_011848/ecological_snapshots/Broadstone_Stream_tax_mass_K10_ratio0.5_exp24_seed509133270_threshold0.5_validated_v2.mat,role_only,2,uniform_without_replacement,uniform_remaining_nonlinks,176,0,176,407,198,198,176,22,0,22,0.111111111111,98,100,0.5,0.863636363636,0.76,0.808510638298,38,6,12,94,0.76,0.94,0.06,0.24,0.863636363636,0.76,0.808510638298,0.88,0.568888888889,0.721649484536,0.724775945742,0.7,99,49,50,0,99,0,49,0,50,23,99,0.195652173913,2.18974518502,8.60869565217,6.6,4.5,4.59979377438,0.534319478842,0.291611769873,4.28989068105,0.996641269334,0.541062801932,2.91445898002,0.677096530713,0.355731225296,1.07629584498,0.491516479791,2.88826011686,2.18974518502,1.07629584498,2.88826011686,0.351612638569,0.458912768647,121,0.0683229813665,0.291765337837,23,23,23,1,0,0.347826086957,0.608695652174,0.0434782608696,23,0.096837944664,2.14679089027,4.26086956522,3.76923076923,2.45,2.87966840427,0.67584054386,0.349600709849,2.2422461917,1.05248290631,0.564330079858,1.74001953558,0.816743863638,0.42413487134,1.18053238923,0.549905626384,3.05946573751,2.19891774892,1.18091046255,3.05946573751,0.242328042328,0.28078817734,19,0.0107284020327,0.12901959152,23,22,22,0.95652173913,0,0.391304347826,0.478260869565,0.0869565217391,23,93,0.183794466403,2.37337444964,8.08695652174,6.2,4.22727272727,4.49153793744,0.555405228823,0.309022907901,4.26910956087,1.05580128925,0.567554932211,2.38324188811,0.589403907812,0.312295465171,1.1525764878,0.485627747434,2.9232333979,2.37337444964,1.1525764878,2.9232333979,0.358438531166,0.420180722892,93,0.0525127046866,0.198957547441,23,23,23,1,0,0.347826086957,0.608695652174,0.0434782608696,-6,-0.0118577075099,0.183629264617,-0.521739130435,-0.4,-0.272727272727,-0.108255836935,0.0210857499817,0.0174111380282,-0.02078112018,0.0591600199125,0.0264921302789,-0.531217091916,-0.0876926229011,-0.0434357601258,0.0762806428129,-0.00588873235754,0.0349732810463,0.183629264617,0.0762806428129,0.0349732810463,0.00682589259664,-0.0387320457557,-28,-0.0158102766798,-0.0928077903962,0,0,0,87,6,12,401,0.878787878788,0.985257985258,0.014742014742,0.121212121212,0.935483870968,0.878787878788,0.90625,0.884983344904,0.864045864046,0.828571428571,44,50,0,23,23,23,1,0,8,0,0.0386050732335,0,0,1,3.88826011686,0,16,NaN,1,ok,2.18974518502,0,23,22,22,0.95652173913,0,9,0,0.0625486489492,0,0,1,4.05946573751,0,16,NaN,1,ok,2.19891774892,0,23,23,23,1,0,8,0,0.0368468915411,0,0,1,3.9232333979,0,16,NaN,1,ok,2.37337444964,0,0,0,0
425,WLNM_dir_neg,0.7893,0.622344651533,00:00:00,10,50,25,509133271,fixed,validated_v2,/gpfs/scratch/acw792/wlnm_roleonly_v2_20260910/result_wlnm_dir_neg_roleonly_trophicv2_100x290_train10-90_Apocrita_20260910_011848/ecological_snapshots/Broadstone_Stream_tax_mass_K10_ratio0.5_exp25_seed509133271_threshold0.5_validated_v2.mat,role_only,2,uniform_without_replacement,uniform_remaining_nonlinks,176,0,176,407,198,198,176,22,0,22,0.111111111111,98,100,0.5,0.733333333333,0.44,0.55,22,8,28,92,0.44,0.92,0.08,0.56,0.733333333333,0.44,0.55,0.76,0.6,0.4,0.424264068712,0.36,99,49,50,0,99,0,49,0,50,23,99,0.195652173913,2.18974518502,8.60869565217,6.6,4.5,4.59979377438,0.534319478842,0.291611769873,4.28989068105,0.996641269334,0.541062801932,2.91445898002,0.677096530713,0.355731225296,1.07629584498,0.491516479791,2.88826011686,2.18974518502,1.07629584498,2.88826011686,0.351612638569,0.458912768647,121,0.0683229813665,0.291765337837,23,23,23,1,0,0.347826086957,0.608695652174,0.0434782608696,23,0.096837944664,2.22479001976,4.26086956522,3.26666666667,2.45,3.03341079112,0.711922940772,0.387755102041,2.3414127015,1.09903045172,0.566104702751,2.00690507603,0.94201666834,0.466725820763,1.16797414702,0.524981745082,3.34715909091,2.28046229339,1.16380537443,3.34715909091,0.223062558357,0.230769230769,17,0.00959909655562,0.158709544424,23,22,22,0.95652173913,0,0.304347826087,0.565217391304,0.0869565217391,23,79,0.156126482213,1,6.86956521739,3.95,3.7619047619,4.26725745251,0.621183046884,0.339020363236,3.15977684708,0.919935031427,0.485415520088,3.15977684708,0.919935031427,0.465602641717,0,0,0,34.2804620869,14.3404148106,42.1728653089,0.289955455173,0.375,62,0.0350084697911,0.19859240175,23,23,23,1,0,0.130434782609,0.782608695652,0.0869565217391,-20,-0.0395256916996,-1.18974518502,-1.73913043478,-2.65,-0.738095238095,-0.332536321866,0.0868635680427,0.0474085933635,-1.13011383397,-0.0767062379069,-0.0556472818443,0.245317867052,0.242838500715,0.109871416421,-1.07629584498,-0.491516479791,-2.88826011686,32.0907169019,13.2641189656,39.284605192,-0.0616571833963,-0.0839127686473,-59,-0.0333145115754,-0.0931729360865,-0.217391304348,0.173913043478,0.0434782608696,71,8,28,399,0.717171717172,0.980343980344,0.019656019656,0.282828282828,0.898734177215,0.717171717172,0.797752808989,0.762327004794,0.697515697516,0.663551401869,30,50,0,23,23,23,1,0,8,0,0.0386050732335,0,0,1,3.88826011686,0,16,NaN,1,ok,2.18974518502,0,23,22,22,0.95652173913,0,7,0,0.0180808546799,0,0,1,4.34715909091,0,16,NaN,1,ok,2.28046229339,0,23,23,23,1,0,3,0,0.0009246604196,0,0,1,43.1728653089,1,16,NaN,1,ok,NaN,3,0,0,0
426,WLNM_dir_neg,0.8885,0.78707009226,00:00:00,10,50,26,509133272,fixed,validated_v2,/gpfs/scratch/acw792/wlnm_roleonly_v2_20260910/result_wlnm_dir_neg_roleonly_trophicv2_100x290_train10-90_Apocrita_20260910_011848/ecological_snapshots/Broadstone_Stream_tax_mass_K10_ratio0.5_exp26_seed509133272_threshold0.5_validated_v2.mat,role_only,2,uniform_without_replacement,uniform_remaining_nonlinks,176,0,176,407,198,198,176,22,0,22,0.111111111111,98,100,0.5,0.805555555556,0.58,0.674418604651,29,7,21,93,0.58,0.93,0.07,0.42,0.805555555556,0.58,0.674418604651,0.813333333333,0.586666666667,0.548387096774,0.562926251753,0.51,99,49,50,0,99,0,49,0,50,23,99,0.195652173913,2.18974518502,8.60869565217,6.6,4.5,4.59979377438,0.534319478842,0.291611769873,4.28989068105,0.996641269334,0.541062801932,2.91445898002,0.677096530713,0.355731225296,1.07629584498,0.491516479791,2.88826011686,2.18974518502,1.07629584498,2.88826011686,0.351612638569,0.458912768647,121,0.0683229813665,0.291765337837,23,23,23,1,0,0.347826086957,0.608695652174,0.0434782608696,23,0.096837944664,2.3140374385,4.26086956522,3.5,2.72222222222,3.00329200143,0.704854245233,0.377994676131,2.30225872936,1.08065205664,0.553682342502,1.93776693941,0.9095640736,0.479148181012,1.37084398414,0.592403545998,3.90248390064,2.37376641298,1.37212922022,3.90248390064,0.185213032581,0.220338983051,13,0.00734048560136,0.14809872667,23,22,22,0.95652173913,0,0.347826086957,0.434782608696,0.173913043478,23,85,0.167984189723,7.91708283469,7.39130434783,5.3125,4.25,4.1531929714,0.561902578484,0.313043478261,3.50888201062,0.949462191108,0.519693094629,2.56612163335,0.694362324319,0.382608695652,5.33253603632,0.673548091849,13.7154396793,7.91708283469,5.33253603632,13.7154396793,0.320318087709,0.423853211009,77,0.0434782608696,0.186703019203,23,23,23,1,0,0.304347826087,0.565217391304,0.130434782609,-14,-0.0276679841897,5.72733764966,-1.21739130435,-1.2875,-0.25,-0.446600802975,0.0275830996421,0.0214317083882,-0.781008670431,-0.0471790782263,-0.0213697073032,-0.348337346673,0.0172657936059,0.0268774703557,4.25624019133,0.182031612058,10.8271795624,5.72733764966,4.25624019133,10.8271795624,-0.0312945508598,-0.0350595576381,-44,-0.0248447204969,-0.105062318634,-0.0434782608696,-0.0434782608696,0.0869565217391,78,7,21,400,0.787878787879,0.982800982801,0.017199017199,0.212121212121,0.917647058824,0.787878787879,0.847826086957,0.817783324597,0.77067977068,0.735849056604,36,50,0,23,23,23,1,0,8,0,0.0386050732335,0,0,1,3.88826011686,0,16,NaN,1,ok,2.18974518502,0,23,22,22,0.95652173913,0,8,0,0.0438421473002,0,0,1,4.90248390064,0,16,NaN,1,ok,2.37376641298,0,23,23,23,1,0,7,0,0.0116573290302,0,0,1,14.7154396793,0,16,NaN,1,ok,7.91708283469,0,0,0,0
427,WLNM_dir_neg,0.8663,0.651846451147,00:00:00,10,50,27,509133273,fixed,validated_v2,/gpfs/scratch/acw792/wlnm_roleonly_v2_20260910/result_wlnm_dir_neg_roleonly_trophicv2_100x290_train10-90_Apocrita_20260910_011848/ecological_snapshots/Broadstone_Stream_tax_mass_K10_ratio0.5_exp27_seed509133273_threshold0.5_validated_v2.mat,role_only,2,uniform_without_replacement,uniform_remaining_nonlinks,176,0,176,407,198,198,176,22,0,22,0.111111111111,98,100,0.5,0.80487804878,0.66,0.725274725275,33,8,17,92,0.66,0.92,0.08,0.34,0.80487804878,0.66,0.725274725275,0.833333333333,0.575555555556,0.607329842932,0.613490466671,0.58,99,49,50,0,99,0,49,0,50,23,99,0.195652173913,2.18974518502,8.60869565217,6.6,4.5,4.59979377438,0.534319478842,0.291611769873,4.28989068105,0.996641269334,0.541062801932,2.91445898002,0.677096530713,0.355731225296,1.07629584498,0.491516479791,2.88826011686,2.18974518502,1.07629584498,2.88826011686,0.351612638569,0.458912768647,121,0.0683229813665,0.291765337837,23,23,23,1,0,0.347826086957,0.608695652174,0.0434782608696,23,0.096837944664,2.09434842005,4.26086956522,3.5,2.72222222222,2.7669706327,0.649391066858,0.362023070098,2.32191824745,1.0898799937,0.576752440106,1.96108383359,0.920508738216,0.473824312334,1.05598961218,0.504209138303,2.84357923497,2.25850068306,1.03620752444,2.84357923497,0.212142857143,0.208333333333,15,0.00846979107849,0.152900670758,23,20,20,0.869565217391,0,0.260869565217,0.521739130435,0.0869565217391,23,90,0.177865612648,3.47104294973,7.82608695652,5.29411764706,4.28571428571,5.19310884217,0.663563907611,0.365700483092,4.18778574035,1.07021191142,0.564251207729,3.31543283172,0.847277279218,0.44154589372,1.72533077373,0.497064080946,4.72666782941,3.58336308381,1.6776579054,4.72666782941,0.436850775487,0.539027982327,122,0.068887634105,0.227005600375,23,22,22,0.95652173913,0,0.217391304348,0.695652173913,0.0434782608696,-9,-0.0177865612648,1.2812977647,-0.782608695652,-1.30588235294,-0.214285714286,0.593315067794,0.129244428769,0.0740887132191,-0.102104940693,0.0735706420897,0.0231884057971,0.400973851698,0.170180748505,0.0858146684234,0.649034928747,0.00554760115477,1.83840771255,1.39361789878,0.601362060414,1.83840771255,0.085238136918,0.0801152136797,1,0.000564652738566,-0.064759737462,-0.130434782609,0.0869565217391,0,82,8,17,399,0.828282828283,0.980343980344,0.019656019656,0.171717171717,0.911111111111,0.828282828283,0.867724867725,0.838870684037,0.808626808627,0.766355140187,41,50,0,23,23,23,1,0,8,0,0.0386050732335,0,0,1,3.88826011686,0,16,NaN,1,ok,2.18974518502,0,23,20,20,0.869565217391,0,6,0,0.0283706858519,0,0,1,3.84357923497,0,16,NaN,1,ok,2.25850068306,0,23,22,22,0.95652173913,0,5,0,0.019857650111,0,0,1,5.72666782941,0,16,NaN,1,ok,3.58336308381,0,0,0,0
428,WLNM_dir_neg,0.7554,0.558663540851,00:00:01,10,50,28,509133274,fixed,validated_v2,/gpfs/scratch/acw792/wlnm_roleonly_v2_20260910/result_wlnm_dir_neg_roleonly_trophicv2_100x290_train10-90_Apocrita_20260910_011848/ecological_snapshots/Broadstone_Stream_tax_mass_K10_ratio0.5_exp28_seed509133274_threshold0.5_validated_v2.mat,role_only,2,uniform_without_replacement,uniform_remaining_nonlinks,176,0,176,407,198,198,176,22,0,22,0.111111111111,98,100,0.5,0.851851851852,0.46,0.597402597403,23,4,27,96,0.46,0.96,0.04,0.54,0.851851851852,0.46,0.597402597403,0.793333333333,0.606666666667,0.474576271186,0.515347121683,0.42,99,49,50,0,99,0,49,0,50,23,99,0.195652173913,2.18974518502,8.60869565217,6.6,4.5,4.59979377438,0.534319478842,0.291611769873,4.28989068105,0.996641269334,0.541062801932,2.91445898002,0.677096530713,0.355731225296,1.07629584498,0.491516479791,2.88826011686,2.18974518502,1.07629584498,2.88826011686,0.351612638569,0.458912768647,121,0.0683229813665,0.291765337837,23,23,23,1,0,0.347826086957,0.608695652174,0.0434782608696,23,0.096837944664,2.15951648995,4.26086956522,3.5,2.22727272727,2.59750564448,0.609618671664,0.326530612245,2.262427253,1.06195564937,0.567879325643,1.68696467135,0.79184056002,0.392191659272,1.16219458474,0.538173517149,3.15704665705,2.15951648995,1.16219458474,3.15704665705,0.219285714286,0.314136125654,20,0.0112930547713,0.117102738531,23,23,23,1,0,0.391304347826,0.565217391304,0.0434782608696,23,76,0.150197628458,2.06420867243,6.60869565217,5.42857142857,3.45454545455,3.90499831725,0.590887903268,0.318077803204,3.68578081784,1.11543366856,0.589244851259,2.53044700702,0.765793173177,0.403890160183,1.0049501083,0.486845211787,2.47789487761,2.06420867243,1.0049501083,2.47789487761,0.394858523119,0.475308641975,77,0.0434782608696,0.192706865784,23,23,23,1,0,0.391304347826,0.565217391304,0.0434782608696,-23,-0.0454545454545,-0.125536512599,-2,-1.17142857143,-1.04545454545,-0.694795457129,0.056568424426,0.026466033331,-0.604109863208,0.118792399223,0.0481820493262,-0.384011973005,0.0886966424643,0.0481589348866,-0.0713457366831,-0.00467126800415,-0.410365239243,-0.125536512599,-0.0713457366831,-0.410365239243,0.0432458845502,0.016395873328,-44,-0.0248447204969,-0.099058472053,0.0434782608696,-0.0434782608696,0,72,4,27,403,0.727272727273,0.990171990172,0.00982800982801,0.272727272727,0.947368421053,0.727272727273,0.822857142857,0.796640204112,0.717444717445,0.699029126214,27,50,0,23,23,23,1,0,8,0,0.0386050732335,0,0,1,3.88826011686,0,16,NaN,1,ok,2.18974518502,0,23,23,23,1,0,9,0,0.0518070637025,0,0,1,4.15704665705,0,16,NaN,1,ok,2.15951648995,0,23,23,23,1,0,9,0,0.0515387647777,0,0,1,3.47789487761,0,16,NaN,1,ok,2.06420867243,0,0,0,0
429,WLNM_dir_neg,0.891,0.69392741395,00:00:00,10,50,29,509133275,fixed,validated_v2,/gpfs/scratch/acw792/wlnm_roleonly_v2_20260910/result_wlnm_dir_neg_roleonly_trophicv2_100x290_train10-90_Apocrita_20260910_011848/ecological_snapshots/Broadstone_Stream_tax_mass_K10_ratio0.5_exp29_seed509133275_threshold0.5_validated_v2.mat,role_only,2,uniform_without_replacement,uniform_remaining_nonlinks,176,0,176,407,198,198,176,22,0,22,0.111111111111,98,100,0.5,0.8,0.8,0.8,40,10,10,90,0.8,0.9,0.1,0.2,0.8,0.8,0.8,0.866666666667,0.555555555556,0.7,0.7,0.7,99,49,50,0,99,0,49,0,50,23,99,0.195652173913,2.18974518502,8.60869565217,6.6,4.5,4.59979377438,0.534319478842,0.291611769873,4.28989068105,0.996641269334,0.541062801932,2.91445898002,0.677096530713,0.355731225296,1.07629584498,0.491516479791,2.88826011686,2.18974518502,1.07629584498,2.88826011686,0.351612638569,0.458912768647,121,0.0683229813665,0.291765337837,23,23,23,1,0,0.347826086957,0.608695652174,0.0434782608696,23,0.096837944664,2.0115942029,4.26086956522,3.5,2.33333333333,2.00493462383,0.470545881104,0.260869565217,2.09554392648,0.98362265937,0.523513753327,1.65980140724,0.779090456458,0.379769299024,0.981852610315,0.48809675873,2.82222222222,2.0115942029,0.981852610315,2.82222222222,0.14880952381,0.130434782609,8,0.00451722190853,0.145961974533,23,23,23,1,0,0.391304347826,0.521739130435,0.0869565217391,23,99,0.195652173913,1.97227073638,8.60869565217,7.07142857143,4.5,4.16412307078,0.483711265798,0.265700483092,4.44598677674,1.03290601884,0.556873078612,2.77053953736,0.643660700598,0.344312692139,0.89744501293,0.455031348574,2.4112977948,1.97227073638,0.89744501293,2.4112977948,0.384469154034,0.440097799511,120,0.0677583286279,0.271538126637,23,23,23,1,0,0.391304347826,0.565217391304,0.0434782608696,0,0,-0.217474448641,0,0.471428571429,0,-0.435670703595,-0.0506082130439,-0.0259112867809,0.156096095696,0.036264749505,0.0158102766798,-0.143919442667,-0.0334358301145,-0.0114185331577,-0.178850832053,-0.036485131217,-0.476962322059,-0.217474448641,-0.178850832053,-0.476962322059,0.0328565154652,-0.0188149691363,-1,-0.000564652738566,-0.0202272112001,0.0434782608696,-0.0434782608696,0,89,10,10,397,0.89898989899,0.97542997543,0.02457002457,0.10101010101,0.89898989899,0.89898989899,0.89898989899,0.87441987442,0.87441987442,0.816513761468,50,50,0,23,23,23,1,0,8,0,0.0386050732335,0,0,1,3.88826011686,0,16,NaN,1,ok,2.18974518502,0,23,23,23,1,0,9,0,0.0569414316703,0,0,1,3.82222222222,0,16,NaN,1,ok,2.0115942029,0,23,23,23,1,0,9,0,0.0573085012857,0,0,1,3.4112977948,0,16,NaN,1,ok,1.97227073638,0,0,0,0
430,WLNM_dir_neg,0.9342,0.795869058079,00:00:01,10,50,30,509133276,fixed,validated_v2,/gpfs/scratch/acw792/wlnm_roleonly_v2_20260910/result_wlnm_dir_neg_roleonly_trophicv2_100x290_train10-90_Apocrita_20260910_011848/ecological_snapshots/Broadstone_Stream_tax_mass_K10_ratio0.5_exp30_seed509133276_threshold0.5_validated_v2.mat,role_only,2,uniform_without_replacement,uniform_remaining_nonlinks,176,0,176,407,198,198,176,22,0,22,0.111111111111,98,100,0.5,0.829268292683,0.68,0.747252747253,34,7,16,93,0.68,0.93,0.07,0.32,0.829268292683,0.68,0.747252747253,0.846666666667,0.575555555556,0.638743455497,0.645222732189,0.61,99,49,50,0,99,0,49,0,50,23,99,0.195652173913,2.18974518502,8.60869565217,6.6,4.5,4.59979377438,0.534319478842,0.291611769873,4.28989068105,0.996641269334,0.541062801932,2.91445898002,0.677096530713,0.355731225296,1.07629584498,0.491516479791,2.88826011686,2.18974518502,1.07629584498,2.88826011686,0.351612638569,0.458912768647,121,0.0683229813665,0.291765337837,23,23,23,1,0,0.347826086957,0.608695652174,0.0434782608696,23,0.096837944664,2.13741186839,4.26086956522,3.5,2.45,2.86384025876,0.672125775014,0.33984028394,2.2422461917,1.05248290631,0.564330079858,1.60409554879,0.752942808615,0.401064773736,1.11215897833,0.520329747757,3.02702702703,2.13741186839,1.11215897833,3.02702702703,0.171188071188,0.185714285714,13,0.00734048560136,0.106719867434,23,23,23,1,0,0.391304347826,0.478260869565,0.130434782609,23,90,0.177865612648,7.19914764597,7.82608695652,5.29411764706,3.91304347826,4.28159033658,0.547092098563,0.297584541063,3.74060086907,0.955931333206,0.51690821256,2.57457928564,0.657948039662,0.354589371981,4.75049105143,0.6598685407,12.7971703996,7.19914764597,4.75049105143,12.7971703996,0.362484134223,0.439739413681,90,0.0508187464709,0.186455302075,23,23,23,1,0,0.260869565217,0.739130434783,0,-9,-0.0177865612648,5.00940246095,-0.782608695652,-1.30588235294,-0.586956521739,-0.318203437799,0.0127726197209,0.00597277119016,-0.549289811981,-0.0407099361284,-0.024154589372,-0.339879694389,-0.0191484910503,-0.00114185331577,3.67419520645,0.168352060909,9.90891028277,5.00940246095,3.67419520645,9.90891028277,0.0108714956541,-0.0191733549665,-31,-0.0175042348955,-0.105310035762,-0.0869565217391,0.130434782609,-0.0434782608696,83,7,16,400,0.838383838384,0.982800982801,0.017199017199,0.161616161616,0.922222222222,0.838383838384,0.878306878307,0.85189838541,0.821184821185,0.783018867925,41,50,0,23,23,23,1,0,8,0,0.0386050732335,0,0,1,3.88826011686,0,16,NaN,1,ok,2.18974518502,0,23,23,23,1,0,9,0,0.0573361169784,0,0,1,4.02702702703,0,16,NaN,1,ok,2.13741186839,0,23,23,23,1,0,6,0,0.00621957335033,0,0,1,13.7971703996,0,16,NaN,1,ok,7.19914764597,0,0,0,0
431,WLNM_dir_neg,0.7802,0.642820386032,00:00:00,10,50,31,509133277,fixed,validated_v2,/gpfs/scratch/acw792/wlnm_roleonly_v2_20260910/result_wlnm_dir_neg_roleonly_trophicv2_100x290_train10-90_Apocrita_20260910_011848/ecological_snapshots/Broadstone_Stream_tax_mass_K10_ratio0.5_exp31_seed509133277_threshold0.5_validated_v2.mat,role_only,2,uniform_without_replacement,uniform_remaining_nonlinks,176,0,176,407,198,198,176,22,0,22,0.111111111111,98,100,0.5,0.666666666667,0.52,0.584269662921,26,13,24,87,0.52,0.87,0.13,0.48,0.666666666667,0.52,0.584269662921,0.753333333333,0.58,0.412698412698,0.419136822142,0.39,99,49,50,0,99,0,49,0,50,23,99,0.195652173913,2.18974518502,8.60869565217,6.6,4.5,4.59979377438,0.534319478842,0.291611769873,4.28989068105,0.996641269334,0.541062801932,2.91445898002,0.677096530713,0.355731225296,1.07629584498,0.491516479791,2.88826011686,2.18974518502,1.07629584498,2.88826011686,0.351612638569,0.458912768647,121,0.0683229813665,0.291765337837,23,23,23,1,0,0.347826086957,0.608695652174,0.0434782608696,23,0.096837944664,2.09277097978,4.26086956522,3.5,2.33333333333,2.81582203893,0.660856192811,0.348713398403,2.63377274898,1.23626067809,0.617568766637,1.4239620726,0.668390360606,0.360248447205,1.11206253945,0.531382817421,3.24151696607,2.14244238795,1.11181105214,3.24151696607,0.220251386041,0.214285714286,16,0.00903444381705,0.0887440398429,23,22,22,0.95652173913,0,0.347826086957,0.565217391304,0.0434782608696,23,88,0.173913043478,6.78028742779,7.65217391304,4.19047619048,4,4.74445796935,0.620014393722,0.336462450593,4.06372169225,1.06210907866,0.53162055336,2.38655655158,0.62375909871,0.342885375494,2.45443923266,0.361996339949,7.80675501562,6.78028742779,2.45443923266,7.80675501562,0.484988244079,0.46,92,0.0519480519481,0.14470498912,23,23,23,1,0,0.0869565217391,0.869565217391,0.0434782608696,-11,-0.0217391304348,4.59054224276,-0.95652173913,-2.40952380952,-0.5,0.144664194972,0.08569491488,0.0448506807202,-0.226168988793,0.0654678093231,-0.00944224857268,-0.527902428439,-0.053337432003,-0.0128458498024,1.37814338768,-0.129520139842,4.91849489876,4.59054224276,1.37814338768,4.91849489876,0.13337560551,0.00108723135272,-29,-0.0163749294184,-0.147060348717,-0.260869565217,0.260869565217,0,75,13,24,394,0.757575757576,0.968058968059,0.031941031941,0.242424242424,0.852272727273,0.757575757576,0.802139037433,0.759457338357,0.725634725635,0.669642857143,39,50,0,23,23,23,1,0,8,0,0.0386050732335,0,0,1,3.88826011686,0,16,NaN,1,ok,2.18974518502,0,23,22,22,0.95652173913,0,8,0,0.0546127584197,0,0,1,4.24151696607,0,16,NaN,1,ok,2.14244238795,0,23,23,23,1,0,2,0,0.00443813968686,0,0,1,8.80675501562,0,16,NaN,1,ok,6.78028742779,0,0,0,0
432,WLNM_dir_neg,0.8276,0.589105129045,00:00:00,10,50,32,509133278,fixed,validated_v2,/gpfs/scratch/acw792/wlnm_roleonly_v2_20260910/result_wlnm_dir_neg_roleonly_trophicv2_100x290_train10-90_Apocrita_20260910_011848/ecological_snapshots/Broadstone_Stream_tax_mass_K10_ratio0.5_exp32_seed509133278_threshold0.5_validated_v2.mat,role_only,2,uniform_without_replacement,uniform_remaining_nonlinks,176,0,176,407,198,198,176,22,0,22,0.111111111111,98,100,0.5,0.666666666667,0.56,0.608695652174,28,14,22,86,0.56,0.86,0.14,0.44,0.666666666667,0.56,0.608695652174,0.76,0.573333333333,0.4375,0.440958551844,0.42,99,49,50,0,99,0,49,0,50,23,99,0.195652173913,2.18974518502,8.60869565217,6.6,4.5,4.59979377438,0.534319478842,0.291611769873,4.28989068105,0.996641269334,0.541062801932,2.91445898002,0.677096530713,0.355731225296,1.07629584498,0.491516479791,2.88826011686,2.18974518502,1.07629584498,2.88826011686,0.351612638569,0.458912768647,121,0.0683229813665,0.291765337837,23,23,23,1,0,0.347826086957,0.608695652174,0.0434782608696,23,0.096837944664,1.96657779601,4.26086956522,3.5,2.45,2.73391812247,0.641633845071,0.355811889973,2.4178192245,1.13489473803,0.594498669033,1.89027049113,0.887269822368,0.434782608696,0.933759356606,0.474814349324,2.60125786164,2.01051315037,0.931082427412,2.60125786164,0.265037593985,0.191780821918,14,0.00790513833992,0.151627737342,23,22,22,0.95652173913,0,0.347826086957,0.521739130435,0.0869565217391,23,91,0.179841897233,7.84167728303,7.91304347826,4.78947368421,4.13636363636,4.52179613828,0.571435775717,0.310559006211,3.66157269824,0.925452440215,0.494983277592,3.11124442904,0.786358482065,0.377448638318,3.50419253142,0.446867730581,10.7495893123,7.84167728303,3.50419253142,10.7495893123,0.459900244683,0.407462686567,91,0.0513833992095,0.207460656532,23,23,23,1,0,0.173913043478,0.782608695652,0.0434782608696,-8,-0.0158102766798,5.651932098,-0.695652173913,-1.81052631579,-0.363636363636,-0.0779976360925,0.0371162968755,0.0189472363385,-0.628317982806,-0.0711888291194,-0.0460795243404,0.196785449016,0.109261951352,0.0217174130218,2.42789668643,-0.0446487492101,7.86132919542,5.651932098,2.42789668643,7.86132919542,0.108287606114,-0.0514500820801,-30,-0.016939582157,-0.0843046813049,-0.173913043478,0.173913043478,0,77,14,22,393,0.777777777778,0.965601965602,0.034398034398,0.222222222222,0.846153846154,0.777777777778,0.810526315789,0.767857764324,0.74337974338,0.681415929204,42,50,0,23,23,23,1,0,8,0,0.0386050732335,0,0,1,3.88826011686,0,16,NaN,1,ok,2.18974518502,0,23,22,22,0.95652173913,0,8,0,0.0336227598594,0,0,1,3.60125786164,0,16,NaN,1,ok,2.01051315037,0,23,23,23,1,0,4,0,0.00440924040837,0,0,1,11.7495893123,0,16,NaN,1,ok,7.84167728303,0,0,0,0
433,WLNM_dir_neg,0.8801,0.776191674037,00:00:00,10,50,33,509133279,fixed,validated_v2,/gpfs/scratch/acw792/wlnm_roleonly_v2_20260910/result_wlnm_dir_neg_roleonly_trophicv2_100x290_train10-90_Apocrita_20260910_011848/ecological_snapshots/Broadstone_Stream_tax_mass_K10_ratio0.5_exp33_seed509133279_threshold0.5_validated_v2.mat,role_only,2,uniform_without_replacement,uniform_remaining_nonlinks,176,0,176,407,198,198,176,22,0,22,0.111111111111,98,100,0.5,0.815789473684,0.62,0.704545454545,31,7,19,93,0.62,0.93,0.07,0.38,0.815789473684,0.62,0.704545454545,0.826666666667,0.582222222222,0.585106382979,0.596138104048,0.55,99,49,50,0,99,0,49,0,50,23,99,0.195652173913,2.18974518502,8.60869565217,6.6,4.5,4.59979377438,0.534319478842,0.291611769873,4.28989068105,0.996641269334,0.541062801932,2.91445898002,0.677096530713,0.355731225296,1.07629584498,0.491516479791,2.88826011686,2.18974518502,1.07629584498,2.88826011686,0.351612638569,0.458912768647,121,0.0683229813665,0.291765337837,23,23,23,1,0,0.347826086957,0.608695652174,0.0434782608696,23,0.096837944664,2.16481283168,4.26086956522,3.5,2.72222222222,3.04835859416,0.715431098629,0.366459627329,2.4178192245,1.13489473803,0.589174800355,1.81669900009,0.852736265347,0.454303460515,1.1589468676,0.535356614039,3.28735632184,2.27574738708,1.15276751058,3.28735632184,0.314559125085,0.277533039648,21,0.0118577075099,0.132405689549,23,21,21,0.913043478261,0,0.304347826087,0.478260869565,0.130434782609,23,87,0.171936758893,2.68524437877,7.5652173913,5.8,3.78260869565,5.03466246008,0.665501359666,0.36031984008,4.04471059465,1.06929130663,0.566716641679,2.48553125361,0.657094469344,0.355822088956,1.39842109671,0.520779824648,3.68946394616,2.68524437877,1.39842109671,3.68946394616,0.488685897436,0.481132075472,102,0.0575945793337,0.186003779134,23,23,23,1,0,0.347826086957,0.652173913043,0,-12,-0.0237154150198,0.495499193748,-1.04347826087,-0.8,-0.717391304348,0.434868685705,0.131181880824,0.0687080702073,-0.245180086398,0.0726500372972,0.0256538397468,-0.428927726419,-0.0200020613688,9.08636590797e-05,0.322125251732,0.0292633448568,0.801203829304,0.495499193748,0.322125251732,0.801203829304,0.137073258867,0.0222193068244,-19,-0.0107284020327,-0.105761558703,0,0.0434782608696,-0.0434782608696,80,7,19,400,0.808080808081,0.982800982801,0.017199017199,0.191919191919,0.919540229885,0.808080808081,0.860215053763,0.831495188822,0.790881790882,0.754716981132,38,50,0,23,23,23,1,0,8,0,0.0386050732335,0,0,1,3.88826011686,0,16,NaN,1,ok,2.18974518502,0,23,21,21,0.913043478261,0,7,0,0.0365508023286,0,0,1,4.28735632184,0,16,NaN,1,ok,2.27574738708,0,23,23,23,1,0,8,0,0.0544366458068,0,0,1,4.68946394616,0,16,NaN,1,ok,2.68524437877,0,0,0,0
434,WLNM_dir_neg,0.8798,0.823100038414,00:00:00,10,50,34,509133280,fixed,validated_v2,/gpfs/scratch/acw792/wlnm_roleonly_v2_20260910/result_wlnm_dir_neg_roleonly_trophicv2_100x290_train10-90_Apocrita_20260910_011848/ecological_snapshots/Broadstone_Stream_tax_mass_K10_ratio0.5_exp34_seed509133280_threshold0.5_validated_v2.mat,role_only,2,uniform_without_replacement,uniform_remaining_nonlinks,176,0,176,407,198,198,176,22,0,22,0.111111111111,98,100,0.5,0.878787878788,0.58,0.698795180723,29,4,21,96,0.58,0.96,0.04,0.42,0.878787878788,0.58,0.698795180723,0.833333333333,0.593333333333,0.590163934426,0.614509867799,0.54,99,49,50,0,99,0,49,0,50,23,99,0.195652173913,2.18974518502,8.60869565217,6.6,4.5,4.59979377438,0.534319478842,0.291611769873,4.28989068105,0.996641269334,0.541062801932,2.91445898002,0.677096530713,0.355731225296,1.07629584498,0.491516479791,2.88826011686,2.18974518502,1.07629584498,2.88826011686,0.351612638569,0.458912768647,121,0.0683229813665,0.291765337837,23,23,23,1,0,0.347826086957,0.608695652174,0.0434782608696,23,0.096837944664,2.07927732562,4.26086956522,3.76923076923,2.57894736842,2.54446621129,0.597170641425,0.332741792369,2.36074618069,1.10810535012,0.587400177462,1.84154944213,0.864400758553,0.4578527063,1.10723399137,0.532509049046,2.81034482759,2.12833538588,1.10740988365,2.81034482759,0.262345679012,0.331730769231,23,0.012987012987,0.142791930292,23,22,22,0.95652173913,0,0.391304347826,0.434782608696,0.130434782609,23,82,0.162055335968,1,7.13043478261,5.46666666667,3.90476190476,4.39322151239,0.616122529176,0.341463414634,3.85918134226,1.08245330332,0.576882290562,2.71068738274,0.760314753696,0.404029692471,0,0,0,26.6335754235,22.0554306163,49.5316256809,0.406598452053,0.536723163842,95,0.0536420101637,0.20973995037,23,23,23,1,0,0.347826086957,0.565217391304,0.0869565217391,-17,-0.0335968379447,-1.18974518502,-1.47826086957,-1.13333333333,-0.595238095238,-0.206572261988,0.0818030503347,0.0498516447615,-0.430709338792,0.0858120339813,0.0358194886297,-0.203771597282,0.0832182229832,0.0482984671744,-1.07629584498,-0.491516479791,-2.88826011686,24.4438302384,20.9791347713,46.643365564,0.0549858134838,0.0778103951945,-26,-0.0146809712027,-0.0820253874666,0,-0.0434782608696,0.0434782608696,78,4,21,403,0.787878787879,0.990171990172,0.00982800982801,0.212121212121,0.951219512195,0.787878787879,0.861878453039,0.837592709938,0.778050778051,0.757281553398,33,50,0,23,23,23,1,0,8,0,0.0386050732335,0,0,1,3.88826011686,0,16,NaN,1,ok,2.18974518502,0,23,22,22,0.95652173913,0,9,0,0.0461061162001,0,0,1,3.81034482759,0,16,NaN,1,ok,2.12833538588,0,23,23,23,1,0,8,0,0.00163535088398,0,0,1,50.5316256809,1,16,NaN,1,ok,NaN,3,0,0,0
435,WLNM_dir_neg,0.8651,0.748353850933,00:00:00,10,50,35,509133281,fixed,validated_v2,/gpfs/scratch/acw792/wlnm_roleonly_v2_20260910/result_wlnm_dir_neg_roleonly_trophicv2_100x290_train10-90_Apocrita_20260910_011848/ecological_snapshots/Broadstone_Stream_tax_mass_K10_ratio0.5_exp35_seed509133281_threshold0.5_validated_v2.mat,role_only,2,uniform_without_replacement,uniform_remaining_nonlinks,176,0,176,407,198,198,176,22,0,22,0.111111111111,98,100,0.5,0.744680851064,0.7,0.721649484536,35,12,15,88,0.7,0.88,0.12,0.3,0.744680851064,0.7,0.721649484536,0.82,0.562222222222,0.58883248731,0.589447940195,0.58,99,49,50,0,99,0,49,0,50,23,99,0.195652173913,2.18974518502,8.60869565217,6.6,4.5,4.59979377438,0.534319478842,0.291611769873,4.28989068105,0.996641269334,0.541062801932,2.91445898002,0.677096530713,0.355731225296,1.07629584498,0.491516479791,2.88826011686,2.18974518502,1.07629584498,2.88826011686,0.351612638569,0.458912768647,121,0.0683229813665,0.291765337837,23,23,23,1,0,0.347826086957,0.608695652174,0.0434782608696,23,0.096837944664,2.20253623188,4.26086956522,3.5,2.45,2.45352050039,0.575826239888,0.319432120674,2.3414127015,1.09903045172,0.574977817214,1.81669900009,0.852736265347,0.42413487134,1.20702444006,0.548015702347,3.68421052632,2.2571969697,1.20594067352,3.68421052632,0.244404761905,0.223255813953,16,0.00903444381705,0.128590457162,23,22,22,0.95652173913,0,0.347826086957,0.521739130435,0.0869565217391,23,96,0.189723320158,6.98828800971,8.34782608696,4.57142857143,4.57142857143,4.54881298854,0.544909889253,0.289402173913,3.74957178056,0.898334905758,0.481884057971,3.33919116381,0.800014549663,0.427536231884,2.79154944478,0.399461132813,8.6725426441,6.98828800971,2.79154944478,8.6725426441,0.504859817648,0.466580976864,121,0.0683229813665,0.173916093632,23,23,23,1,0,0.0869565217391,0.826086956522,0.0869565217391,-3,-0.00592885375494,4.79854282468,-0.260869565217,-2.02857142857,0.0714285714286,-0.0509807858335,0.0105904104108,-0.0022095959596,-0.54031890049,-0.0983063635758,-0.0591787439614,0.424732183784,0.12291801895,0.0718050065876,1.7152535998,-0.0920553469783,5.78428252725,4.79854282468,1.7152535998,5.78428252725,0.153247179078,0.00766820821647,0,0,-0.117849244204,-0.260869565217,0.217391304348,0.0434782608696,84,12,15,395,0.848484848485,0.970515970516,0.029484029484,0.151515151515,0.875,0.848484848485,0.861538461538,0.828650874632,0.819000819001,0.756756756757,47,50,0,23,23,23,1,0,8,0,0.0386050732335,0,0,1,3.88826011686,0,16,NaN,1,ok,2.18974518502,0,23,22,22,0.95652173913,0,8,0,0.0389229164076,0,0,1,4.68421052632,0,16,NaN,1,ok,2.2571969697,0,23,23,23,1,0,2,0,0.00698841548643,0,0,1,9.6725426441,0,16,NaN,1,ok,6.98828800971,0,0,0,0
436,WLNM_dir_neg,0.8744,0.600300331398,00:00:00,10,50,36,509133282,fixed,validated_v2,/gpfs/scratch/acw792/wlnm_roleonly_v2_20260910/result_wlnm_dir_neg_roleonly_trophicv2_100x290_train10-90_Apocrita_20260910_011848/ecological_snapshots/Broadstone_Stream_tax_mass_K10_ratio0.5_exp36_seed509133282_threshold0.5_validated_v2.mat,role_only,2,uniform_without_replacement,uniform_remaining_nonlinks,176,0,176,407,198,198,176,22,0,22,0.111111111111,98,100,0.5,0.709090909091,0.78,0.742857142857,39,16,11,84,0.78,0.84,0.16,0.22,0.709090909091,0.78,0.742857142857,0.82,0.544444444444,0.60487804878,0.606503825175,0.62,99,49,50,0,99,0,49,0,50,23,99,0.195652173913,2.18974518502,8.60869565217,6.6,4.5,4.59979377438,0.534319478842,0.291611769873,4.28989068105,0.996641269334,0.541062801932,2.91445898002,0.677096530713,0.355731225296,1.07629584498,0.491516479791,2.88826011686,2.18974518502,1.07629584498,2.88826011686,0.351612638569,0.458912768647,121,0.0683229813665,0.291765337837,23,23,23,1,0,0.347826086957,0.608695652174,0.0434782608696,23,0.096837944664,2.51202044774,4.26086956522,3.26666666667,2.45,2.47197733338,0.58015794559,0.315882874889,2.15963691869,1.0137071251,0.544809228039,1.57550418557,0.739522372817,0.386867790594,1.49038460362,0.593301143295,4.37211367673,2.51202044774,1.49038460362,4.37211367673,0.199122807018,0.223404255319,14,0.00790513833992,0.107755102041,23,23,23,1,0,0.347826086957,0.521739130435,0.130434782609,23,104,0.205533596838,3.28148594253,9.04347826087,5.47368421053,4.52173913043,4.6365961346,0.512700534115,0.284280936455,4.28389760103,0.947400430997,0.51254180602,2.67767818722,0.592178829866,0.327759197324,1.45869890932,0.444523894012,4.31776796983,3.28148594253,1.45869890932,4.31776796983,0.434625760713,0.462897526502,131,0.0739695087521,0.161596513197,23,23,23,1,0,0.173913043478,0.826086956522,0,5,0.0098814229249,1.09174075751,0.434782608696,-1.12631578947,0.0217391304348,0.0368023602258,-0.021618944727,-0.00733083341779,-0.00599308001539,-0.0492408383368,-0.0285209959123,-0.236780792805,-0.084917700847,-0.027972027972,0.382403064336,-0.0469925857796,1.42950785297,1.09174075751,0.382403064336,1.42950785297,0.0830131221436,0.00398475785448,10,0.00564652738566,-0.13016882464,-0.173913043478,0.217391304348,-0.0434782608696,88,16,11,391,0.888888888889,0.960687960688,0.039312039312,0.111111111111,0.846153846154,0.888888888889,0.866995073892,0.834041720268,0.849576849577,0.765217391304,55,50,0,23,23,23,1,0,8,0,0.0386050732335,0,0,1,3.88826011686,0,16,NaN,1,ok,2.18974518502,0,23,23,23,1,0,8,0,0.0288103881151,0,0,1,5.37211367673,0,16,NaN,1,ok,2.51202044774,0,23,23,23,1,0,4,0,0.0181822582103,0,0,1,5.31776796983,0,16,NaN,1,ok,3.28148594253,0,0,0,0
437,WLNM_dir_neg,0.8285,0.731816293778,00:00:00,10,50,37,509133283,fixed,validated_v2,/gpfs/scratch/acw792/wlnm_roleonly_v2_20260910/result_wlnm_dir_neg_roleonly_trophicv2_100x290_train10-90_Apocrita_20260910_011848/ecological_snapshots/Broadstone_Stream_tax_mass_K10_ratio0.5_exp37_seed509133283_threshold0.5_validated_v2.mat,role_only,2,uniform_without_replacement,uniform_remaining_nonlinks,176,0,176,407,198,198,176,22,0,22,0.111111111111,98,100,0.5,0.818181818182,0.54,0.650602409639,27,6,23,94,0.54,0.94,0.06,0.46,0.818181818182,0.54,0.650602409639,0.806666666667,0.593333333333,0.524590163934,0.546230993599,0.48,99,49,50,0,99,0,49,0,50,23,99,0.195652173913,2.18974518502,8.60869565217,6.6,4.5,4.59979377438,0.534319478842,0.291611769873,4.28989068105,0.996641269334,0.541062801932,2.91445898002,0.677096530713,0.355731225296,1.07629584498,0.491516479791,2.88826011686,2.18974518502,1.07629584498,2.88826011686,0.351612638569,0.458912768647,121,0.0683229813665,0.291765337837,23,23,23,1,0,0.347826086957,0.608695652174,0.0434782608696,23,0.096837944664,2.08079937952,4.26086956522,3.76923076923,2.72222222222,3.01838896379,0.70839740987,0.394853593611,2.5281029148,1.18666055185,0.615794143744,1.76594934103,0.828914996812,0.450754214729,1.14582224655,0.550664450323,3.4042988741,2.18373265376,1.14728450308,3.4042988741,0.245502645503,0.262008733624,20,0.0112930547713,0.138993876494,23,21,21,0.913043478261,0,0.347826086957,0.434782608696,0.130434782609,23,82,0.162055335968,5.46000035171,7.13043478261,5.125,4.1,4.66421919634,0.654128301925,0.365853658537,3.89435590376,1.09231933886,0.573700954401,2.79327255052,0.783478886122,0.431601272534,3.14783495529,0.57652651145,7.83051799133,5.88476228997,2.95315885844,7.83051799133,0.432752124419,0.516393442623,105,0.0592885375494,0.185198054261,23,21,21,0.913043478261,0,0.217391304348,0.652173913043,0.0434782608696,-17,-0.0335968379447,3.27025516669,-1.47826086957,-1.475,-0.4,0.0644254219582,0.119808823083,0.0742418886639,-0.395534777289,0.0956780695249,0.0326381524685,-0.121186429502,0.106382355409,0.075870047238,2.07153911031,0.0850100316587,4.94225787447,3.69501710495,1.87686301346,4.94225787447,0.0811394858496,0.0574806739757,-16,-0.00903444381705,-0.106567283576,-0.130434782609,0.0434782608696,0,76,6,23,401,0.767676767677,0.985257985258,0.014742014742,0.232323232323,0.926829268293,0.767676767677,0.839779005525,0.810554629477,0.752934752935,0.72380952381,33,50,0,23,23,23,1,0,8,0,0.0386050732335,0,0,1,3.88826011686,0,16,NaN,1,ok,2.18974518502,0,23,21,21,0.913043478261,0,8,0,0.0331671312549,0,0,1,4.4042988741,0,16,NaN,1,ok,2.18373265376,0,23,21,21,0.913043478261,0,5,0,0.00958099314275,0,0,1,8.83051799133,0,16,NaN,1,ok,5.88476228997,0,0,0,0
438,WLNM_dir_neg,0.8674,0.682817479125,00:00:00,10,50,38,509133284,fixed,validated_v2,/gpfs/scratch/acw792/wlnm_roleonly_v2_20260910/result_wlnm_dir_neg_roleonly_trophicv2_100x290_train10-90_Apocrita_20260910_011848/ecological_snapshots/Broadstone_Stream_tax_mass_K10_ratio0.5_exp38_seed509133284_threshold0.5_validated_v2.mat,role_only,2,uniform_without_replacement,uniform_remaining_nonlinks,176,0,176,407,198,198,176,22,0,22,0.111111111111,98,100,0.5,0.727272727273,0.64,0.68085106383,32,12,18,88,0.64,0.88,0.12,0.36,0.727272727273,0.64,0.68085106383,0.8,0.568888888889,0.536082474227,0.538404988266,0.52,99,49,50,0,99,0,49,0,50,23,99,0.195652173913,2.18974518502,8.60869565217,6.6,4.5,4.59979377438,0.534319478842,0.291611769873,4.28989068105,0.996641269334,0.541062801932,2.91445898002,0.677096530713,0.355731225296,1.07629584498,0.491516479791,2.88826011686,2.18974518502,1.07629584498,2.88826011686,0.351612638569,0.458912768647,121,0.0683229813665,0.291765337837,23,23,23,1,0,0.347826086957,0.608695652174,0.0434782608696,23,0.096837944664,2.30758962624,4.26086956522,3.26666666667,2.45,2.54446621129,0.597170641425,0.327417923691,2.2422461917,1.05248290631,0.560780834073,1.63218614764,0.76612819175,0.399290150843,1.2198185802,0.52861157215,3.22894736842,2.30758962624,1.2198185802,3.22894736842,0.13630952381,0.158653846154,11,0.00621118012422,0.114970452828,23,23,23,1,0,0.347826086957,0.521739130435,0.130434782609,23,93,0.183794466403,4.53598425932,8.08695652174,4.65,4.42857142857,3.99901173562,0.494501451179,0.271622253389,3.72312504209,0.920772859872,0.495558672277,2.40223874503,0.594102055223,0.320710612436,2.33324493566,0.514385589163,6.53959178259,4.53598425932,2.33324493566,6.53959178259,0.448999551173,0.441826215022,100,0.0564652738566,0.127547651007,23,23,23,1,0,0.130434782609,0.782608695652,0.0869565217391,-6,-0.0118577075099,2.34623907429,-0.521739130435,-1.95,-0.0714285714286,-0.600782038753,-0.0398180276624,-0.0199895164832,-0.566765638955,-0.075868409462,-0.0455041296556,-0.51222023499,-0.0829944754893,-0.0350206128607,1.25694909068,0.0228691093715,3.65133166574,2.34623907429,1.25694909068,3.65133166574,0.0973869126043,-0.0170865536252,-21,-0.0118577075099,-0.164217686829,-0.217391304348,0.173913043478,0.0434782608696,81,12,18,395,0.818181818182,0.970515970516,0.029484029484,0.181818181818,0.870967741935,0.818181818182,0.84375,0.807809441841,0.788697788698,0.72972972973,44,50,0,23,23,23,1,0,8,0,0.0386050732335,0,0,1,3.88826011686,0,16,NaN,1,ok,2.18974518502,0,23,23,23,1,0,8,0,0.0283060749541,0,0,1,4.22894736842,0,16,NaN,1,ok,2.30758962624,0,23,23,23,1,0,3,0,0.0258719602173,0,0,1,7.53959178259,0,16,NaN,1,ok,4.53598425932,0,0,0,0
439,WLNM_dir_neg,0.8548,0.725840005042,00:00:00,10,50,39,509133285,fixed,validated_v2,/gpfs/scratch/acw792/wlnm_roleonly_v2_20260910/result_wlnm_dir_neg_roleonly_trophicv2_100x290_train10-90_Apocrita_20260910_011848/ecological_snapshots/Broadstone_Stream_tax_mass_K10_ratio0.5_exp39_seed509133285_threshold0.5_validated_v2.mat,role_only,2,uniform_without_replacement,uniform_remaining_nonlinks,176,0,176,407,198,198,176,22,0,22,0.111111111111,98,100,0.5,0.806451612903,0.5,0.617283950617,25,6,25,94,0.5,0.94,0.06,0.5,0.806451612903,0.5,0.617283950617,0.793333333333,0.597777777778,0.486187845304,0.512251632391,0.44,99,49,50,0,99,0,49,0,50,23,99,0.195652173913,2.18974518502,8.60869565217,6.6,4.5,4.59979377438,0.534319478842,0.291611769873,4.28989068105,0.996641269334,0.541062801932,2.91445898002,0.677096530713,0.355731225296,1.07629584498,0.491516479791,2.88826011686,2.18974518502,1.07629584498,2.88826011686,0.351612638569,0.458912768647,121,0.0683229813665,0.291765337837,23,23,23,1,0,0.347826086957,0.608695652174,0.0434782608696,23,0.096837944664,2.09921542988,4.26086956522,3.26666666667,2.45,2.64948350549,0.62181755741,0.346051464064,2.11712386004,0.993752015935,0.523513753327,2.262427253,1.06195564937,0.482697426797,1.03057258269,0.490932263561,2.89473684211,2.1491797676,1.02591563118,2.89473684211,0.161199294533,0.173913043478,12,0.00677583286279,0.191458805745,23,22,22,0.95652173913,0,0.304347826087,0.565217391304,0.0869565217391,23,80,0.158102766798,2.24345513639,6.95652173913,5,3.80952380952,3.77164373221,0.542173786505,0.300543478261,3.36924007101,0.968656520417,0.525,2.90563035279,0.835368726426,0.419565217391,1.03881899439,0.463044247038,3.12251135919,2.24345513639,1.03881899439,3.12251135919,0.276715203988,0.327370304114,61,0.0344438170525,0.240473716099,23,23,23,1,0,0.304347826087,0.608695652174,0.0869565217391,-19,-0.0375494071146,0.0537099513614,-1.65217391304,-1.6,-0.690476190476,-0.828150042171,0.00785430766281,0.00893170838823,-0.920650610033,-0.0279847489177,-0.0160628019324,-0.0088286272377,0.158272195713,0.0638339920949,-0.0374768505927,-0.0284722327537,0.234251242337,0.0537099513614,-0.0374768505927,0.234251242337,-0.0748974345812,-0.131542464533,-60,-0.0338791643139,-0.0512916217381,-0.0434782608696,0,0.0434782608696,74,6,25,401,0.747474747475,0.985257985258,0.014742014742,0.252525252525,0.925,0.747474747475,0.826815642458,0.796728956767,0.732732732733,0.704761904762,31,50,0,23,23,23,1,0,8,0,0.0386050732335,0,0,1,3.88826011686,0,16,NaN,1,ok,2.18974518502,0,23,22,22,0.95652173913,0,7,0,0.0264024473547,0,0,1,3.89473684211,0,16,NaN,1,ok,2.1491797676,0,23,23,23,1,0,7,0,0.0262077617638,0,0,1,4.12251135919,0,16,NaN,1,ok,2.24345513639,0,0,0,0
440,WLNM_dir_neg,0.8616,0.761679738112,00:00:00,10,50,40,509133286,fixed,validated_v2,/gpfs/scratch/acw792/wlnm_roleonly_v2_20260910/result_wlnm_dir_neg_roleonly_trophicv2_100x290_train10-90_Apocrita_20260910_011848/ecological_snapshots/Broadstone_Stream_tax_mass_K10_ratio0.5_exp40_seed509133286_threshold0.5_validated_v2.mat,role_only,2,uniform_without_replacement,uniform_remaining_nonlinks,176,0,176,407,198,198,176,22,0,22,0.111111111111,98,100,0.5,0.769230769231,0.6,0.674157303371,30,9,20,91,0.6,0.91,0.09,0.4,0.769230769231,0.6,0.674157303371,0.806666666667,0.58,0.539682539683,0.548101998186,0.51,99,49,50,0,99,0,49,0,50,23,99,0.195652173913,2.18974518502,8.60869565217,6.6,4.5,4.59979377438,0.534319478842,0.291611769873,4.28989068105,0.996641269334,0.541062801932,2.91445898002,0.677096530713,0.355731225296,1.07629584498,0.491516479791,2.88826011686,2.18974518502,1.07629584498,2.88826011686,0.351612638569,0.458912768647,121,0.0683229813665,0.291765337837,23,23,23,1,0,0.347826086957,0.608695652174,0.0434782608696,23,0.096837944664,1.91137232687,4.26086956522,3.76923076923,2.33333333333,2.52653897842,0.59296322963,0.329192546584,2.3799226081,1.11710653033,0.590949423248,1.48643404361,0.697713938838,0.342502218279,0.929988505973,0.486555388974,2.33550488599,1.95279834172,0.929899524158,2.33550488599,0.215,0.23645320197,16,0.00903444381705,0.108990546491,23,22,22,0.95652173913,0,0.391304347826,0.521739130435,0.0434782608696,23,88,0.173913043478,2.11188552698,7.65217391304,5.5,4.19047619048,4.32338982799,0.56498844343,0.313735177866,4.28159033658,1.11905201979,0.587944664032,2.56996947122,0.671696566342,0.350790513834,0.854913783872,0.404810664664,2.36395014681,2.16242577821,0.839127163126,2.36395014681,0.399494444949,0.434153400868,100,0.0564652738566,0.18431667257,23,22,22,0.95652173913,0,0.260869565217,0.652173913043,0.0434782608696,-11,-0.0217391304348,-0.0778596580408,-0.95652173913,-1.1,-0.309523809524,-0.27640394639,0.0306689645884,0.022123407993,-0.00830034446941,0.122410750453,0.0468818620993,-0.344489508804,-0.0053999643711,-0.00494071146245,-0.221382061111,-0.0867058151275,-0.524309970047,-0.0273194068142,-0.237168681857,-0.524309970047,0.0478818063798,-0.024759367779,-21,-0.0118577075099,-0.107448665266,-0.0869565217391,0.0434782608696,0,79,9,20,398,0.79797979798,0.977886977887,0.022113022113,0.20202020202,0.897727272727,0.79797979798,0.844919786096,0.812030758319,0.775866775867,0.731481481481,39,50,0,23,23,23,1,0,8,0,0.0386050732335,0,0,1,3.88826011686,0,16,NaN,1,ok,2.18974518502,0,23,22,22,0.95652173913,0,9,0,0.0597234144479,0,0,1,3.33550488599,0,16,NaN,1,ok,1.95279834172,0,23,22,22,0.95652173913,0,6,0,0.0320881847492,0,0,1,3.36395014681,0,16,NaN,1,ok,2.16242577821,0,0,0,0
441,WLNM_dir_neg,0.8634,0.727640685866,00:00:00,10,50,41,509133287,fixed,validated_v2,/gpfs/scratch/acw792/wlnm_roleonly_v2_20260910/result_wlnm_dir_neg_roleonly_trophicv2_100x290_train10-90_Apocrita_20260910_011848/ecological_snapshots/Broadstone_Stream_tax_mass_K10_ratio0.5_exp41_seed509133287_threshold0.5_validated_v2.mat,role_only,2,uniform_without_replacement,uniform_remaining_nonlinks,176,0,176,407,198,198,176,22,0,22,0.111111111111,98,100,0.5,0.75,0.66,0.702127659574,33,11,17,89,0.66,0.89,0.11,0.34,0.75,0.66,0.702127659574,0.813333333333,0.568888888889,0.567010309278,0.569466814512,0.55,99,49,50,0,99,0,49,0,50,23,99,0.195652173913,2.18974518502,8.60869565217,6.6,4.5,4.59979377438,0.534319478842,0.291611769873,4.28989068105,0.996641269334,0.541062801932,2.91445898002,0.677096530713,0.355731225296,1.07629584498,0.491516479791,2.88826011686,2.18974518502,1.07629584498,2.88826011686,0.351612638569,0.458912768647,121,0.0683229813665,0.291765337837,23,23,23,1,0,0.347826086957,0.608695652174,0.0434782608696,23,0.096837944664,2.06082856008,4.26086956522,3.5,2.88235294118,2.83191858037,0.664633952536,0.36379769299,2.3414127015,1.09903045172,0.583850931677,1.96108383359,0.920508738216,0.486246672582,0.994861269087,0.48274819573,2.70026525199,2.10904804008,0.99038152698,2.70026525199,0.220833333333,0.202702702703,15,0.00846979107849,0.133892694607,23,22,22,0.95652173913,0,0.347826086957,0.391304347826,0.217391304348,23,93,0.183794466403,4.87032060911,8.08695652174,5.16666666667,4.42857142857,4.08893232873,0.505620664305,0.281439925199,3.59896779229,0.89006730347,0.481533426835,2.9768540574,0.736211218496,0.402057035998,2.65618486666,0.5453819327,7.17176833899,5.04624427316,2.57789813248,7.17176833899,0.405878969515,0.447178002894,103,0.0581592320723,0.190336807919,23,22,22,0.95652173913,0,0.173913043478,0.739130434783,0.0434782608696,-6,-0.0118577075099,2.68057542409,-0.521739130435,-1.43333333333,-0.0714285714286,-0.510861445647,-0.0286988145365,-0.0101718446739,-0.690922888755,-0.106573965864,-0.0595293750974,0.0623950773743,0.0591146877837,0.0463258107017,1.57988902168,0.0538654529083,4.28350822213,2.85649908814,1.50160228749,4.28350822213,0.0542663309462,-0.0117347657529,-18,-0.0101637492942,-0.101428529917,-0.173913043478,0.130434782609,0,82,11,17,396,0.828282828283,0.972972972973,0.027027027027,0.171717171717,0.881720430108,0.828282828283,0.854166666667,0.820671759018,0.801255801256,0.745454545455,44,50,0,23,23,23,1,0,8,0,0.0386050732335,0,0,1,3.88826011686,0,16,NaN,1,ok,2.18974518502,0,23,22,22,0.95652173913,0,8,0,0.0357370767695,0,0,1,3.70026525199,0,16,NaN,1,ok,2.10904804008,0,23,22,22,0.95652173913,0,4,0,0.00913588737038,0,0,1,8.17176833899,0,16,NaN,1,ok,5.04624427316,0,0,0,0
442,WLNM_dir_neg,0.7702,0.678324195971,00:00:00,10,50,42,509133288,fixed,validated_v2,/gpfs/scratch/acw792/wlnm_roleonly_v2_20260910/result_wlnm_dir_neg_roleonly_trophicv2_100x290_train10-90_Apocrita_20260910_011848/ecological_snapshots/Broadstone_Stream_tax_mass_K10_ratio0.5_exp42_seed509133288_threshold0.5_validated_v2.mat,role_only,2,uniform_without_replacement,uniform_remaining_nonlinks,176,0,176,407,198,198,176,22,0,22,0.111111111111,98,100,0.5,0.75,0.54,0.627906976744,27,9,23,91,0.54,0.91,0.09,0.46,0.75,0.54,0.627906976744,0.786666666667,0.586666666667,0.483870967742,0.496699633899,0.45,99,49,50,0,99,0,49,0,50,23,99,0.195652173913,2.18974518502,8.60869565217,6.6,4.5,4.59979377438,0.534319478842,0.291611769873,4.28989068105,0.996641269334,0.541062801932,2.91445898002,0.677096530713,0.355731225296,1.07629584498,0.491516479791,2.88826011686,2.18974518502,1.07629584498,2.88826011686,0.351612638569,0.458912768647,121,0.0683229813665,0.291765337837,23,23,23,1,0,0.347826086957,0.608695652174,0.0434782608696,23,0.096837944664,1.97664945013,4.26086956522,3.76923076923,2.72222222222,3.25041803332,0.762853211901,0.410825199645,2.58147857255,1.21171443201,0.622892635315,1.79150388389,0.840909986318,0.459627329193,1.01941858275,0.515730587778,2.89169893514,2.12314686765,1.0149397472,2.89169893514,0.403361344538,0.439330543933,35,0.0197628458498,0.119228919229,23,20,20,0.869565217391,0,0.304347826087,0.478260869565,0.0869565217391,23,85,0.167984189723,8.28882818982,7.39130434783,5.3125,4.25,5.16754848185,0.69913891225,0.387212276215,3.98217371669,1.07752935863,0.569820971867,2.54834674765,0.689552649363,0.383631713555,5.5193023471,0.665872451535,14.2888008022,8.62013856208,5.41003249709,14.2888008022,0.508962674752,0.570934256055,110,0.0621118012422,0.156603295942,23,22,22,0.95652173913,0,0.260869565217,0.608695652174,0.0869565217391,-14,-0.0276679841897,6.0990830048,-1.21739130435,-1.2875,-0.25,0.567754707471,0.164819433408,0.0956005063422,-0.307716964359,0.080888089299,0.0287581699346,-0.366112232377,0.0124561186507,0.0279004882585,4.44300650212,0.174355971743,11.4005406853,6.43039337706,4.33373665211,11.4005406853,0.157350036183,0.112021487408,-11,-0.00621118012422,-0.135162041895,-0.0869565217391,0,0.0434782608696,76,9,23,398,0.767676767677,0.977886977887,0.022113022113,0.232323232323,0.894117647059,0.767676767677,0.826086956522,0.791132220855,0.745563745564,0.703703703704,36,50,0,23,23,23,1,0,8,0,0.0386050732335,0,0,1,3.88826011686,0,16,NaN,1,ok,2.18974518502,0,23,20,20,0.869565217391,0,7,0,0.0535396349792,0,0,1,3.89169893514,0,16,NaN,1,ok,2.12314686765,0,23,22,22,0.95652173913,0,6,0,0.0109458513218,0,0,1,15.2888008022,0,16,NaN,1,ok,8.62013856208,0,0,0,0
443,WLNM_dir_neg,0.925,0.834805530557,00:00:00,10,50,43,509133289,fixed,validated_v2,/gpfs/scratch/acw792/wlnm_roleonly_v2_20260910/result_wlnm_dir_neg_roleonly_trophicv2_100x290_train10-90_Apocrita_20260910_011848/ecological_snapshots/Broadstone_Stream_tax_mass_K10_ratio0.5_exp43_seed509133289_threshold0.5_validated_v2.mat,role_only,2,uniform_without_replacement,uniform_remaining_nonlinks,176,0,176,407,198,198,176,22,0,22,0.111111111111,98,100,0.5,0.820512820513,0.64,0.719101123596,32,7,18,93,0.64,0.93,0.07,0.36,0.820512820513,0.64,0.719101123596,0.833333333333,0.58,0.603174603175,0.612584586208,0.57,99,49,50,0,99,0,49,0,50,23,99,0.195652173913,2.18974518502,8.60869565217,6.6,4.5,4.59979377438,0.534319478842,0.291611769873,4.28989068105,0.996641269334,0.541062801932,2.91445898002,0.677096530713,0.355731225296,1.07629584498,0.491516479791,2.88826011686,2.18974518502,1.07629584498,2.88826011686,0.351612638569,0.458912768647,121,0.0683229813665,0.291765337837,23,23,23,1,0,0.347826086957,0.608695652174,0.0434782608696,23,0.096837944664,2.21975591152,4.26086956522,3.26666666667,2.88235294118,2.63227159597,0.617778027625,0.330967169476,1.96108383359,0.920508738216,0.502218278616,2.20132909906,1.03327692405,0.532386867791,1.11648441859,0.502976211391,3.07368421053,2.27519936204,1.10987755851,3.07368421053,0.17694235589,0.215311004785,15,0.00846979107849,0.167188208617,23,22,22,0.95652173913,0,0.304347826087,0.434782608696,0.217391304348,23,88,0.173913043478,3.06950227122,7.65217391304,5.5,4,4.57869270398,0.598351887452,0.33152173913,3.80970261203,0.995717728144,0.5395256917,2.60510292787,0.680879174331,0.366600790514,1.66109235947,0.541160166272,4.38302019256,3.06950227122,1.66109235947,4.38302019256,0.371237492666,0.429268292683,88,0.0496894409938,0.194115895678,23,23,23,1,0,0.304347826087,0.652173913043,0.0434782608696,-11,-0.0217391304348,0.879757086197,-0.95652173913,-1.1,-0.5,-0.0211010703981,0.06403240861,0.0399099692578,-0.480188069019,-0.000923541190461,-0.00153711023276,-0.30935605215,0.00378264361818,0.0108695652174,0.584796514484,0.0496436864808,1.4947600757,0.879757086197,0.584796514484,1.4947600757,0.0196248540969,-0.0296444759644,-33,-0.0186335403727,-0.0976494421584,-0.0434782608696,0.0434782608696,0,81,7,18,400,0.818181818182,0.982800982801,0.017199017199,0.181818181818,0.920454545455,0.818181818182,0.866310160428,0.8383174683,0.800982800983,0.764150943396,39,50,0,23,23,23,1,0,8,0,0.0386050732335,0,0,1,3.88826011686,0,16,NaN,1,ok,2.18974518502,0,23,22,22,0.95652173913,0,7,0,0.0334577093514,0,0,1,4.07368421053,0,16,NaN,1,ok,2.27519936204,0,23,23,23,1,0,7,0,0.0211626494771,0,0,1,5.38302019256,0,16,NaN,1,ok,3.06950227122,0,0,0,0
444,WLNM_dir_neg,0.8115,0.64729575288,00:00:00,10,50,44,509133290,fixed,validated_v2,/gpfs/scratch/acw792/wlnm_roleonly_v2_20260910/result_wlnm_dir_neg_roleonly_trophicv2_100x290_train10-90_Apocrita_20260910_011848/ecological_snapshots/Broadstone_Stream_tax_mass_K10_ratio0.5_exp44_seed509133290_threshold0.5_validated_v2.mat,role_only,2,uniform_without_replacement,uniform_remaining_nonlinks,176,0,176,407,198,198,176,22,0,22,0.111111111111,98,100,0.5,0.729166666667,0.7,0.714285714286,35,13,15,87,0.7,0.87,0.13,0.3,0.729166666667,0.7,0.714285714286,0.813333333333,0.56,0.575757575758,0.576022109461,0.57,99,49,50,0,99,0,49,0,50,23,99,0.195652173913,2.18974518502,8.60869565217,6.6,4.5,4.59979377438,0.534319478842,0.291611769873,4.28989068105,0.996641269334,0.541062801932,2.91445898002,0.677096530713,0.355731225296,1.07629584498,0.491516479791,2.88826011686,2.18974518502,1.07629584498,2.88826011686,0.351612638569,0.458912768647,121,0.0683229813665,0.291765337837,23,23,23,1,0,0.347826086957,0.608695652174,0.0434782608696,23,0.096837944664,1.81293080594,4.26086956522,3.76923076923,2.22727272727,2.79963295166,0.657056713145,0.357586512866,2.61645749103,1.22813310803,0.631765749778,1.76594934103,0.828914996812,0.39041703638,0.825680522175,0.455439622665,2.23602642276,1.81293080594,0.825680522175,2.23602642276,0.252204585538,0.262008733624,20,0.0112930547713,0.162626547242,23,23,23,1,0,0.434782608696,0.521739130435,0.0434782608696,23,97,0.191699604743,1,8.4347826087,4.40909090909,4.21739130435,4.77518288042,0.566129929123,0.314208874944,3.90752795301,0.92652724659,0.48139847602,3.60500311107,0.85479455211,0.398027790229,0,0,0,143.199251944,31.5351162454,151.788250871,0.506579510288,0.499369482976,132,0.0745341614907,0.252454118611,23,23,23,1,0,0.0434782608696,0.95652173913,0,-2,-0.00395256916996,-1.18974518502,-0.173913043478,-2.19090909091,-0.282608695652,0.175389106048,0.0318104502807,0.0225971050713,-0.382362728037,-0.0701140227441,-0.0596643259126,0.690544131046,0.177698021397,0.0422965649322,-1.07629584498,-0.491516479791,-2.88826011686,141.009506759,30.4588204004,148.899990755,0.154966871719,0.0404567143288,11,0.00621118012422,-0.0393112192253,-0.304347826087,0.347826086957,-0.0434782608696,84,13,15,394,0.848484848485,0.968058968059,0.031941031941,0.151515151515,0.865979381443,0.848484848485,0.857142857143,0.822899455847,0.816543816544,0.75,48,50,0,23,23,23,1,0,8,0,0.0386050732335,0,0,1,3.88826011686,0,16,NaN,1,ok,2.18974518502,0,23,23,23,1,0,10,0,0.0238275529974,0,0,1,3.23602642276,0,16,NaN,1,ok,1.81293080594,0,23,23,23,1,0,1,0,0.000118313192306,0,0,1,152.788250871,1,16,NaN,1,ok,NaN,3,0,0,0
445,WLNM_dir_neg,0.8462,0.681930447152,00:00:00,10,50,45,509133291,fixed,validated_v2,/gpfs/scratch/acw792/wlnm_roleonly_v2_20260910/result_wlnm_dir_neg_roleonly_trophicv2_100x290_train10-90_Apocrita_20260910_011848/ecological_snapshots/Broadstone_Stream_tax_mass_K10_ratio0.5_exp45_seed509133291_threshold0.5_validated_v2.mat,role_only,2,uniform_without_replacement,uniform_remaining_nonlinks,176,0,176,407,198,198,176,22,0,22,0.111111111111,98,100,0.5,0.777777777778,0.56,0.651162790698,28,8,22,92,0.56,0.92,0.08,0.44,0.777777777778,0.56,0.651162790698,0.8,0.586666666667,0.516129032258,0.529812942826,0.48,99,49,50,0,99,0,49,0,50,23,99,0.195652173913,2.18974518502,8.60869565217,6.6,4.5,4.59979377438,0.534319478842,0.291611769873,4.28989068105,0.996641269334,0.541062801932,2.91445898002,0.677096530713,0.355731225296,1.07629584498,0.491516479791,2.88826011686,2.18974518502,1.07629584498,2.88826011686,0.351612638569,0.458912768647,121,0.0683229813665,0.291765337837,23,23,23,1,0,0.347826086957,0.608695652174,0.0434782608696,23,0.096837944664,2.17073367548,4.26086956522,3.5,2.45,2.37826123086,0.5581633501,0.288376220053,2.32191824745,1.0898799937,0.578527062999,1.25424181466,0.588725749739,0.321206743567,1.24640675362,0.574186860279,3.46659242762,2.17073367548,1.24640675362,3.46659242762,0.182972582973,0.167512690355,11,0.00621118012422,0.091601255887,23,23,23,1,0,0.391304347826,0.478260869565,0.130434782609,23,85,0.167984189723,2.72577014503,7.39130434783,5.66666666667,4.25,4.10918185215,0.555948132938,0.302813299233,3.88978595589,1.05253031748,0.562659846547,2.11992243873,0.573626071657,0.304859335038,1.52672033682,0.560106045481,4.14514909191,2.72577014503,1.52672033682,4.14514909191,0.341211204255,0.421143847487,81,0.0457368718238,0.170223629467,23,23,23,1,0,0.347826086957,0.521739130435,0.130434782609,-14,-0.0276679841897,0.536024960009,-1.21739130435,-0.933333333333,-0.25,-0.490611922223,0.0216286540967,0.0112015293601,-0.400104725161,0.0558890481409,0.0215970446149,-0.794536541291,-0.103470459055,-0.0508718902581,0.450424491841,0.0685895656892,1.25688897506,0.536024960009,0.450424491841,1.25688897506,-0.0104014343145,-0.0377689211603,-40,-0.0225861095426,-0.121541708369,0,-0.0869565217391,0.0869565217391,77,8,22,399,0.777777777778,0.980343980344,0.019656019656,0.222222222222,0.905882352941,0.777777777778,0.836956521739,0.804457772726,0.758121758122,0.719626168224,36,50,0,23,23,23,1,0,8,0,0.0386050732335,0,0,1,3.88826011686,0,16,NaN,1,ok,2.18974518502,0,23,23,23,1,0,9,0,0.0659775748085,0,0,1,4.46659242762,0,16,NaN,1,ok,2.17073367548,0,23,23,23,1,0,8,0,0.0553574040028,0,0,1,5.14514909191,0,16,NaN,1,ok,2.72577014503,0,0,0,0
446,WLNM_dir_neg,0.9201,0.672768276503,00:00:00,10,50,46,509133292,fixed,validated_v2,/gpfs/scratch/acw792/wlnm_roleonly_v2_20260910/result_wlnm_dir_neg_roleonly_trophicv2_100x290_train10-90_Apocrita_20260910_011848/ecological_snapshots/Broadstone_Stream_tax_mass_K10_ratio0.5_exp46_seed509133292_threshold0.5_validated_v2.mat,role_only,2,uniform_without_replacement,uniform_remaining_nonlinks,176,0,176,407,198,198,176,22,0,22,0.111111111111,98,100,0.5,0.844444444444,0.76,0.8,38,7,12,93,0.76,0.93,0.07,0.24,0.844444444444,0.76,0.8,0.873333333333,0.566666666667,0.707692307692,0.709795409826,0.69,99,49,50,0,99,0,49,0,50,23,99,0.195652173913,2.18974518502,8.60869565217,6.6,4.5,4.59979377438,0.534319478842,0.291611769873,4.28989068105,0.996641269334,0.541062801932,2.91445898002,0.677096530713,0.355731225296,1.07629584498,0.491516479791,2.88826011686,2.18974518502,1.07629584498,2.88826011686,0.351612638569,0.458912768647,121,0.0683229813665,0.291765337837,23,23,23,1,0,0.347826086957,0.608695652174,0.0434782608696,23,0.096837944664,2.68071005694,4.26086956522,3.26666666667,2.57894736842,2.94212958284,0.690499800054,0.369121561668,2.2422461917,1.05248290631,0.55900621118,1.65980140724,0.779090456458,0.427684117125,1.7639547418,0.658017728264,5.56808326106,2.68071005694,1.7639547418,5.56808326106,0.2569664903,0.266009852217,18,0.0101637492942,0.108775510204,23,23,23,1,0,0.347826086957,0.478260869565,0.173913043478,23,94,0.185770750988,8.14133936801,8.17391304348,5.52941176471,4.47619047619,4.92352584226,0.602346246659,0.329324699352,3.91863895062,0.958815913449,0.515263644773,2.84306242502,0.695642933782,0.383903792784,4.90328081316,0.602269551915,12.2893573161,8.14133936801,4.90328081316,12.2893573161,0.393969195056,0.51617076326,133,0.0750988142292,0.202077454456,23,23,23,1,0,0.260869565217,0.652173913043,0.0869565217391,-5,-0.0098814229249,5.95159418299,-0.434782608696,-1.07058823529,-0.0238095238095,0.323732067879,0.0680267678173,0.0377129294798,-0.37125173043,-0.0378253558853,-0.025799157159,-0.0713965550029,0.0185464030691,0.028172567488,3.82698496818,0.110753072124,9.40109719929,5.95159418299,3.82698496818,9.40109719929,0.042356556487,0.0572579946127,12,0.00677583286279,-0.0896878833804,-0.0869565217391,0.0434782608696,0.0434782608696,87,7,12,400,0.878787878788,0.982800982801,0.017199017199,0.121212121212,0.925531914894,0.878787878788,0.901554404145,0.878824878862,0.861588861589,0.820754716981,45,50,0,23,23,23,1,0,8,0,0.0386050732335,0,0,1,3.88826011686,0,16,NaN,1,ok,2.18974518502,0,23,23,23,1,0,8,0,0.0391069256865,0,0,1,6.56808326106,0,16,NaN,1,ok,2.68071005694,0,23,23,23,1,0,6,0,0.00829259516999,0,0,1,13.2893573161,0,16,NaN,1,ok,8.14133936801,0,0,0,0
447,WLNM_dir_neg,0.8456,0.783212538376,00:00:00,10,50,47,509133293,fixed,validated_v2,/gpfs/scratch/acw792/wlnm_roleonly_v2_20260910/result_wlnm_dir_neg_roleonly_trophicv2_100x290_train10-90_Apocrita_20260910_011848/ecological_snapshots/Broadstone_Stream_tax_mass_K10_ratio0.5_exp47_seed509133293_threshold0.5_validated_v2.mat,role_only,2,uniform_without_replacement,uniform_remaining_nonlinks,176,0,176,407,198,198,176,22,0,22,0.111111111111,98,100,0.5,0.842105263158,0.64,0.727272727273,32,6,18,94,0.64,0.94,0.06,0.36,0.842105263158,0.64,0.727272727273,0.84,0.582222222222,0.617021276596,0.628654727905,0.58,99,49,50,0,99,0,49,0,50,23,99,0.195652173913,2.18974518502,8.60869565217,6.6,4.5,4.59979377438,0.534319478842,0.291611769873,4.28989068105,0.996641269334,0.541062801932,2.91445898002,0.677096530713,0.355731225296,1.07629584498,0.491516479791,2.88826011686,2.18974518502,1.07629584498,2.88826011686,0.351612638569,0.458912768647,121,0.0683229813665,0.291765337837,23,23,23,1,0,0.347826086957,0.608695652174,0.0434782608696,23,0.096837944664,2.07719474322,4.26086956522,3.5,2.33333333333,2.75049402677,0.645524108324,0.351375332742,2.63377274898,1.23626067809,0.61934338953,1.45553326142,0.683209490054,0.353149955634,1.09571414654,0.527497072729,3.16027874564,2.12615814064,1.09544244532,3.16027874564,0.281337181337,0.296137339056,23,0.012987012987,0.100753809682,23,22,22,0.95652173913,0,0.347826086957,0.565217391304,0.0434782608696,23,87,0.171936758893,3.49283659267,7.5652173913,5.8,4.14285714286,4.57091682624,0.604201649446,0.329335332334,4.13363720248,1.09280063974,0.576711644178,2.29538116738,0.606824906319,0.333833083458,2.03999200237,0.584050226296,5.2177613806,3.60614734689,2.01255325468,5.2177613806,0.387850773565,0.445820433437,96,0.0542066629023,0.182137225888,23,22,22,0.95652173913,0,0.304347826087,0.608695652174,0.0434782608696,-12,-0.0237154150198,1.30309140765,-1.04347826087,-0.8,-0.357142857143,-0.0288769481363,0.0698821706038,0.0377235624612,-0.156253478566,0.0961593704023,0.0356488422455,-0.619077812646,-0.0702716243942,-0.0218981418382,0.963696157383,0.0925337465048,2.32950126374,1.41640216186,0.936257409699,2.32950126374,0.0362381349959,-0.0130923352107,-25,-0.0141163184641,-0.109628111949,-0.0434782608696,0,0,81,6,18,401,0.818181818182,0.985257985258,0.014742014742,0.181818181818,0.931034482759,0.818181818182,0.870967741935,0.844698081016,0.80343980344,0.771428571429,38,50,0,23,23,23,1,0,8,0,0.0386050732335,0,0,1,3.88826011686,0,16,NaN,1,ok,2.18974518502,0,23,22,22,0.95652173913,0,8,0,0.0405934413815,0,0,1,4.16027874564,0,16,NaN,1,ok,2.12615814064,0,23,22,22,0.95652173913,0,7,0,0.0332330218325,0,0,1,6.2177613806,0,16,NaN,1,ok,3.60614734689,0,0,0,0
448,WLNM_dir_neg,0.8642,0.726054966022,00:00:00,10,50,48,509133294,fixed,validated_v2,/gpfs/scratch/acw792/wlnm_roleonly_v2_20260910/result_wlnm_dir_neg_roleonly_trophicv2_100x290_train10-90_Apocrita_20260910_011848/ecological_snapshots/Broadstone_Stream_tax_mass_K10_ratio0.5_exp48_seed509133294_threshold0.5_validated_v2.mat,role_only,2,uniform_without_replacement,uniform_remaining_nonlinks,176,0,176,407,198,198,176,22,0,22,0.111111111111,98,100,0.5,0.807692307692,0.42,0.552631578947,21,5,29,95,0.42,0.95,0.05,0.58,0.807692307692,0.42,0.552631578947,0.773333333333,0.608888888889,0.420454545455,0.460775320283,0.37,99,49,50,0,99,0,49,0,50,23,99,0.195652173913,2.18974518502,8.60869565217,6.6,4.5,4.59979377438,0.534319478842,0.291611769873,4.28989068105,0.996641269334,0.541062801932,2.91445898002,0.677096530713,0.355731225296,1.07629584498,0.491516479791,2.88826011686,2.18974518502,1.07629584498,2.88826011686,0.351612638569,0.458912768647,121,0.0683229813665,0.291765337837,23,23,23,1,0,0.347826086957,0.608695652174,0.0434782608696,23,0.096837944664,1.96385518856,4.26086956522,3.5,2.72222222222,2.9575387695,0.694116241822,0.382431233363,2.43654650957,1.14368509633,0.594498669033,1.96108383359,0.920508738216,0.470275066548,0.942970982754,0.480163195457,2.68925233645,2.10843346684,0.927848841773,2.68925233645,0.19126984127,0.197183098592,14,0.00790513833992,0.182744239887,23,20,20,0.869565217391,0,0.260869565217,0.521739130435,0.0869565217391,23,75,0.148221343874,2.52615955239,6.52173913043,4.41176470588,3.94736842105,4.3366258901,0.664949303148,0.362898550725,3.36043004965,1.03053188189,0.546086956522,2.92663926566,0.897502708136,0.462608695652,1.18569468014,0.469366504987,3.6188997909,2.75508348525,1.09769061313,3.6188997909,0.440087412587,0.419624217119,67,0.0378317334839,0.201931177483,23,20,20,0.869565217391,0,0.130434782609,0.695652173913,0.0434782608696,-24,-0.0474308300395,0.336414367363,-2.08695652174,-2.18823529412,-0.552631578947,-0.263167884279,0.130629824307,0.071286780852,-0.929460631399,0.0338906125578,0.00502415458937,0.0121802856358,0.220406177423,0.106877470356,0.10939883516,-0.0221499748044,0.730639674038,0.565338300222,0.0213947681418,0.730639674038,0.0884747740183,-0.0392885515283,-54,-0.0304912478826,-0.0898341603541,-0.217391304348,0.0869565217391,0,70,5,29,402,0.707070707071,0.987714987715,0.012285012285,0.292929292929,0.933333333333,0.707070707071,0.804597701149,0.77570466481,0.694785694786,0.673076923077,26,50,0,23,23,23,1,0,8,0,0.0386050732335,0,0,1,3.88826011686,0,16,NaN,1,ok,2.18974518502,0,23,20,20,0.869565217391,0,6,0,0.0209226941215,0,0,1,3.68925233645,0,16,NaN,1,ok,2.10843346684,0,23,20,20,0.869565217391,0,3,0,0.0202889066121,0,0,1,4.6188997909,0,16,NaN,1,ok,2.75508348525,0,0,0,0
449,WLNM_dir_neg,0.8573,0.641278329856,00:00:00,10,50,49,509133295,fixed,validated_v2,/gpfs/scratch/acw792/wlnm_roleonly_v2_20260910/result_wlnm_dir_neg_roleonly_trophicv2_100x290_train10-90_Apocrita_20260910_011848/ecological_snapshots/Broadstone_Stream_tax_mass_K10_ratio0.5_exp49_seed509133295_threshold0.5_validated_v2.mat,role_only,2,uniform_without_replacement,uniform_remaining_nonlinks,176,0,176,407,198,198,176,22,0,22,0.111111111111,98,100,0.5,0.8,0.64,0.711111111111,32,8,18,92,0.64,0.92,0.08,0.36,0.8,0.64,0.711111111111,0.826666666667,0.577777777778,0.589473684211,0.596962005796,0.56,99,49,50,0,99,0,49,0,50,23,99,0.195652173913,2.18974518502,8.60869565217,6.6,4.5,4.59979377438,0.534319478842,0.291611769873,4.28989068105,0.996641269334,0.541062801932,2.91445898002,0.677096530713,0.355731225296,1.07629584498,0.491516479791,2.88826011686,2.18974518502,1.07629584498,2.88826011686,0.351612638569,0.458912768647,121,0.0683229813665,0.291765337837,23,23,23,1,0,0.347826086957,0.608695652174,0.0434782608696,23,0.096837944664,1.8229898983,4.26086956522,4.08333333333,2.45,2.73391812247,0.641633845071,0.35669920142,2.56381015866,1.20342109488,0.622892635315,1.57550418557,0.739522372817,0.399290150843,0.916392624725,0.502686616958,2.48351648352,1.86039853004,0.919807444641,2.48351648352,0.13081232493,0.162561576355,11,0.00621118012422,0.135709366391,23,22,22,0.95652173913,0,0.434782608696,0.434782608696,0.0869565217391,23,89,0.175889328063,2.57084497254,7.73913043478,5.93333333333,4.04545454545,4.81680195022,0.622395757613,0.348803126527,4.37247951111,1.12996661523,0.594040058622,2.2422461917,0.579456881001,0.319491939424,1.3338202018,0.518825606385,3.87313843094,2.64224701675,1.31945089239,3.87313843094,0.479404761905,0.508620689655,118,0.0666290231508,0.176949390479,23,22,22,0.95652173913,0,0.304347826087,0.652173913043,0,-10,-0.0197628458498,0.38109978752,-0.869565217391,-0.666666666667,-0.454545454545,0.217008175845,0.0880762787712,0.057191356654,0.0825888300653,0.133325345897,0.05297725669,-0.672212788325,-0.0976396497118,-0.0362392858729,0.257524356819,0.0273091265938,0.984878314081,0.452501831727,0.243155047411,0.984878314081,0.127792123336,0.0497079210079,-3,-0.0016939582157,-0.114815947358,-0.0434782608696,0.0434782608696,-0.0434782608696,81,8,18,399,0.818181818182,0.980343980344,0.019656019656,0.181818181818,0.910112359551,0.818181818182,0.86170212766,0.832033328151,0.798525798526,0.757009345794,40,50,0,23,23,23,1,0,8,0,0.0386050732335,0,0,1,3.88826011686,0,16,NaN,1,ok,2.18974518502,0,23,22,22,0.95652173913,0,10,0,0.0409686683614,0,0,1,3.48351648352,0,16,NaN,1,ok,1.86039853004,0,23,22,22,0.95652173913,0,7,0,0.0228412867554,0,0,1,4.87313843094,0,16,NaN,1,ok,2.64224701675,0,0,0,0
450,WLNM_dir_neg,0.8279,0.671763706274,00:00:01,10,50,50,509133296,fixed,validated_v2,/gpfs/scratch/acw792/wlnm_roleonly_v2_20260910/result_wlnm_dir_neg_roleonly_trophicv2_100x290_train10-90_Apocrita_20260910_011848/ecological_snapshots/Broadstone_Stream_tax_mass_K10_ratio0.5_exp50_seed509133296_threshold0.5_validated_v2.mat,role_only,2,uniform_without_replacement,uniform_remaining_nonlinks,176,0,176,407,198,198,176,22,0,22,0.111111111111,98,100,0.5,0.734693877551,0.72,0.727272727273,36,13,14,87,0.72,0.87,0.13,0.28,0.734693877551,0.72,0.727272727273,0.82,0.557777777778,0.592964824121,0.593032216273,0.59,99,49,50,0,99,0,49,0,50,23,99,0.195652173913,2.18974518502,8.60869565217,6.6,4.5,4.59979377438,0.534319478842,0.291611769873,4.28989068105,0.996641269334,0.541062801932,2.91445898002,0.677096530713,0.355731225296,1.07629584498,0.491516479791,2.88826011686,2.18974518502,1.07629584498,2.88826011686,0.351612638569,0.458912768647,121,0.0683229813665,0.291765337837,23,23,23,1,0,0.347826086957,0.608695652174,0.0434782608696,23,0.096837944664,1.81197075178,4.26086956522,4.08333333333,2.57894736842,2.89541002442,0.67953500573,0.370896184561,2.51005881543,1.17819087255,0.610470275067,1.63218614764,0.76612819175,0.418811002662,0.883704477797,0.48770350014,2.58167170191,1.93376636455,0.885733902023,2.58167170191,0.324394319131,0.408510638298,32,0.0180688876341,0.126998338362,23,20,20,0.869565217391,0,0.347826086957,0.478260869565,0.0434782608696,23,98,0.193675889328,4.55923517413,8.52173913043,6.125,4.66666666667,4.81351851293,0.564851662231,0.313664596273,4.2449691219,0.996268263302,0.541259982254,2.59750564448,0.609618671664,0.334516415262,2.53142842871,0.555230939408,6.96926511552,4.72101859113,2.46629544169,6.96926511552,0.426083007901,0.498039215686,127,0.0717108977979,0.186729251606,23,22,22,0.95652173913,0,0.260869565217,0.652173913043,0.0434782608696,-1,-0.00197628458498,2.3694899891,-0.0869565217391,-0.475,0.166666666667,0.213724738552,0.0305321833897,0.0220528264007,-0.0449215591513,-0.000373006032105,0.000197180321404,-0.316953335541,-0.0674778590483,-0.0212148100347,1.45513258373,0.0637144596166,4.08100499866,2.53127340611,1.38999959671,4.08100499866,0.074470369332,0.039126447039,6,0.00338791643139,-0.10503608623,-0.0869565217391,0.0434782608696,0,85,13,14,394,0.858585858586,0.968058968059,0.031941031941,0.141414141414,0.867346938776,0.858585858586,0.862944162437,0.829832872442,0.826644826645,0.758928571429,49,50,0,23,23,23,1,0,8,0,0.0386050732335,0,0,1,3.88826011686,0,16,NaN,1,ok,2.18974518502,0,23,20,20,0.869565217391,0,8,0,0.0992508157069,0,0,1,3.58167170191,0,16,NaN,1,ok,1.93376636455,0,23,22,22,0.95652173913,0,6,0,0.0178131843574,0,0,1,7.96926511552,0,16,NaN,1,ok,4.72101859113,0,0,0,0
451,WLNM_dir_neg,0.861,0.51019409557,00:00:00,10,50,51,509133297,fixed,validated_v2,/gpfs/scratch/acw792/wlnm_roleonly_v2_20260910/result_wlnm_dir_neg_roleonly_trophicv2_100x290_train10-90_Apocrita_20260910_011848/ecological_snapshots/Broadstone_Stream_tax_mass_K10_ratio0.5_exp51_seed509133297_threshold0.5_validated_v2.mat,role_only,2,uniform_without_replacement,uniform_remaining_nonlinks,176,0,176,407,198,198,176,22,0,22,0.111111111111,98,100,0.5,0.767441860465,0.66,0.709677419355,33,10,17,90,0.66,0.9,0.1,0.34,0.767441860465,0.66,0.709677419355,0.82,0.571111111111,0.580310880829,0.583776908796,0.56,99,49,50,0,99,0,49,0,50,23,99,0.195652173913,2.18974518502,8.60869565217,6.6,4.5,4.59979377438,0.534319478842,0.291611769873,4.28989068105,0.996641269334,0.541062801932,2.91445898002,0.677096530713,0.355731225296,1.07629584498,0.491516479791,2.88826011686,2.18974518502,1.07629584498,2.88826011686,0.351612638569,0.458912768647,121,0.0683229813665,0.291765337837,23,23,23,1,0,0.347826086957,0.608695652174,0.0434782608696,23,0.096837944664,2.04744651484,4.26086956522,3.5,2.57894736842,2.87966840427,0.67584054386,0.370008873114,2.84931168444,1.33743201515,0.645962732919,1.76594934103,0.828914996812,0.436557231588,1.00737363578,0.492014628213,2.68333333333,2.04744651484,1.00737363578,2.68333333333,0.356086070792,0.358565737052,30,0.016939582157,0.114112795019,23,23,23,1,0,0.391304347826,0.434782608696,0.173913043478,23,92,0.181818181818,1,8,5.41176470588,4.38095238095,4.82418151324,0.603022689156,0.329395085066,4.18872946673,1.04718236668,0.557655954631,2.48632624203,0.621581560508,0.341209829868,0,0,0,15.3555808989,10.1577341762,24.2357056348,0.410542597499,0.514032496307,116,0.0654997176736,0.155104213559,23,23,23,1,0,0.260869565217,0.652173913043,0.0869565217391,-7,-0.0138339920949,-1.18974518502,-0.608695652174,-1.18823529412,-0.119047619048,0.224387738867,0.0687032103137,0.0377833151935,-0.101161214317,0.0505410973484,0.016593152699,-0.428132737992,-0.0555149702047,-0.0145213954288,-1.07629584498,-0.491516479791,-2.88826011686,13.1658357139,9.08143833123,21.3474455179,0.05892995893,0.05511972766,-5,-0.00282326369283,-0.136661124278,-0.0869565217391,0.0434782608696,0.0434782608696,82,10,17,397,0.828282828283,0.97542997543,0.02457002457,0.171717171717,0.891304347826,0.828282828283,0.858638743455,0.826649875512,0.803712803713,0.752293577982,43,50,0,23,23,23,1,0,8,0,0.0386050732335,0,0,1,3.88826011686,0,16,NaN,1,ok,2.18974518502,0,23,23,23,1,0,9,0,0.0367788252777,0,0,1,3.68333333333,0,16,NaN,1,ok,2.04744651484,0,23,23,23,1,0,6,0,0.00426428374758,0,0,1,25.2357056348,1,16,NaN,1,ok,NaN,3,0,0,0
452,WLNM_dir_neg,0.8139,0.559460828838,00:00:00,10,50,52,509133298,fixed,validated_v2,/gpfs/scratch/acw792/wlnm_roleonly_v2_20260910/result_wlnm_dir_neg_roleonly_trophicv2_100x290_train10-90_Apocrita_20260910_011848/ecological_snapshots/Broadstone_Stream_tax_mass_K10_ratio0.5_exp52_seed509133298_threshold0.5_validated_v2.mat,role_only,2,uniform_without_replacement,uniform_remaining_nonlinks,176,0,176,407,198,198,176,22,0,22,0.111111111111,98,100,0.5,0.763157894737,0.58,0.659090909091,29,9,21,91,0.58,0.91,0.09,0.42,0.763157894737,0.58,0.659090909091,0.8,0.582222222222,0.521276595745,0.531104856334,0.49,99,49,50,0,99,0,49,0,50,23,99,0.195652173913,2.18974518502,8.60869565217,6.6,4.5,4.59979377438,0.534319478842,0.291611769873,4.28989068105,0.996641269334,0.541062801932,2.91445898002,0.677096530713,0.355731225296,1.07629584498,0.491516479791,2.88826011686,2.18974518502,1.07629584498,2.88826011686,0.351612638569,0.458912768647,121,0.0683229813665,0.291765337837,23,23,23,1,0,0.347826086957,0.608695652174,0.0434782608696,23,0.096837944664,1.88079351413,4.26086956522,3.76923076923,2.72222222222,2.75049402677,0.645524108324,0.350488021295,2.30225872936,1.08065205664,0.573203194321,1.89027049113,0.887269822368,0.477373558119,0.897531807399,0.47720911448,2.50495049505,1.92082958296,0.897385962304,2.50495049505,0.269223985891,0.303964757709,23,0.012987012987,0.142125929626,23,22,22,0.95652173913,0,0.391304347826,0.391304347826,0.173913043478,23,87,0.171936758893,2.3076699868,7.5652173913,6.21428571429,4.35,4.63019817911,0.612037690343,0.338330834583,4.04471059465,1.06929130663,0.570714642679,2.61040787024,0.690107827765,0.384807596202,1.18272996728,0.512521276456,3.27278246521,2.3076699868,1.18272996728,3.27278246521,0.359977648614,0.467532467532,96,0.0542066629023,0.207773575631,23,23,23,1,0,0.391304347826,0.478260869565,0.130434782609,-12,-0.0237154150198,0.117924801778,-1.04347826087,-0.385714285714,-0.15,0.0304044047364,0.0777182115008,0.0467190647101,-0.245180086398,0.0726500372972,0.0296518407463,-0.304051109784,0.0130112970519,0.0290763709055,0.106434122292,0.0210047966645,0.384522348355,0.117924801778,0.106434122292,0.384522348355,0.00836501004485,0.00861969888519,-25,-0.0141163184641,-0.083991762206,0.0434782608696,-0.130434782609,0.0869565217391,78,9,21,398,0.787878787879,0.977886977887,0.022113022113,0.212121212121,0.896551724138,0.787878787879,0.838709677419,0.805089404434,0.765765765766,0.722222222222,38,50,0,23,23,23,1,0,8,0,0.0386050732335,0,0,1,3.88826011686,0,16,NaN,1,ok,2.18974518502,0,23,22,22,0.95652173913,0,9,0,0.0632101071104,0,0,1,3.50495049505,0,16,NaN,1,ok,1.92082958296,0,23,23,23,1,0,9,0,0.0570673179084,0,0,1,4.27278246521,0,16,NaN,1,ok,2.3076699868,0,0,0,0
453,WLNM_dir_neg,0.824,0.67917387174,00:00:00,10,50,53,509133299,fixed,validated_v2,/gpfs/scratch/acw792/wlnm_roleonly_v2_20260910/result_wlnm_dir_neg_roleonly_trophicv2_100x290_train10-90_Apocrita_20260910_011848/ecological_snapshots/Broadstone_Stream_tax_mass_K10_ratio0.5_exp53_seed509133299_threshold0.5_validated_v2.mat,role_only,2,uniform_without_replacement,uniform_remaining_nonlinks,176,0,176,407,198,198,176,22,0,22,0.111111111111,98,100,0.5,0.783783783784,0.58,0.666666666667,29,8,21,92,0.58,0.92,0.08,0.42,0.783783783784,0.58,0.666666666667,0.806666666667,0.584444444444,0.534759358289,0.546782898333,0.5,99,49,50,0,99,0,49,0,50,23,99,0.195652173913,2.18974518502,8.60869565217,6.6,4.5,4.59979377438,0.534319478842,0.291611769873,4.28989068105,0.996641269334,0.541062801932,2.91445898002,0.677096530713,0.355731225296,1.07629584498,0.491516479791,2.88826011686,2.18974518502,1.07629584498,2.88826011686,0.351612638569,0.458912768647,121,0.0683229813665,0.291765337837,23,23,23,1,0,0.347826086957,0.608695652174,0.0434782608696,23,0.096837944664,2.34938462033,4.26086956522,3.5,2.45,2.57994699213,0.60549776346,0.33007985803,2.28242988195,1.07134463847,0.571428571429,1.39167485185,0.653235134543,0.358473824312,1.48840860796,0.633531263922,4.27272727273,2.47789744131,1.49581783479,4.27272727273,0.164285714286,0.213114754098,13,0.00734048560136,0.108490319205,23,21,21,0.913043478261,0,0.304347826087,0.565217391304,0.0434782608696,23,86,0.169960474308,5.09524290991,7.47826086957,4.77777777778,4.09523809524,3.80035363447,0.508186823214,0.282608695652,3.74429737679,1.00138185658,0.531850353893,2.13663693484,0.571426156991,0.30131445905,2.85703133644,0.560725246462,7.88646894548,5.28139031491,2.77784160757,7.88646894548,0.311504656959,0.340101522843,67,0.0378317334839,0.144994817861,23,22,22,0.95652173913,0,0.173913043478,0.739130434783,0.0434782608696,-13,-0.0256916996047,2.90549772488,-1.13043478261,-1.82222222222,-0.404761904762,-0.799440139906,-0.0261326556277,-0.00900307422047,-0.545593304255,0.00474058724964,-0.00921244803955,-0.777822045189,-0.105670373722,-0.0544167662469,1.78073549146,0.0692087666704,4.99820882862,3.09164512988,1.70154576258,4.99820882862,-0.04010798161,-0.118811245805,-54,-0.0304912478826,-0.146770519976,-0.173913043478,0.130434782609,0,78,8,21,399,0.787878787879,0.980343980344,0.019656019656,0.212121212121,0.906976744186,0.787878787879,0.843243243243,0.81138711274,0.768222768223,0.728971962617,37,50,0,23,23,23,1,0,8,0,0.0386050732335,0,0,1,3.88826011686,0,16,NaN,1,ok,2.18974518502,0,23,21,21,0.913043478261,0,7,0,0.034937853615,0,0,1,5.27272727273,0,16,NaN,1,ok,2.47789744131,0,23,22,22,0.95652173913,0,4,0,0.0100744981449,0,0,1,8.88646894548,0,16,NaN,1,ok,5.28139031491,0,0,0,0
454,WLNM_dir_neg,0.854,0.479812175622,00:00:00,10,50,54,509133300,fixed,validated_v2,/gpfs/scratch/acw792/wlnm_roleonly_v2_20260910/result_wlnm_dir_neg_roleonly_trophicv2_100x290_train10-90_Apocrita_20260910_011848/ecological_snapshots/Broadstone_Stream_tax_mass_K10_ratio0.5_exp54_seed509133300_threshold0.5_validated_v2.mat,role_only,2,uniform_without_replacement,uniform_remaining_nonlinks,176,0,176,407,198,198,176,22,0,22,0.111111111111,98,100,0.5,0.820512820513,0.64,0.719101123596,32,7,18,93,0.64,0.93,0.07,0.36,0.820512820513,0.64,0.719101123596,0.833333333333,0.58,0.603174603175,0.612584586208,0.57,99,49,50,0,99,0,49,0,50,23,99,0.195652173913,2.18974518502,8.60869565217,6.6,4.5,4.59979377438,0.534319478842,0.291611769873,4.28989068105,0.996641269334,0.541062801932,2.91445898002,0.677096530713,0.355731225296,1.07629584498,0.491516479791,2.88826011686,2.18974518502,1.07629584498,2.88826011686,0.351612638569,0.458912768647,121,0.0683229813665,0.291765337837,23,23,23,1,0,0.347826086957,0.608695652174,0.0434782608696,23,0.096837944664,1.80262249827,4.26086956522,4.08333333333,2.88235294118,2.41618390526,0.567063569602,0.315882874889,2.65097491203,1.24433516279,0.635314995563,1.76594934103,0.828914996812,0.454303460515,0.897630512287,0.497958121097,2.66666666667,1.80262249827,0.897630512287,2.66666666667,0.131829573935,0.169811320755,12,0.00677583286279,0.138871019553,23,23,23,1,0,0.478260869565,0.260869565217,0.260869565217,23,88,0.173913043478,2.75381091475,7.65217391304,6.28571428571,4,4.55879465381,0.595751574078,0.322628458498,4.4174465466,1.15455989286,0.604743083004,2.18782112267,0.571816884335,0.313241106719,1.52970879466,0.555487955426,3.79178537512,2.75381091475,1.52970879466,3.79178537512,0.353908212999,0.382581648523,82,0.0463015245624,0.201855539598,23,23,23,1,0,0.391304347826,0.565217391304,0.0434782608696,-11,-0.0217391304348,0.564065729724,-0.95652173913,-0.314285714286,-0.5,-0.0409991205621,0.0614320952363,0.0310166886254,0.127555865556,0.157918623528,0.0636802810716,-0.72663785735,-0.105279646377,-0.0424901185771,0.45341294968,0.0639714756344,0.903525258261,0.564065729724,0.45341294968,0.903525258261,0.00229557442996,-0.0763311201247,-39,-0.0220214568041,-0.0899097982388,0.0434782608696,-0.0434782608696,0,81,7,18,400,0.818181818182,0.982800982801,0.017199017199,0.181818181818,0.920454545455,0.818181818182,0.866310160428,0.8383174683,0.800982800983,0.764150943396,39,50,0,23,23,23,1,0,8,0,0.0386050732335,0,0,1,3.88826011686,0,16,NaN,1,ok,2.18974518502,0,23,23,23,1,0,11,0,0.0847477170003,0,0,1,3.66666666667,0,16,NaN,1,ok,1.80262249827,0,23,23,23,1,0,9,0,0.0237023210053,0,0,1,4.79178537512,0,16,NaN,1,ok,2.75381091475,0,0,0,0
455,WLNM_dir_neg,0.9273,0.72407904303,00:00:00,10,50,55,509133301,fixed,validated_v2,/gpfs/scratch/acw792/wlnm_roleonly_v2_20260910/result_wlnm_dir_neg_roleonly_trophicv2_100x290_train10-90_Apocrita_20260910_011848/ecological_snapshots/Broadstone_Stream_tax_mass_K10_ratio0.5_exp55_seed509133301_threshold0.5_validated_v2.mat,role_only,2,uniform_without_replacement,uniform_remaining_nonlinks,176,0,176,407,198,198,176,22,0,22,0.111111111111,98,100,0.5,0.833333333333,0.7,0.760869565217,35,7,15,93,0.7,0.93,0.07,0.3,0.833333333333,0.7,0.760869565217,0.853333333333,0.573333333333,0.65625,0.661437827766,0.63,99,49,50,0,99,0,49,0,50,23,99,0.195652173913,2.18974518502,8.60869565217,6.6,4.5,4.59979377438,0.534319478842,0.291611769873,4.28989068105,0.996641269334,0.541062801932,2.91445898002,0.677096530713,0.355731225296,1.07629584498,0.491516479791,2.88826011686,2.18974518502,1.07629584498,2.88826011686,0.351612638569,0.458912768647,121,0.0683229813665,0.291765337837,23,23,23,1,0,0.347826086957,0.608695652174,0.0434782608696,23,0.096837944664,2.05377972341,4.26086956522,3.5,2.57894736842,2.91106652284,0.683209490054,0.38065661047,2.39894575,1.12603576021,0.587400177462,1.93776693941,0.9095640736,0.461401952085,1.03829772311,0.505554569106,2.71281464531,2.15413969707,1.03162370897,2.71281464531,0.288536155203,0.327731092437,26,0.0146809712027,0.140123765124,23,21,21,0.913043478261,0,0.304347826087,0.521739130435,0.0869565217391,23,91,0.179841897233,4.77344795759,7.91304347826,6.06666666667,4.55,5.10715223511,0.645409348393,0.359292881032,4.60709197246,1.16442983919,0.606784519828,2.61947706213,0.662065631089,0.363115145724,3.36056708442,0.70401251135,8.47644603459,5.13282395355,3.29594487683,8.47644603459,0.453696832268,0.52719665272,126,0.0711462450593,0.211219940968,23,21,21,0.913043478261,0,0.260869565217,0.608695652174,0.0434782608696,-8,-0.0158102766798,2.58370277256,-0.695652173913,-0.533333333333,0.05,0.507358460731,0.111089869551,0.0676811111594,0.317201291411,0.167788569858,0.0657217178956,-0.294981917889,-0.0150308996237,0.0073839204274,2.28427123944,0.212496031559,5.58818591773,2.94307876852,2.21964903185,5.58818591773,0.102084193699,0.0682838840724,5,0.00282326369283,-0.0805453968689,-0.0869565217391,0,0,84,7,15,400,0.848484848485,0.982800982801,0.017199017199,0.151515151515,0.923076923077,0.848484848485,0.884210526316,0.8586584254,0.831285831286,0.792452830189,42,50,0,23,23,23,1,0,8,0,0.0386050732335,0,0,1,3.88826011686,0,16,NaN,1,ok,2.18974518502,0,23,21,21,0.913043478261,0,7,0,0.0229633844806,0,0,1,3.71281464531,0,16,NaN,1,ok,2.15413969707,0,23,21,21,0.913043478261,0,6,0,0.01012176278,0,0,1,9.47644603459,0,16,NaN,1,ok,5.13282395355,0,0,0,0
456,WLNM_dir_neg,0.8867,0.640931435364,00:00:00,10,50,56,509133302,fixed,validated_v2,/gpfs/scratch/acw792/wlnm_roleonly_v2_20260910/result_wlnm_dir_neg_roleonly_trophicv2_100x290_train10-90_Apocrita_20260910_011848/ecological_snapshots/Broadstone_Stream_tax_mass_K10_ratio0.5_exp56_seed509133302_threshold0.5_validated_v2.mat,role_only,2,uniform_without_replacement,uniform_remaining_nonlinks,176,0,176,407,198,198,176,22,0,22,0.111111111111,98,100,0.5,0.767441860465,0.66,0.709677419355,33,10,17,90,0.66,0.9,0.1,0.34,0.767441860465,0.66,0.709677419355,0.82,0.571111111111,0.580310880829,0.583776908796,0.56,99,49,50,0,99,0,49,0,50,23,99,0.195652173913,2.18974518502,8.60869565217,6.6,4.5,4.59979377438,0.534319478842,0.291611769873,4.28989068105,0.996641269334,0.541062801932,2.91445898002,0.677096530713,0.355731225296,1.07629584498,0.491516479791,2.88826011686,2.18974518502,1.07629584498,2.88826011686,0.351612638569,0.458912768647,121,0.0683229813665,0.291765337837,23,23,23,1,0,0.347826086957,0.608695652174,0.0434782608696,23,0.096837944664,2.37733033263,4.26086956522,3.26666666667,2.57894736842,2.81582203893,0.660856192811,0.364685004437,2.3799226081,1.11710653033,0.583850931677,1.84154944213,0.864400758553,0.456078083407,1.43581284415,0.603960175176,4.33333333333,2.37733033263,1.43581284415,4.33333333333,0.162324929972,0.161764705882,11,0.00621118012422,0.140258022401,23,23,23,1,0,0.347826086957,0.478260869565,0.173913043478,23,92,0.181818181818,8.82564116664,8,5.11111111111,4.6,4.61223668871,0.576529586089,0.316162570888,3.98862017609,0.997155044022,0.530245746692,2.74689907813,0.686724769534,0.370510396975,5.36539768935,0.607932906862,13.8687811468,8.82564116664,5.36539768935,13.8687811468,0.387594289768,0.430599369085,91,0.0513833992095,0.173542094772,23,23,23,1,0,0.217391304348,0.652173913043,0.130434782609,-7,-0.0138339920949,6.63589598161,-0.608695652174,-1.48888888889,0.1,0.0124429143377,0.0422101072476,0.0245508010158,-0.30127050496,0.000513774687624,-0.0108170552405,-0.16755990189,0.0096282388208,0.014779171679,4.28910184437,0.11641642707,10.9805210299,6.63589598161,4.28910184437,10.9805210299,0.035981651199,-0.0283133995621,-30,-0.016939582157,-0.118223243064,-0.130434782609,0.0434782608696,0.0869565217391,82,10,17,397,0.828282828283,0.97542997543,0.02457002457,0.171717171717,0.891304347826,0.828282828283,0.858638743455,0.826649875512,0.803712803713,0.752293577982,43,50,0,23,23,23,1,0,8,0,0.0386050732335,0,0,1,3.88826011686,0,16,NaN,1,ok,2.18974518502,0,23,23,23,1,0,8,0,0.0191271497143,0,0,1,5.33333333333,0,16,NaN,1,ok,2.37733033263,0,23,23,23,1,0,5,0,0.00500985859902,0,0,1,14.8687811468,0,16,NaN,1,ok,8.82564116664,0,0,0,0
457,WLNM_dir_neg,0.8308,0.587784342523,00:00:00,10,50,57,509133303,fixed,validated_v2,/gpfs/scratch/acw792/wlnm_roleonly_v2_20260910/result_wlnm_dir_neg_roleonly_trophicv2_100x290_train10-90_Apocrita_20260910_011848/ecological_snapshots/Broadstone_Stream_tax_mass_K10_ratio0.5_exp57_seed509133303_threshold0.5_validated_v2.mat,role_only,2,uniform_without_replacement,uniform_remaining_nonlinks,176,0,176,407,198,198,176,22,0,22,0.111111111111,98,100,0.5,0.837837837838,0.62,0.712643678161,31,6,19,94,0.62,0.94,0.06,0.38,0.837837837838,0.62,0.712643678161,0.833333333333,0.584444444444,0.598930481283,0.612396846133,0.56,99,49,50,0,99,0,49,0,50,23,99,0.195652173913,2.18974518502,8.60869565217,6.6,4.5,4.59979377438,0.534319478842,0.291611769873,4.28989068105,0.996641269334,0.541062801932,2.91445898002,0.677096530713,0.355731225296,1.07629584498,0.491516479791,2.88826011686,2.18974518502,1.07629584498,2.88826011686,0.351612638569,0.458912768647,121,0.0683229813665,0.291765337837,23,23,23,1,0,0.347826086957,0.608695652174,0.0434782608696,23,0.096837944664,2.25381078097,4.26086956522,3.26666666667,3.0625,2.79963295166,0.657056713145,0.36379769299,1.93776693941,0.9095640736,0.49157054126,2.20132909906,1.03327692405,0.521739130435,1.15010851881,0.510295064928,3.10255715189,2.37322133154,1.13262906308,3.10255715189,0.292439431913,0.324675324675,25,0.0141163184641,0.15485260771,23,21,21,0.913043478261,0,0.260869565217,0.434782608696,0.217391304348,23,86,0.169960474308,2.29613188751,7.47826086957,5.73333333333,5.375,4.40938632318,0.58962724089,0.329625884732,3.41410698166,0.913075123002,0.498483316481,3.29210337991,0.880446252767,0.479271991911,1.19827637114,0.521867396929,3.0719364291,2.41957301965,1.18129484129,3.0719364291,0.355455919742,0.481418918919,95,0.0536420101637,0.285285032428,23,21,21,0.913043478261,0,0.260869565217,0.434782608696,0.217391304348,-13,-0.0256916996047,0.106386702483,-1.13043478261,-0.866666666667,0.875,-0.190407451198,0.0553077620484,0.0380141148594,-0.875783699388,-0.0835661463324,-0.0425794854511,0.377644399888,0.203349722055,0.123540766615,0.121980526156,0.0303509171379,0.183676312242,0.229827834627,0.104998996305,0.183676312242,0.00384328117247,0.0225061502716,-26,-0.0146809712027,-0.00648030540888,-0.0869565217391,-0.173913043478,0.173913043478,80,6,19,401,0.808080808081,0.985257985258,0.014742014742,0.191919191919,0.93023255814,0.808080808081,0.864864864865,0.837914338885,0.793338793339,0.761904761905,37,50,0,23,23,23,1,0,8,0,0.0386050732335,0,0,1,3.88826011686,0,16,NaN,1,ok,2.18974518502,0,23,21,21,0.913043478261,0,6,0,0.0306339475666,0,0,1,4.10255715189,0,16,NaN,1,ok,2.37322133154,0,23,21,21,0.913043478261,0,6,0,0.0364133679348,0,0,1,4.0719364291,0,16,NaN,1,ok,2.41957301965,0,0,0,0
458,WLNM_dir_neg,0.8596,0.770711626413,00:00:00,10,50,58,509133304,fixed,validated_v2,/gpfs/scratch/acw792/wlnm_roleonly_v2_20260910/result_wlnm_dir_neg_roleonly_trophicv2_100x290_train10-90_Apocrita_20260910_011848/ecological_snapshots/Broadstone_Stream_tax_mass_K10_ratio0.5_exp58_seed509133304_threshold0.5_validated_v2.mat,role_only,2,uniform_without_replacement,uniform_remaining_nonlinks,176,0,176,407,198,198,176,22,0,22,0.111111111111,98,100,0.5,0.80487804878,0.66,0.725274725275,33,8,17,92,0.66,0.92,0.08,0.34,0.80487804878,0.66,0.725274725275,0.833333333333,0.575555555556,0.607329842932,0.613490466671,0.58,99,49,50,0,99,0,49,0,50,23,99,0.195652173913,2.18974518502,8.60869565217,6.6,4.5,4.59979377438,0.534319478842,0.291611769873,4.28989068105,0.996641269334,0.541062801932,2.91445898002,0.677096530713,0.355731225296,1.07629584498,0.491516479791,2.88826011686,2.18974518502,1.07629584498,2.88826011686,0.351612638569,0.458912768647,121,0.0683229813665,0.291765337837,23,23,23,1,0,0.347826086957,0.608695652174,0.0434782608696,23,0.096837944664,1.92113430086,4.26086956522,4.08333333333,2.45,2.6665843202,0.625831013925,0.336291038154,2.32191824745,1.0898799937,0.576752440106,1.48643404361,0.697713938838,0.372670807453,0.985265389215,0.512856070903,2.49687391455,1.96300404181,0.987285780581,2.49687391455,0.2225,0.25,15,0.00846979107849,0.126088263588,23,22,22,0.95652173913,0,0.434782608696,0.434782608696,0.0869565217391,23,90,0.177865612648,2.17112954271,7.82608695652,6.42857142857,4.5,4.5091036593,0.576163245354,0.314009661836,4.14414201536,1.05905851504,0.568115942029,2.55686319679,0.653420594736,0.363285024155,1.03093670301,0.474838871994,2.52491655953,2.17112954271,1.03093670301,2.52491655953,0.379424111242,0.462662337662,95,0.0536420101637,0.221246094816,23,23,23,1,0,0.391304347826,0.478260869565,0.130434782609,-9,-0.0177865612648,-0.018615642315,-0.782608695652,-0.171428571429,0,-0.0906901150811,0.0418437665127,0.0223978919631,-0.145748665686,0.0624172457024,0.0270531400966,-0.357595783231,-0.0236759359768,0.00755379885815,-0.0453591419704,-0.0166776077974,-0.363343557326,-0.018615642315,-0.0453591419704,-0.363343557326,0.0278114726731,0.00374956901506,-26,-0.0146809712027,-0.0705192430209,0.0434782608696,-0.130434782609,0.0869565217391,82,8,17,399,0.828282828283,0.980343980344,0.019656019656,0.171717171717,0.911111111111,0.828282828283,0.867724867725,0.838870684037,0.808626808627,0.766355140187,41,50,0,23,23,23,1,0,8,0,0.0386050732335,0,0,1,3.88826011686,0,16,NaN,1,ok,2.18974518502,0,23,22,22,0.95652173913,0,10,0,0.108114536066,0,0,1,3.49687391455,0,16,NaN,1,ok,1.96300404181,0,23,23,23,1,0,9,0,0.0645696890103,0,0,1,3.52491655953,0,16,NaN,1,ok,2.17112954271,0,0,0,0
459,WLNM_dir_neg,0.8523,0.638907926911,00:00:00,10,50,59,509133305,fixed,validated_v2,/gpfs/scratch/acw792/wlnm_roleonly_v2_20260910/result_wlnm_dir_neg_roleonly_trophicv2_100x290_train10-90_Apocrita_20260910_011848/ecological_snapshots/Broadstone_Stream_tax_mass_K10_ratio0.5_exp59_seed509133305_threshold0.5_validated_v2.mat,role_only,2,uniform_without_replacement,uniform_remaining_nonlinks,176,0,176,407,198,198,176,22,0,22,0.111111111111,98,100,0.5,0.85,0.68,0.755555555556,34,6,16,94,0.68,0.94,0.06,0.32,0.85,0.68,0.755555555556,0.853333333333,0.577777777778,0.652631578947,0.660922220702,0.62,99,49,50,0,99,0,49,0,50,23,99,0.195652173913,2.18974518502,8.60869565217,6.6,4.5,4.59979377438,0.534319478842,0.291611769873,4.28989068105,0.996641269334,0.541062801932,2.91445898002,0.677096530713,0.355731225296,1.07629584498,0.491516479791,2.88826011686,2.18974518502,1.07629584498,2.88826011686,0.351612638569,0.458912768647,121,0.0683229813665,0.291765337837,23,23,23,1,0,0.347826086957,0.608695652174,0.0434782608696,23,0.096837944664,2.16471609606,4.26086956522,3.5,2.57894736842,3.00329200143,0.704854245233,0.393078970719,2.5281029148,1.18666055185,0.59272404614,2.05170323537,0.963044375784,0.49157054126,1.11213826714,0.513757101529,2.87768115942,2.33942351047,1.08895384826,2.87768115942,0.298692810458,0.27731092437,22,0.0124223602484,0.158456622742,23,20,20,0.869565217391,0,0.260869565217,0.565217391304,0.0434782608696,23,89,0.175889328063,1,7.73913043478,5.5625,4.68421052632,5.56953883601,0.719659512518,0.395212506106,4.03737479768,1.04336652075,0.549096238398,3.40192923643,0.87915025211,0.48070346849,0,0,0,77.7832310144,43.069186571,112.394349107,0.560770223928,0.598240469208,136,0.0767927724449,0.256653416028,23,20,20,0.869565217391,0,0.173913043478,0.652173913043,0.0434782608696,-10,-0.0197628458498,-1.18974518502,-0.869565217391,-1.0375,0.184210526316,0.969745061635,0.185340033677,0.103600736234,-0.25251588337,0.0467252514138,0.00803343646529,0.487470256401,0.202053721397,0.124972243194,-1.07629584498,-0.491516479791,-2.88826011686,75.5934858294,41.992890726,109.50608899,0.209157585359,0.139327700561,15,0.00846979107849,-0.0351119218084,-0.173913043478,0.0434782608696,0,83,6,16,401,0.838383838384,0.985257985258,0.014742014742,0.161616161616,0.932584269663,0.838383838384,0.882978723404,0.85820326531,0.823641823642,0.790476190476,40,50,0,23,23,23,1,0,8,0,0.0386050732335,0,0,1,3.88826011686,0,16,NaN,1,ok,2.18974518502,0,23,20,20,0.869565217391,0,6,0,0.0258810335159,0,0,1,3.87768115942,0,16,NaN,1,ok,2.33942351047,0,23,20,20,0.869565217391,0,4,0,0.000579340540259,0,0,1,113.394349107,1,16,NaN,1,ok,NaN,3,0,0,0
460,WLNM_dir_neg,0.8226,0.699735455207,00:00:00,10,50,60,509133306,fixed,validated_v2,/gpfs/scratch/acw792/wlnm_roleonly_v2_20260910/result_wlnm_dir_neg_roleonly_trophicv2_100x290_train10-90_Apocrita_20260910_011848/ecological_snapshots/Broadstone_Stream_tax_mass_K10_ratio0.5_exp60_seed509133306_threshold0.5_validated_v2.mat,role_only,2,uniform_without_replacement,uniform_remaining_nonlinks,176,0,176,407,198,198,176,22,0,22,0.111111111111,98,100,0.5,0.88,0.44,0.586666666667,22,3,28,97,0.44,0.97,0.03,0.56,0.88,0.44,0.586666666667,0.793333333333,0.611111111111,0.468571428571,0.518613536268,0.41,99,49,50,0,99,0,49,0,50,23,99,0.195652173913,2.18974518502,8.60869565217,6.6,4.5,4.59979377438,0.534319478842,0.291611769873,4.28989068105,0.996641269334,0.541062801932,2.91445898002,0.677096530713,0.355731225296,1.07629584498,0.491516479791,2.88826011686,2.18974518502,1.07629584498,2.88826011686,0.351612638569,0.458912768647,121,0.0683229813665,0.291765337837,23,23,23,1,0,0.347826086957,0.608695652174,0.0434782608696,23,0.096837944664,2.17718491513,4.26086956522,3.5,3.0625,3.37392934269,0.79184056002,0.434782608696,2.3799226081,1.11710653033,0.58562555457,2.28242988195,1.07134463847,0.560780834073,1.19285153723,0.547887103635,3.48490338164,2.3537626524,1.18149767708,3.48490338164,0.399404761905,0.461538461538,34,0.0191981931112,0.179312750741,23,20,20,0.869565217391,0,0.260869565217,0.434782608696,0.173913043478,23,74,0.146245059289,1,6.4347826087,4.625,4.11111111111,4.67902560715,0.727145871382,0.400117508813,3.48967987252,1.08463023065,0.572267920094,2.93809650406,0.913192156669,0.497062279671,0,0,0,NaN,NaN,NaN,0.483389450056,0.603982300885,91,0.0513833992095,0.199310007123,23,22,0,0.95652173913,7,0.260869565217,0.521739130435,0.173913043478,-25,-0.0494071146245,-1.18974518502,-2.17391304348,-1.975,-0.388888888889,0.0792318327778,0.19282639254,0.108505738941,-0.800210808531,0.0879889613129,0.0312051181616,0.0236375240397,0.236095625956,0.141331054375,-1.07629584498,-0.491516479791,-2.88826011686,NaN,NaN,NaN,0.131776811487,0.145069532238,-30,-0.016939582157,-0.0924553307143,-0.0869565217391,-0.0869565217391,0.130434782609,71,3,28,404,0.717171717172,0.992628992629,0.00737100737101,0.282828282828,0.959459459459,0.717171717172,0.820809248555,0.796881047452,0.709800709801,0.696078431373,25,50,0,23,23,23,1,0,8,0,0.0386050732335,0,0,1,3.88826011686,0,16,NaN,1,ok,2.18974518502,0,23,20,20,0.869565217391,0,6,0,0.0198008865304,0,0,1,4.48490338164,0,16,NaN,1,ok,2.3537626524,0,23,22,0,0.95652173913,7,6,14,NaN,NaN,NaN,NaN,NaN,0,0,NaN,0,basal_unreachable_in_lcc,NaN,2,0,0,0
461,WLNM_dir_neg,0.88,0.799110082003,00:00:00,10,50,61,509133307,fixed,validated_v2,/gpfs/scratch/acw792/wlnm_roleonly_v2_20260910/result_wlnm_dir_neg_roleonly_trophicv2_100x290_train10-90_Apocrita_20260910_011848/ecological_snapshots/Broadstone_Stream_tax_mass_K10_ratio0.5_exp61_seed509133307_threshold0.5_validated_v2.mat,role_only,2,uniform_without_replacement,uniform_remaining_nonlinks,176,0,176,407,198,198,176,22,0,22,0.111111111111,98,100,0.5,0.833333333333,0.6,0.697674418605,30,6,20,94,0.6,0.94,0.06,0.4,0.833333333333,0.6,0.697674418605,0.826666666667,0.586666666667,0.58064516129,0.596039560679,0.54,99,49,50,0,99,0,49,0,50,23,99,0.195652173913,2.18974518502,8.60869565217,6.6,4.5,4.59979377438,0.534319478842,0.291611769873,4.28989068105,0.996641269334,0.541062801932,2.91445898002,0.677096530713,0.355731225296,1.07629584498,0.491516479791,2.88826011686,2.18974518502,1.07629584498,2.88826011686,0.351612638569,0.458912768647,121,0.0683229813665,0.291765337837,23,23,23,1,0,0.347826086957,0.608695652174,0.0434782608696,23,0.096837944664,2.03238935465,4.26086956522,3.5,2.45,2.87966840427,0.67584054386,0.357586512866,2.4918840595,1.16965986466,0.599822537711,1.68696467135,0.79184056002,0.417036379769,0.989584126983,0.486906765536,2.6644245142,2.03238935465,0.989584126983,2.6644245142,0.342445887446,0.293333333333,22,0.0124223602484,0.114115219335,23,23,23,1,0,0.391304347826,0.478260869565,0.130434782609,23,85,0.167984189723,2.93743050613,7.39130434783,4.72222222222,3.86363636364,4.22911048497,0.572173771496,0.317647058824,3.88978595589,1.05253031748,0.554475703325,2.88309780695,0.780132347762,0.4,1.4052842726,0.478405963874,4,2.93743050613,1.4052842726,4,0.393299212864,0.39336492891,83,0.046866177301,0.21126351755,23,23,23,1,0,0.217391304348,0.739130434783,0.0434782608696,-14,-0.0276679841897,0.747685321104,-1.21739130435,-1.87777777778,-0.636363636364,-0.370683289409,0.037854292654,0.0260352889509,-0.400104725161,0.0558890481409,0.0134129013924,-0.0313611730767,0.10303581705,0.0442687747036,0.328988427615,-0.0131105159169,1.11173988314,0.747685321104,0.328988427615,1.11173988314,0.0416865742953,-0.0655478397373,-38,-0.0214568040655,-0.0805018202872,-0.130434782609,0.130434782609,0,79,6,20,401,0.79797979798,0.985257985258,0.014742014742,0.20202020202,0.929411764706,0.79797979798,0.858695652174,0.831108876468,0.783237783238,0.752380952381,36,50,0,23,23,23,1,0,8,0,0.0386050732335,0,0,1,3.88826011686,0,16,NaN,1,ok,2.18974518502,0,23,23,23,1,0,9,0,0.048250717109,0,0,1,3.6644245142,0,16,NaN,1,ok,2.03238935465,0,23,23,23,1,0,5,0,0.00958458041056,0,0,1,5,0,16,NaN,1,ok,2.93743050613,0,0,0,0
462,WLNM_dir_neg,0.9017,0.795921635532,00:00:00,10,50,62,509133308,fixed,validated_v2,/gpfs/scratch/acw792/wlnm_roleonly_v2_20260910/result_wlnm_dir_neg_roleonly_trophicv2_100x290_train10-90_Apocrita_20260910_011848/ecological_snapshots/Broadstone_Stream_tax_mass_K10_ratio0.5_exp62_seed509133308_threshold0.5_validated_v2.mat,role_only,2,uniform_without_replacement,uniform_remaining_nonlinks,176,0,176,407,198,198,176,22,0,22,0.111111111111,98,100,0.5,0.931034482759,0.54,0.683544303797,27,2,23,98,0.54,0.98,0.02,0.46,0.931034482759,0.54,0.683544303797,0.833333333333,0.602222222222,0.581005586592,0.620721318973,0.52,99,49,50,0,99,0,49,0,50,23,99,0.195652173913,2.18974518502,8.60869565217,6.6,4.5,4.59979377438,0.534319478842,0.291611769873,4.28989068105,0.996641269334,0.541062801932,2.91445898002,0.677096530713,0.355731225296,1.07629584498,0.491516479791,2.88826011686,2.18974518502,1.07629584498,2.88826011686,0.351612638569,0.458912768647,121,0.0683229813665,0.291765337837,23,23,23,1,0,0.347826086957,0.608695652174,0.0434782608696,23,0.096837944664,1.98163567486,4.26086956522,3.76923076923,2.45,2.50848362932,0.588725749739,0.326530612245,2.2422461917,1.05248290631,0.55900621118,1.60409554879,0.752942808615,0.401064773736,1.01566571249,0.512539073341,2.96904024768,2.02625547827,1.01623210418,2.96904024768,0.150626566416,0.188405797101,13,0.00734048560136,0.138018925519,23,22,22,0.95652173913,0,0.391304347826,0.478260869565,0.0869565217391,23,78,0.154150197628,2.02320057709,6.78260869565,6,3.39130434783,4.51217063003,0.665255926222,0.362876254181,4.12022870542,1.21493923365,0.622073578595,2.03914265484,0.601285654633,0.319955406912,1.05651778379,0.522201207212,2.73553672926,2.02320057709,1.05651778379,2.73553672926,0.350648293505,0.495511669659,92,0.0519480519481,0.195536119235,23,23,23,1,0,0.434782608696,0.565217391304,0,-21,-0.0415019762846,-0.166544607939,-1.82608695652,-0.6,-1.10869565217,-0.0876231443514,0.13093644738,0.071264484308,-0.169661975626,0.218297964316,0.081010776663,-0.875316325182,-0.0758108760797,-0.0357758183845,-0.0197780611973,0.0306847274206,-0.152723387601,-0.166544607939,-0.0197780611973,-0.152723387601,-0.000964345063724,0.0365989010116,-29,-0.0163749294184,-0.0962292186016,0.0869565217391,-0.0434782608696,-0.0434782608696,76,2,23,405,0.767676767677,0.995085995086,0.004914004914,0.232323232323,0.974358974359,0.767676767677,0.858757062147,0.837982789493,0.762762762763,0.752475247525,29,50,0,23,23,23,1,0,8,0,0.0386050732335,0,0,1,3.88826011686,0,16,NaN,1,ok,2.18974518502,0,23,22,22,0.95652173913,0,9,0,0.047200301772,0,0,1,3.96904024768,0,16,NaN,1,ok,2.02625547827,0,23,23,23,1,0,10,0,0.0438004366001,0,0,1,3.73553672926,0,16,NaN,1,ok,2.02320057709,0,0,0,0
463,WLNM_dir_neg,0.8489,0.69830489092,00:00:00,10,50,63,509133309,fixed,validated_v2,/gpfs/scratch/acw792/wlnm_roleonly_v2_20260910/result_wlnm_dir_neg_roleonly_trophicv2_100x290_train10-90_Apocrita_20260910_011848/ecological_snapshots/Broadstone_Stream_tax_mass_K10_ratio0.5_exp63_seed509133309_threshold0.5_validated_v2.mat,role_only,2,uniform_without_replacement,uniform_remaining_nonlinks,176,0,176,407,198,198,176,22,0,22,0.111111111111,98,100,0.5,0.794871794872,0.62,0.696629213483,31,8,19,92,0.62,0.92,0.08,0.38,0.794871794872,0.62,0.696629213483,0.82,0.58,0.571428571429,0.580343292197,0.54,99,49,50,0,99,0,49,0,50,23,99,0.195652173913,2.18974518502,8.60869565217,6.6,4.5,4.59979377438,0.534319478842,0.291611769873,4.28989068105,0.996641269334,0.541062801932,2.91445898002,0.677096530713,0.355731225296,1.07629584498,0.491516479791,2.88826011686,2.18974518502,1.07629584498,2.88826011686,0.351612638569,0.458912768647,121,0.0683229813665,0.291765337837,23,23,23,1,0,0.347826086957,0.608695652174,0.0434782608696,23,0.096837944664,2.02644612476,4.26086956522,3.26666666667,2.45,2.75049402677,0.645524108324,0.354924578527,2.39894575,1.12603576021,0.58562555457,1.96108383359,0.920508738216,0.456078083407,0.900277914007,0.444264420852,2.38043478261,2.02644612476,0.900277914007,2.38043478261,0.19532627866,0.246753246753,19,0.0107284020327,0.120121624407,23,23,23,1,0,0.347826086957,0.521739130435,0.130434782609,23,88,0.173913043478,4.28989852176,7.65217391304,5.17647058824,4.19047619048,4.65743487391,0.608642057386,0.334486166008,3.8688989967,1.0111895105,0.540513833992,2.55222138383,0.667057861684,0.357707509881,2.34136703002,0.545786110823,5.84591711586,4.28989852176,2.34136703002,5.84591711586,0.311492613667,0.43125,92,0.0519480519481,0.176222623373,23,23,23,1,0,0.260869565217,0.652173913043,0.0869565217391,-11,-0.0217391304348,2.10015333673,-0.95652173913,-1.42352941176,-0.309523809524,0.0576410995361,0.0743225785446,0.0428743961353,-0.420991684351,0.0145482411661,-0.000548967940272,-0.362237596191,-0.0100386690291,0.00197628458498,1.26507118503,0.0542696310317,2.957656999,2.10015333673,1.26507118503,2.957656999,-0.0401200249026,-0.0276627686473,-29,-0.0163749294184,-0.115542714463,-0.0869565217391,0.0434782608696,0.0434782608696,80,8,19,399,0.808080808081,0.980343980344,0.019656019656,0.191919191919,0.909090909091,0.808080808081,0.855614973262,0.825174113309,0.788424788425,0.747663551402,39,50,0,23,23,23,1,0,8,0,0.0386050732335,0,0,1,3.88826011686,0,16,NaN,1,ok,2.18974518502,0,23,23,23,1,0,8,0,0.0346561889455,0,0,1,3.38043478261,0,16,NaN,1,ok,2.02644612476,0,23,23,23,1,0,6,0,0.022438168232,0,0,1,6.84591711586,0,16,NaN,1,ok,4.28989852176,0,0,0,0
464,WLNM_dir_neg,0.9074,0.823458517003,00:00:00,10,50,64,509133310,fixed,validated_v2,/gpfs/scratch/acw792/wlnm_roleonly_v2_20260910/result_wlnm_dir_neg_roleonly_trophicv2_100x290_train10-90_Apocrita_20260910_011848/ecological_snapshots/Broadstone_Stream_tax_mass_K10_ratio0.5_exp64_seed509133310_threshold0.5_validated_v2.mat,role_only,2,uniform_without_replacement,uniform_remaining_nonlinks,176,0,176,407,198,198,176,22,0,22,0.111111111111,98,100,0.5,0.833333333333,0.7,0.760869565217,35,7,15,93,0.7,0.93,0.07,0.3,0.833333333333,0.7,0.760869565217,0.853333333333,0.573333333333,0.65625,0.661437827766,0.63,99,49,50,0,99,0,49,0,50,23,99,0.195652173913,2.18974518502,8.60869565217,6.6,4.5,4.59979377438,0.534319478842,0.291611769873,4.28989068105,0.996641269334,0.541062801932,2.91445898002,0.677096530713,0.355731225296,1.07629584498,0.491516479791,2.88826011686,2.18974518502,1.07629584498,2.88826011686,0.351612638569,0.458912768647,121,0.0683229813665,0.291765337837,23,23,23,1,0,0.347826086957,0.608695652174,0.0434782608696,23,0.096837944664,2.10249010833,4.26086956522,3.26666666667,2.45,2.2806974871,0.535265736769,0.295474711624,2.262427253,1.06195564937,0.566104702751,1.63218614764,0.76612819175,0.404614019521,1.01651449389,0.483481225362,3.04083484574,2.10249010833,1.01651449389,3.04083484574,0.158333333333,0.2,13,0.00734048560136,0.134807943379,23,23,23,1,0,0.347826086957,0.521739130435,0.130434782609,23,91,0.179841897233,5.13579215325,7.91304347826,5.6875,4.55,4.75693793296,0.601151497022,0.333014811276,4.02806360956,1.01808201121,0.546583850932,2.60206667634,0.657665203911,0.362159579551,3.47536489747,0.676695005125,8.92158353642,5.13579215325,3.47536489747,8.92158353642,0.529289792333,0.536337209302,123,0.0694522868436,0.187690576716,23,23,23,1,0,0.304347826087,0.565217391304,0.130434782609,-8,-0.0158102766798,2.94604696823,-0.695652173913,-0.9125,0.05,0.157144158582,0.0668320181805,0.041403041403,-0.261827071484,0.0214407418741,0.00552104899931,-0.31239230368,-0.0194313268015,0.00642835425444,2.39906905248,0.185178525334,6.03332341956,2.94604696823,2.39906905248,6.03332341956,0.177677153764,0.077424440655,2,0.00112930547713,-0.10407476112,-0.0434782608696,-0.0434782608696,0.0869565217391,84,7,15,400,0.848484848485,0.982800982801,0.017199017199,0.151515151515,0.923076923077,0.848484848485,0.884210526316,0.8586584254,0.831285831286,0.792452830189,42,50,0,23,23,23,1,0,8,0,0.0386050732335,0,0,1,3.88826011686,0,16,NaN,1,ok,2.18974518502,0,23,23,23,1,0,8,0,0.0173725044197,0,0,1,4.04083484574,0,16,NaN,1,ok,2.10249010833,0,23,23,23,1,0,7,0,0.0150686375175,0,0,1,9.92158353642,0,16,NaN,1,ok,5.13579215325,0,0,0,0
465,WLNM_dir_neg,0.8386,0.579191050255,00:00:00,10,50,65,509133311,fixed,validated_v2,/gpfs/scratch/acw792/wlnm_roleonly_v2_20260910/result_wlnm_dir_neg_roleonly_trophicv2_100x290_train10-90_Apocrita_20260910_011848/ecological_snapshots/Broadstone_Stream_tax_mass_K10_ratio0.5_exp65_seed509133311_threshold0.5_validated_v2.mat,role_only,2,uniform_without_replacement,uniform_remaining_nonlinks,176,0,176,407,198,198,176,22,0,22,0.111111111111,98,100,0.5,0.72972972973,0.54,0.620689655172,27,10,23,90,0.54,0.9,0.1,0.46,0.72972972973,0.54,0.620689655172,0.78,0.584444444444,0.470588235294,0.481168950533,0.44,99,49,50,0,99,0,49,0,50,23,99,0.195652173913,2.18974518502,8.60869565217,6.6,4.5,4.59979377438,0.534319478842,0.291611769873,4.28989068105,0.996641269334,0.541062801932,2.91445898002,0.677096530713,0.355731225296,1.07629584498,0.491516479791,2.88826011686,2.18974518502,1.07629584498,2.88826011686,0.351612638569,0.458912768647,121,0.0683229813665,0.291765337837,23,23,23,1,0,0.347826086957,0.608695652174,0.0434782608696,23,0.096837944664,2.36725735918,4.26086956522,3.5,2.72222222222,3.33326745653,0.782297464288,0.426796805679,2.39894575,1.12603576021,0.587400177462,1.98412673317,0.931324793121,0.477373558119,1.39092129178,0.587566572085,4.10093988643,2.90293245382,1.33217030645,4.10093988643,0.43566468254,0.415178571429,31,0.0175042348955,0.148431727003,23,16,16,0.695652173913,0,0.260869565217,0.521739130435,0.0869565217391,23,86,0.169960474308,4.36485417453,7.47826086957,5.73333333333,4.09523809524,5.00789889908,0.669660899295,0.365015166835,3.96825346634,1.06127708984,0.564206268959,2.86384025876,0.765910766876,0.416582406471,2.76102264744,0.632557821416,6.98869770908,4.36485417453,2.76102264744,6.98869770908,0.510704727371,0.582524271845,120,0.0677583286279,0.200866580509,23,23,23,1,0,0.347826086957,0.565217391304,0.0869565217391,-13,-0.0256916996047,2.1751089895,-1.13043478261,-0.866666666667,-0.404761904762,0.408105124702,0.135341420454,0.0734033969625,-0.321637214707,0.064635820501,0.0231434670262,-0.0506187212691,0.0888142361637,0.0608511811747,1.68472680245,0.141041341625,4.10043759222,2.1751089895,1.68472680245,4.10043759222,0.159092088802,0.123611503197,-1,-0.000564652738566,-0.0908987573273,0,-0.0434782608696,0.0434782608696,76,10,23,397,0.767676767677,0.97542997543,0.02457002457,0.232323232323,0.883720930233,0.767676767677,0.821621621622,0.784859886595,0.743106743107,0.697247706422,37,50,0,23,23,23,1,0,8,0,0.0386050732335,0,0,1,3.88826011686,0,16,NaN,1,ok,2.18974518502,0,23,16,16,0.695652173913,0,3,0,0.0229390054923,0,0,1,5.10093988643,0,16,NaN,1,ok,2.90293245382,0,23,23,23,1,0,8,0,0.0206144197353,0,0,1,7.98869770908,0,16,NaN,1,ok,4.36485417453,0,0,0,0
466,WLNM_dir_neg,0.8396,0.56954474332,00:00:00,10,50,66,509133312,fixed,validated_v2,/gpfs/scratch/acw792/wlnm_roleonly_v2_20260910/result_wlnm_dir_neg_roleonly_trophicv2_100x290_train10-90_Apocrita_20260910_011848/ecological_snapshots/Broadstone_Stream_tax_mass_K10_ratio0.5_exp66_seed509133312_threshold0.5_validated_v2.mat,role_only,2,uniform_without_replacement,uniform_remaining_nonlinks,176,0,176,407,198,198,176,22,0,22,0.111111111111,98,100,0.5,0.666666666667,0.64,0.65306122449,32,16,18,84,0.64,0.84,0.16,0.36,0.666666666667,0.64,0.65306122449,0.773333333333,0.56,0.484848484848,0.485071250073,0.48,99,49,50,0,99,0,49,0,50,23,99,0.195652173913,2.18974518502,8.60869565217,6.6,4.5,4.59979377438,0.534319478842,0.291611769873,4.28989068105,0.996641269334,0.541062801932,2.91445898002,0.677096530713,0.355731225296,1.07629584498,0.491516479791,2.88826011686,2.18974518502,1.07629584498,2.88826011686,0.351612638569,0.458912768647,121,0.0683229813665,0.291765337837,23,23,23,1,0,0.347826086957,0.608695652174,0.0434782608696,23,0.096837944664,1.9668819831,4.26086956522,3.5,2.22727272727,2.52653897842,0.59296322963,0.329192546584,2.5281029148,1.18666055185,0.606921029281,1.4239620726,0.668390360606,0.340727595386,0.941066691727,0.478456104541,2.66677471637,1.9668819831,0.941066691727,2.66677471637,0.257644110276,0.233944954128,17,0.00959909655562,0.0919810348382,23,23,23,1,0,0.391304347826,0.565217391304,0.0434782608696,23,97,0.191699604743,1,8.4347826087,4.40909090909,4.21739130435,3.98663776037,0.472642621075,0.257731958763,3.72895941784,0.884186253715,0.465262214254,2.52184134998,0.597962381954,0.325414612281,0,0,0,NaN,NaN,NaN,0.447566684523,0.418604651163,102,0.0575945793337,0.127473436481,23,23,0,1,7,0.0434782608696,0.95652173913,0,-2,-0.00395256916996,-1.18974518502,-0.173913043478,-2.19090909091,-0.282608695652,-0.613156014007,-0.0616768577669,-0.0338798111098,-0.560931263204,-0.112455015619,-0.0758005876787,-0.392617630045,-0.0791341487588,-0.030316613015,-1.07629584498,-0.491516479791,-2.88826011686,NaN,NaN,NaN,0.095954045954,-0.0403081174845,-19,-0.0107284020327,-0.164291901356,-0.304347826087,0.347826086957,-0.0434782608696,81,16,18,391,0.818181818182,0.960687960688,0.039312039312,0.181818181818,0.835051546392,0.818181818182,0.826530612245,0.784932179048,0.77886977887,0.704347826087,48,50,0,23,23,23,1,0,8,0,0.0386050732335,0,0,1,3.88826011686,0,16,NaN,1,ok,2.18974518502,0,23,23,23,1,0,9,0,0.0700092594835,0,0,1,3.66677471637,0,16,NaN,1,ok,1.9668819831,0,23,23,0,1,7,1,2,NaN,NaN,NaN,NaN,NaN,0,0,NaN,0,basal_unreachable_in_lcc,NaN,2,0,0,0
467,WLNM_dir_neg,0.8953,0.757582445855,00:00:00,10,50,67,509133313,fixed,validated_v2,/gpfs/scratch/acw792/wlnm_roleonly_v2_20260910/result_wlnm_dir_neg_roleonly_trophicv2_100x290_train10-90_Apocrita_20260910_011848/ecological_snapshots/Broadstone_Stream_tax_mass_K10_ratio0.5_exp67_seed509133313_threshold0.5_validated_v2.mat,role_only,2,uniform_without_replacement,uniform_remaining_nonlinks,176,0,176,407,198,198,176,22,0,22,0.111111111111,98,100,0.5,0.851851851852,0.46,0.597402597403,23,4,27,96,0.46,0.96,0.04,0.54,0.851851851852,0.46,0.597402597403,0.793333333333,0.606666666667,0.474576271186,0.515347121683,0.42,99,49,50,0,99,0,49,0,50,23,99,0.195652173913,2.18974518502,8.60869565217,6.6,4.5,4.59979377438,0.534319478842,0.291611769873,4.28989068105,0.996641269334,0.541062801932,2.91445898002,0.677096530713,0.355731225296,1.07629584498,0.491516479791,2.88826011686,2.18974518502,1.07629584498,2.88826011686,0.351612638569,0.458912768647,121,0.0683229813665,0.291765337837,23,23,23,1,0,0.347826086957,0.608695652174,0.0434782608696,23,0.096837944664,2.0444509289,4.26086956522,3.5,2.88235294118,2.35907129848,0.553659590459,0.302573203194,2.11712386004,0.993752015935,0.534161490683,1.98412673317,0.931324793121,0.461401952085,1.02291349495,0.500336535591,2.84228187919,2.09192597112,1.02072059757,2.84228187919,0.160461760462,0.217194570136,16,0.00903444381705,0.166893424036,23,22,22,0.95652173913,0,0.347826086957,0.391304347826,0.217391304348,23,76,0.150197628458,2.04357743573,6.60869565217,5.42857142857,3.61904761905,3.95128437617,0.597891714815,0.33295194508,3.59841862501,1.0889951102,0.575514874142,2.720875237,0.823422769093,0.421052631579,1.000612136,0.489637494768,2.44343065693,2.09101277372,0.99733898127,2.44343065693,0.284848484848,0.372745490982,62,0.0350084697911,0.255432342383,23,22,22,0.95652173913,0,0.347826086957,0.565217391304,0.0434782608696,-23,-0.0454545454545,-0.14616774929,-2,-1.17142857143,-0.880952380952,-0.64850939821,0.063572235973,0.0413401752075,-0.691472056041,0.092353840865,0.0344520722095,-0.193583743021,0.14632623838,0.0653214062825,-0.0756837089856,-0.0018789850232,-0.444829459924,-0.0987324113023,-0.0789568637133,-0.444829459924,-0.0667641537207,-0.0861672776653,-59,-0.0333145115754,-0.0363329954539,0,-0.0434782608696,0,72,4,27,403,0.727272727273,0.990171990172,0.00982800982801,0.272727272727,0.947368421053,0.727272727273,0.822857142857,0.796640204112,0.717444717445,0.699029126214,27,50,0,23,23,23,1,0,8,0,0.0386050732335,0,0,1,3.88826011686,0,16,NaN,1,ok,2.18974518502,0,23,22,22,0.95652173913,0,8,0,0.0414830440893,0,0,1,3.84228187919,0,16,NaN,1,ok,2.09192597112,0,23,22,22,0.95652173913,0,8,0,0.0350281370428,0,0,1,3.44343065693,0,16,NaN,1,ok,2.09101277372,0,0,0,0
468,WLNM_dir_neg,0.7748,0.694955537451,00:00:00,10,50,68,509133314,fixed,validated_v2,/gpfs/scratch/acw792/wlnm_roleonly_v2_20260910/result_wlnm_dir_neg_roleonly_trophicv2_100x290_train10-90_Apocrita_20260910_011848/ecological_snapshots/Broadstone_Stream_tax_mass_K10_ratio0.5_exp68_seed509133314_threshold0.5_validated_v2.mat,role_only,2,uniform_without_replacement,uniform_remaining_nonlinks,176,0,176,407,198,198,176,22,0,22,0.111111111111,98,100,0.5,0.714285714286,0.6,0.652173913043,30,12,20,88,0.6,0.88,0.12,0.4,0.714285714286,0.6,0.652173913043,0.786666666667,0.573333333333,0.5,0.503952630679,0.48,99,49,50,0,99,0,49,0,50,23,99,0.195652173913,2.18974518502,8.60869565217,6.6,4.5,4.59979377438,0.534319478842,0.291611769873,4.28989068105,0.996641269334,0.541062801932,2.91445898002,0.677096530713,0.355731225296,1.07629584498,0.491516479791,2.88826011686,2.18974518502,1.07629584498,2.88826011686,0.351612638569,0.458912768647,121,0.0683229813665,0.291765337837,23,23,23,1,0,0.347826086957,0.608695652174,0.0434782608696,23,0.096837944664,2.0751939383,4.26086956522,3.5,2.45,2.75049402677,0.645524108324,0.359361135759,2.13848603681,1.00377916014,0.537710736469,1.91416603787,0.898486099411,0.452528837622,1.06192897248,0.511725170781,2.94190871369,2.177593361,1.05539013284,2.94190871369,0.200925925926,0.223255813953,16,0.00903444381705,0.160129949416,23,21,21,0.913043478261,0,0.304347826087,0.565217391304,0.0434782608696,23,91,0.179841897233,1,7.91304347826,5.35294117647,3.95652173913,5.11604466785,0.646533117366,0.359292881032,3.64913764246,0.922309514028,0.503583373149,2.88378319809,0.728868280836,0.388915432394,0,0,0,30.8895972392,19.5992578851,46.1767719955,0.44159320212,0.494704992436,109,0.0615471485037,0.207536818718,23,23,23,1,0,0.260869565217,0.739130434783,0,-8,-0.0158102766798,-1.18974518502,-0.695652173913,-1.24705882353,-0.54347826087,0.516250893477,0.112213638524,0.0676811111594,-0.64075303859,-0.0743317553066,-0.0374794287838,-0.0306757819326,0.0517717501237,0.0331842070973,-1.07629584498,-0.491516479791,-2.88826011686,28.6998520541,18.5229620401,43.2885118786,0.0899805635504,0.0357922237884,-12,-0.00677583286279,-0.0842285191192,-0.0869565217391,0.130434782609,-0.0434782608696,79,12,20,395,0.79797979798,0.970515970516,0.029484029484,0.20202020202,0.868131868132,0.79797979798,0.831578947368,0.793800810346,0.768495768496,0.711711711712,42,50,0,23,23,23,1,0,8,0,0.0386050732335,0,0,1,3.88826011686,0,16,NaN,1,ok,2.18974518502,0,23,21,21,0.913043478261,0,7,0,0.0344865433079,0,0,1,3.94190871369,0,16,NaN,1,ok,2.177593361,0,23,23,23,1,0,6,0,0.00204190311701,0,0,1,47.1767719955,1,16,NaN,1,ok,NaN,3,0,0,0
469,WLNM_dir_neg,0.8601,0.679866799285,00:00:00,10,50,69,509133315,fixed,validated_v2,/gpfs/scratch/acw792/wlnm_roleonly_v2_20260910/result_wlnm_dir_neg_roleonly_trophicv2_100x290_train10-90_Apocrita_20260910_011848/ecological_snapshots/Broadstone_Stream_tax_mass_K10_ratio0.5_exp69_seed509133315_threshold0.5_validated_v2.mat,role_only,2,uniform_without_replacement,uniform_remaining_nonlinks,176,0,176,407,198,198,176,22,0,22,0.111111111111,98,100,0.5,0.729166666667,0.7,0.714285714286,35,13,15,87,0.7,0.87,0.13,0.3,0.729166666667,0.7,0.714285714286,0.813333333333,0.56,0.575757575758,0.576022109461,0.57,99,49,50,0,99,0,49,0,50,23,99,0.195652173913,2.18974518502,8.60869565217,6.6,4.5,4.59979377438,0.534319478842,0.291611769873,4.28989068105,0.996641269334,0.541062801932,2.91445898002,0.677096530713,0.355731225296,1.07629584498,0.491516479791,2.88826011686,2.18974518502,1.07629584498,2.88826011686,0.351612638569,0.458912768647,121,0.0683229813665,0.291765337837,23,23,23,1,0,0.347826086957,0.608695652174,0.0434782608696,23,0.096837944664,2.00523968785,4.26086956522,3.5,2.57894736842,2.22010219471,0.521044392635,0.285714285714,2.4178192245,1.13489473803,0.596273291925,1.63218614764,0.76612819175,0.415261756877,1.01846454266,0.507901648284,3.35897435897,2.00523968785,1.01846454266,3.35897435897,0.175510204082,0.191176470588,13,0.00734048560136,0.118066457352,23,23,23,1,0,0.391304347826,0.434782608696,0.173913043478,23,97,0.191699604743,1,8.4347826087,4.61904761905,4.21739130435,4.82254258623,0.571744739605,0.307485432541,4.07828530969,0.967016104358,0.507395786643,2.72957741883,0.64721938797,0.335275661139,0,0,0,48.2655769758,15.7687174167,57.7903875355,0.454494747677,0.458046767538,111,0.0626764539808,0.163089930509,23,23,23,1,0,0.0869565217391,0.913043478261,0,-2,-0.00395256916996,-1.18974518502,-0.173913043478,-1.98095238095,-0.282608695652,0.222748811858,0.0374252607634,0.0158736626688,-0.211605371362,-0.0296251649759,-0.0336670152896,-0.184881561196,-0.0298771427432,-0.0204555641579,-1.07629584498,-0.491516479791,-2.88826011686,46.0758317908,14.6924215717,54.9021274186,0.102882109107,-0.000866001109455,-10,-0.00564652738566,-0.128675407328,-0.260869565217,0.304347826087,-0.0434782608696,84,13,15,394,0.848484848485,0.968058968059,0.031941031941,0.151515151515,0.865979381443,0.848484848485,0.857142857143,0.822899455847,0.816543816544,0.75,48,50,0,23,23,23,1,0,8,0,0.0386050732335,0,0,1,3.88826011686,0,16,NaN,1,ok,2.18974518502,0,23,23,23,1,0,9,0,0.0401160868447,0,0,1,4.35897435897,0,16,NaN,1,ok,2.00523968785,0,23,23,23,1,0,2,0,0.000865603341222,0,0,1,58.7903875355,1,16,NaN,1,ok,NaN,3,0,0,0
470,WLNM_dir_neg,0.8943,0.598856874844,00:00:00,10,50,70,509133316,fixed,validated_v2,/gpfs/scratch/acw792/wlnm_roleonly_v2_20260910/result_wlnm_dir_neg_roleonly_trophicv2_100x290_train10-90_Apocrita_20260910_011848/ecological_snapshots/Broadstone_Stream_tax_mass_K10_ratio0.5_exp70_seed509133316_threshold0.5_validated_v2.mat,role_only,2,uniform_without_replacement,uniform_remaining_nonlinks,176,0,176,407,198,198,176,22,0,22,0.111111111111,98,100,0.5,0.760869565217,0.7,0.729166666667,35,11,15,89,0.7,0.89,0.11,0.3,0.760869565217,0.7,0.729166666667,0.826666666667,0.564444444444,0.602040816327,0.603172354831,0.59,99,49,50,0,99,0,49,0,50,23,99,0.195652173913,2.18974518502,8.60869565217,6.6,4.5,4.59979377438,0.534319478842,0.291611769873,4.28989068105,0.996641269334,0.541062801932,2.91445898002,0.677096530713,0.355731225296,1.07629584498,0.491516479791,2.88826011686,2.18974518502,1.07629584498,2.88826011686,0.351612638569,0.458912768647,121,0.0683229813665,0.291765337837,23,23,23,1,0,0.347826086957,0.608695652174,0.0434782608696,23,0.096837944664,2.16665800566,4.26086956522,3.5,2.57894736842,2.84792414519,0.668390360606,0.372670807453,2.18058265412,1.02353879683,0.550133096717,2.05170323537,0.963044375784,0.480922803904,1.15276020669,0.532045299108,3.19960159363,2.21968791501,1.15081493693,3.19960159363,0.243557422969,0.227678571429,17,0.00959909655562,0.160086738658,23,22,22,0.95652173913,0,0.347826086957,0.478260869565,0.130434782609,23,95,0.187747035573,1,8.26086956522,5.9375,4.31818181818,5.09203827116,0.616404632824,0.343249427918,4.23518109333,1.02535963312,0.551945080092,2.98944123429,0.723759456723,0.385354691076,0,0,0,NaN,NaN,NaN,0.404828757101,0.494269340974,115,0.0649350649351,0.226268067445,23,23,0,1,7,0.304347826087,0.652173913043,0.0434782608696,-4,-0.00790513833992,-1.18974518502,-0.347826086957,-0.6625,-0.181818181818,0.492244496781,0.0820851539826,0.051637658045,-0.0547095877195,0.0287183637872,0.0108822781592,0.0749822542668,0.0466629260104,0.0296234657791,-1.07629584498,-0.491516479791,-2.88826011686,NaN,NaN,NaN,0.0532161185323,0.0353565723269,-6,-0.00338791643139,-0.0654972703922,-0.0434782608696,0.0434782608696,0,84,11,15,396,0.848484848485,0.972972972973,0.027027027027,0.151515151515,0.884210526316,0.848484848485,0.865979381443,0.834482738105,0.821457821458,0.763636363636,46,50,0,23,23,23,1,0,8,0,0.0386050732335,0,0,1,3.88826011686,0,16,NaN,1,ok,2.18974518502,0,23,22,22,0.95652173913,0,8,0,0.0391932548218,0,0,1,4.19960159363,0,16,NaN,1,ok,2.21968791501,0,23,23,0,1,7,7,3,NaN,NaN,NaN,NaN,NaN,0,0,NaN,0,basal_unreachable_in_lcc,NaN,2,0,0,0
471,WLNM_dir_neg,0.862,0.594297303226,00:00:00,10,50,71,509133317,fixed,validated_v2,/gpfs/scratch/acw792/wlnm_roleonly_v2_20260910/result_wlnm_dir_neg_roleonly_trophicv2_100x290_train10-90_Apocrita_20260910_011848/ecological_snapshots/Broadstone_Stream_tax_mass_K10_ratio0.5_exp71_seed509133317_threshold0.5_validated_v2.mat,role_only,2,uniform_without_replacement,uniform_remaining_nonlinks,176,0,176,407,198,198,176,22,0,22,0.111111111111,98,100,0.5,0.777777777778,0.7,0.736842105263,35,10,15,90,0.7,0.9,0.1,0.3,0.777777777778,0.7,0.736842105263,0.833333333333,0.566666666667,0.615384615385,0.617213399848,0.6,99,49,50,0,99,0,49,0,50,23,99,0.195652173913,2.18974518502,8.60869565217,6.6,4.5,4.59979377438,0.534319478842,0.291611769873,4.28989068105,0.996641269334,0.541062801932,2.91445898002,0.677096530713,0.355731225296,1.07629584498,0.491516479791,2.88826011686,2.18974518502,1.07629584498,2.88826011686,0.351612638569,0.458912768647,121,0.0683229813665,0.291765337837,23,23,23,1,0,0.347826086957,0.608695652174,0.0434782608696,23,0.096837944664,1.92182635534,4.26086956522,3.5,2.45,2.57994699213,0.60549776346,0.32298136646,2.39894575,1.12603576021,0.576752440106,1.79150388389,0.840909986318,0.43123336291,0.843833011301,0.439078696656,2.12191358025,1.92182635534,0.843833011301,2.12191358025,0.177777777778,0.167381974249,13,0.00734048560136,0.132809376216,23,23,23,1,0,0.391304347826,0.478260869565,0.130434782609,23,94,0.185770750988,3.49263769183,8.17391304348,5.875,4.27272727273,4.70639964606,0.575782935423,0.313135985199,4.05544576048,0.992289920118,0.537465309898,2.60965068157,0.638531549747,0.349676225717,1.80245402769,0.516072431992,4.91716422161,3.49263769183,1.80245402769,4.91716422161,0.476374832897,0.427408412483,105,0.0592885375494,0.197075174281,23,23,23,1,0,0.304347826087,0.652173913043,0.0434782608696,-5,-0.0098814229249,1.30289250681,-0.434782608696,-0.725,-0.227272727273,0.106605871686,0.0414634565808,0.0215242153263,-0.234444920566,-0.00435134921645,-0.00359749203412,-0.30480829845,-0.0385649809658,-0.00605499957951,0.726158182706,0.0245559522004,2.02890410475,1.30289250681,0.726158182706,2.02890410475,0.124762194327,-0.0315043561642,-16,-0.00903444381705,-0.0946901635557,-0.0434782608696,0.0434782608696,0,84,10,15,397,0.848484848485,0.97542997543,0.02457002457,0.151515151515,0.893617021277,0.848484848485,0.870466321244,0.840397175033,0.823914823915,0.770642201835,45,50,0,23,23,23,1,0,8,0,0.0386050732335,0,0,1,3.88826011686,0,16,NaN,1,ok,2.18974518502,0,23,23,23,1,0,9,0,0.0522082140924,0,0,1,3.12191358025,0,16,NaN,1,ok,1.92182635534,0,23,23,23,1,0,7,0,0.0252883919896,0,0,1,5.91716422161,0,16,NaN,1,ok,3.49263769183,0,0,0,0
472,WLNM_dir_neg,0.877,0.753606373524,00:00:00,10,50,72,509133318,fixed,validated_v2,/gpfs/scratch/acw792/wlnm_roleonly_v2_20260910/result_wlnm_dir_neg_roleonly_trophicv2_100x290_train10-90_Apocrita_20260910_011848/ecological_snapshots/Broadstone_Stream_tax_mass_K10_ratio0.5_exp72_seed509133318_threshold0.5_validated_v2.mat,role_only,2,uniform_without_replacement,uniform_remaining_nonlinks,176,0,176,407,198,198,176,22,0,22,0.111111111111,98,100,0.5,0.775,0.62,0.688888888889,31,9,19,91,0.62,0.91,0.09,0.38,0.775,0.62,0.688888888889,0.813333333333,0.577777777778,0.557894736842,0.564981898342,0.53,99,49,50,0,99,0,49,0,50,23,99,0.195652173913,2.18974518502,8.60869565217,6.6,4.5,4.59979377438,0.534319478842,0.291611769873,4.28989068105,0.996641269334,0.541062801932,2.91445898002,0.677096530713,0.355731225296,1.07629584498,0.491516479791,2.88826011686,2.18974518502,1.07629584498,2.88826011686,0.351612638569,0.458912768647,121,0.0683229813665,0.291765337837,23,23,23,1,0,0.347826086957,0.608695652174,0.0434782608696,23,0.096837944664,2.46705777441,4.26086956522,3.26666666667,2.33333333333,2.6665843202,0.625831013925,0.346051464064,2.07373943805,0.973387899492,0.528837622005,1.81669900009,0.852736265347,0.422360248447,1.43034789264,0.579778839181,4.3246124031,2.5337422187,1.42694484863,4.3246124031,0.175396825397,0.161764705882,11,0.00621118012422,0.141591080877,23,22,22,0.95652173913,0,0.304347826087,0.608695652174,0.0434782608696,23,89,0.175889328063,2.83604274548,7.73913043478,5.5625,3.86956521739,4.81680195022,0.622395757613,0.347337567171,3.75746950421,0.971031444909,0.527601367855,2.86522009033,0.740450135702,0.38397655105,1.4721704609,0.519093184771,3.99926594377,2.83604274548,1.4721704609,3.99926594377,0.376538108356,0.436363636364,96,0.0542066629023,0.212167970918,23,23,23,1,0,0.304347826087,0.695652173913,0,-10,-0.0197628458498,0.646297560456,-0.869565217391,-1.0375,-0.630434782609,0.217008175845,0.0880762787712,0.0557257972988,-0.532421176833,-0.025609824425,-0.013461434077,-0.0492388896984,0.0633536049895,0.0282453257539,0.395874615915,0.0275767049799,1.11100582691,0.646297560456,0.395874615915,1.11100582691,0.0249254697871,-0.0225491322836,-25,-0.0141163184641,-0.0795973669188,-0.0434782608696,0.0869565217391,-0.0434782608696,80,9,19,398,0.808080808081,0.977886977887,0.022113022113,0.191919191919,0.898876404494,0.808080808081,0.851063829787,0.818948359571,0.785967785968,0.740740740741,40,50,0,23,23,23,1,0,8,0,0.0386050732335,0,0,1,3.88826011686,0,16,NaN,1,ok,2.18974518502,0,23,22,22,0.95652173913,0,7,0,0.0336544840007,0,0,1,5.3246124031,0,16,NaN,1,ok,2.5337422187,0,23,23,23,1,0,7,0,0.0378380442327,0,0,1,4.99926594377,0,16,NaN,1,ok,2.83604274548,0,0,0,0
473,WLNM_dir_neg,0.8456,0.497308289231,00:00:00,10,50,73,509133319,fixed,validated_v2,/gpfs/scratch/acw792/wlnm_roleonly_v2_20260910/result_wlnm_dir_neg_roleonly_trophicv2_100x290_train10-90_Apocrita_20260910_011848/ecological_snapshots/Broadstone_Stream_tax_mass_K10_ratio0.5_exp73_seed509133319_threshold0.5_validated_v2.mat,role_only,2,uniform_without_replacement,uniform_remaining_nonlinks,176,0,176,407,198,198,176,22,0,22,0.111111111111,98,100,0.5,0.681818181818,0.6,0.63829787234,30,14,20,86,0.6,0.86,0.14,0.4,0.681818181818,0.6,0.63829787234,0.773333333333,0.568888888889,0.474226804124,0.476281335773,0.46,99,49,50,0,99,0,49,0,50,23,99,0.195652173913,2.18974518502,8.60869565217,6.6,4.5,4.59979377438,0.534319478842,0.291611769873,4.28989068105,0.996641269334,0.541062801932,2.91445898002,0.677096530713,0.355731225296,1.07629584498,0.491516479791,2.88826011686,2.18974518502,1.07629584498,2.88826011686,0.351612638569,0.458912768647,121,0.0683229813665,0.291765337837,23,23,23,1,0,0.347826086957,0.608695652174,0.0434782608696,23,0.096837944664,1.8568115091,4.26086956522,3.76923076923,2.33333333333,2.32021533688,0.544540334165,0.297249334516,2.28242988195,1.07134463847,0.566104702751,1.68696467135,0.79184056002,0.408163265306,0.846845609251,0.456075161695,2.25613623018,1.8568115091,0.846845609251,2.25613623018,0.22694235589,0.305825242718,21,0.0118577075099,0.12757011507,23,23,23,1,0,0.434782608696,0.478260869565,0.0869565217391,23,93,0.183794466403,3.69525930789,8.08695652174,5.8125,4.22727272727,4.87957751038,0.603388616875,0.331463300608,4.20474040783,1.03988203634,0.559139784946,2.83610265344,0.701401731497,0.386161757831,1.90128341179,0.514519619158,5.25757746697,3.69525930789,1.90128341179,5.25757746697,0.40697025197,0.506079027356,111,0.0626764539808,0.19302347943,23,23,23,1,0,0.304347826087,0.652173913043,0.0434782608696,-6,-0.0118577075099,1.50551412286,-0.521739130435,-0.7875,-0.272727272727,0.279783736007,0.0690691380336,0.0398515307351,-0.0851502732179,0.0432407670107,0.0180769830139,-0.0783563265809,0.024305200784,0.0304305325343,0.824987566802,0.0230031393669,2.36931735012,1.50551412286,0.824987566802,2.36931735012,0.0553576134011,0.0471662587083,-10,-0.00564652738566,-0.0987418584066,-0.0434782608696,0.0434782608696,0,79,14,20,393,0.79797979798,0.965601965602,0.034398034398,0.20202020202,0.849462365591,0.79797979798,0.822916666667,0.782084807487,0.763581763582,0.699115044248,44,50,0,23,23,23,1,0,8,0,0.0386050732335,0,0,1,3.88826011686,0,16,NaN,1,ok,2.18974518502,0,23,23,23,1,0,10,0,0.0542344837299,0,0,1,3.25613623018,0,16,NaN,1,ok,1.8568115091,0,23,23,23,1,0,7,0,0.0222001081505,0,0,1,6.25757746697,0,16,NaN,1,ok,3.69525930789,0,0,0,0
474,WLNM_dir_neg,0.8861,0.596256573863,00:00:00,10,50,74,509133320,fixed,validated_v2,/gpfs/scratch/acw792/wlnm_roleonly_v2_20260910/result_wlnm_dir_neg_roleonly_trophicv2_100x290_train10-90_Apocrita_20260910_011848/ecological_snapshots/Broadstone_Stream_tax_mass_K10_ratio0.5_exp74_seed509133320_threshold0.5_validated_v2.mat,role_only,2,uniform_without_replacement,uniform_remaining_nonlinks,176,0,176,407,198,198,176,22,0,22,0.111111111111,98,100,0.5,0.780487804878,0.64,0.703296703297,32,9,18,91,0.64,0.91,0.09,0.36,0.780487804878,0.64,0.703296703297,0.82,0.575555555556,0.575916230366,0.581758201154,0.55,99,49,50,0,99,0,49,0,50,23,99,0.195652173913,2.18974518502,8.60869565217,6.6,4.5,4.59979377438,0.534319478842,0.291611769873,4.28989068105,0.996641269334,0.541062801932,2.91445898002,0.677096530713,0.355731225296,1.07629584498,0.491516479791,2.88826011686,2.18974518502,1.07629584498,2.88826011686,0.351612638569,0.458912768647,121,0.0683229813665,0.291765337837,23,23,23,1,0,0.347826086957,0.608695652174,0.0434782608696,23,0.096837944664,2.18743961353,4.26086956522,3.26666666667,2.72222222222,2.19953282859,0.516216888342,0.283052351375,2.11712386004,0.993752015935,0.537710736469,1.65980140724,0.779090456458,0.427684117125,1.09824650744,0.502069406008,3.17777777778,2.24141414141,1.09242182408,3.17777777778,0.281825396825,0.30985915493,22,0.0124223602484,0.110956160242,23,22,22,0.95652173913,0,0.304347826087,0.478260869565,0.173913043478,23,90,0.177865612648,6.85147562382,7.82608695652,5.29411764706,4.5,4.16317376652,0.531961092389,0.294202898551,3.69167421342,0.94342785454,0.515942028986,3.0735387286,0.785459897309,0.427053140097,4.61867613025,0.674114071747,12.9727802981,6.85147562382,4.61867613025,12.9727802981,0.443853368853,0.488571428571,114,0.0643704121965,0.202222159689,23,23,23,1,0,0.260869565217,0.608695652174,0.130434782609,-9,-0.0177865612648,4.66173043879,-0.782608695652,-1.30588235294,0,-0.436620007853,-0.00235838645256,0.00259112867809,-0.598216467628,-0.0532134147938,-0.0251207729469,0.159079748576,0.108363366596,0.0713219148002,3.54238028526,0.182597591956,10.0845201813,4.66173043879,3.54238028526,10.0845201813,0.0922407302842,0.0296586599241,-7,-0.00395256916996,-0.0895431781481,-0.0869565217391,0,0.0869565217391,81,9,18,398,0.818181818182,0.977886977887,0.022113022113,0.181818181818,0.9,0.818181818182,0.857142857143,0.825842982665,0.796068796069,0.75,41,50,0,23,23,23,1,0,8,0,0.0386050732335,0,0,1,3.88826011686,0,16,NaN,1,ok,2.18974518502,0,23,22,22,0.95652173913,0,7,0,0.0375854808679,0,0,1,4.17777777778,0,16,NaN,1,ok,2.24141414141,0,23,23,23,1,0,6,0,0.00696291578737,0,0,1,13.9727802981,0,16,NaN,1,ok,6.85147562382,0,0,0,0
475,WLNM_dir_neg,0.7873,0.661816221684,00:00:00,10,50,75,509133321,fixed,validated_v2,/gpfs/scratch/acw792/wlnm_roleonly_v2_20260910/result_wlnm_dir_neg_roleonly_trophicv2_100x290_train10-90_Apocrita_20260910_011848/ecological_snapshots/Broadstone_Stream_tax_mass_K10_ratio0.5_exp75_seed509133321_threshold0.5_validated_v2.mat,role_only,2,uniform_without_replacement,uniform_remaining_nonlinks,176,0,176,407,198,198,176,22,0,22,0.111111111111,98,100,0.5,0.8125,0.52,0.634146341463,26,6,24,94,0.52,0.94,0.06,0.48,0.8125,0.52,0.634146341463,0.8,0.595555555556,0.505494505495,0.529330405292,0.46,99,49,50,0,99,0,49,0,50,23,99,0.195652173913,2.18974518502,8.60869565217,6.6,4.5,4.59979377438,0.534319478842,0.291611769873,4.28989068105,0.996641269334,0.541062801932,2.91445898002,0.677096530713,0.355731225296,1.07629584498,0.491516479791,2.88826011686,2.18974518502,1.07629584498,2.88826011686,0.351612638569,0.458912768647,121,0.0683229813665,0.291765337837,23,23,23,1,0,0.347826086957,0.608695652174,0.0434782608696,23,0.096837944664,2.21277284827,4.26086956522,3.5,2.88235294118,2.7004610937,0.633781685256,0.354037267081,2.3414127015,1.09903045172,0.578527062999,1.84154944213,0.864400758553,0.461401952085,1.17784445877,0.532293434317,3.04897959184,2.26789888683,1.174801162,3.04897959184,0.188492063492,0.253731343284,17,0.00959909655562,0.132932147218,23,22,22,0.95652173913,0,0.347826086957,0.391304347826,0.217391304348,23,81,0.160079051383,8.6025778076,7.04347826087,5.4,3.68181818182,3.84327347298,0.545649937522,0.304347826087,3.65400857363,1.03755799004,0.555018786903,2.23341493961,0.634179550755,0.342458400429,7.53611921649,0.876030346373,19.2575838046,8.6025778076,7.53611921649,19.2575838046,0.372756788666,0.376494023904,63,0.0355731225296,0.181693270937,23,23,23,1,0,0.347826086957,0.608695652174,0.0434782608696,-18,-0.0355731225296,6.41283262258,-1.5652173913,-1.2,-0.818181818182,-0.756520301393,0.0113304586806,0.0127360562143,-0.635882107422,0.0409167207075,0.0139559849705,-0.681044040411,-0.0429169799582,-0.013272824867,6.45982337151,0.384513866582,16.3693236877,6.41283262258,6.45982337151,16.3693236877,0.0211441500967,-0.0824187447429,-58,-0.0327498588368,-0.1100720669,0,0,0,75,6,24,401,0.757575757576,0.985257985258,0.014742014742,0.242424242424,0.925925925926,0.757575757576,0.833333333333,0.803654629006,0.742833742834,0.714285714286,32,50,0,23,23,23,1,0,8,0,0.0386050732335,0,0,1,3.88826011686,0,16,NaN,1,ok,2.18974518502,0,23,22,22,0.95652173913,0,8,0,0.0274597658827,0,0,1,4.04897959184,0,16,NaN,1,ok,2.26789888683,0,23,23,23,1,0,8,0,0.00767638825056,0,0,1,20.2575838046,0,16,NaN,1,ok,8.6025778076,0,0,0,0
476,WLNM_dir_neg,0.8695,0.66539301537,00:00:00,10,50,76,509133322,fixed,validated_v2,/gpfs/scratch/acw792/wlnm_roleonly_v2_20260910/result_wlnm_dir_neg_roleonly_trophicv2_100x290_train10-90_Apocrita_20260910_011848/ecological_snapshots/Broadstone_Stream_tax_mass_K10_ratio0.5_exp76_seed509133322_threshold0.5_validated_v2.mat,role_only,2,uniform_without_replacement,uniform_remaining_nonlinks,176,0,176,407,198,198,176,22,0,22,0.111111111111,98,100,0.5,0.8125,0.52,0.634146341463,26,6,24,94,0.52,0.94,0.06,0.48,0.8125,0.52,0.634146341463,0.8,0.595555555556,0.505494505495,0.529330405292,0.46,99,49,50,0,99,0,49,0,50,23,99,0.195652173913,2.18974518502,8.60869565217,6.6,4.5,4.59979377438,0.534319478842,0.291611769873,4.28989068105,0.996641269334,0.541062801932,2.91445898002,0.677096530713,0.355731225296,1.07629584498,0.491516479791,2.88826011686,2.18974518502,1.07629584498,2.88826011686,0.351612638569,0.458912768647,121,0.0683229813665,0.291765337837,23,23,23,1,0,0.347826086957,0.608695652174,0.0434782608696,23,0.096837944664,2.08951670859,4.26086956522,3.76923076923,2.57894736842,2.73391812247,0.641633845071,0.352262644188,2.4178192245,1.13489473803,0.590949423248,1.74001953558,0.816743863638,0.433007985803,1.11885632884,0.535461776514,2.79476584022,2.25294421488,1.11083557193,2.79476584022,0.169423558897,0.270142180095,19,0.0107284020327,0.124079161579,23,20,20,0.869565217391,0,0.304347826087,0.521739130435,0.0434782608696,23,81,0.160079051383,2.90987272925,7.04347826087,5.78571428571,4.26315789474,4.84747601494,0.688221903356,0.383252818035,3.9297185328,1.11584600314,0.589371980676,2.76125079065,0.78405886648,0.435856146001,1.72282328626,0.592061387751,4.46896568548,3.19635363864,1.66566525212,4.46896568548,0.441000227842,0.554794520548,108,0.0609824957651,0.211017390639,23,20,20,0.869565217391,0,0.260869565217,0.565217391304,0.0434782608696,-18,-0.0355731225296,0.720127544227,-1.5652173913,-0.814285714286,-0.236842105263,0.247682240563,0.153902424514,0.0916410481628,-0.360172148247,0.119204733807,0.048309178744,-0.153208189377,0.106962335768,0.0801249207046,0.646527441276,0.10054490796,1.58070556862,1.00660845361,0.589369407136,1.58070556862,0.0893875892732,0.0958817519007,-13,-0.00734048560136,-0.0807479471975,-0.0869565217391,-0.0434782608696,0,75,6,24,401,0.757575757576,0.985257985258,0.014742014742,0.242424242424,0.925925925926,0.757575757576,0.833333333333,0.803654629006,0.742833742834,0.714285714286,32,50,0,23,23,23,1,0,8,0,0.0386050732335,0,0,1,3.88826011686,0,16,NaN,1,ok,2.18974518502,0,23,20,20,0.869565217391,0,7,0,0.064712287203,0,0,1,3.79476584022,0,16,NaN,1,ok,2.25294421488,0,23,20,20,0.869565217391,0,6,0,0.043465490662,0,0,1,5.46896568548,0,16,NaN,1,ok,3.19635363864,0,0,0,0
477,WLNM_dir_neg,0.8963,0.626160686916,00:00:00,10,50,77,509133323,fixed,validated_v2,/gpfs/scratch/acw792/wlnm_roleonly_v2_20260910/result_wlnm_dir_neg_roleonly_trophicv2_100x290_train10-90_Apocrita_20260910_011848/ecological_snapshots/Broadstone_Stream_tax_mass_K10_ratio0.5_exp77_seed509133323_threshold0.5_validated_v2.mat,role_only,2,uniform_without_replacement,uniform_remaining_nonlinks,176,0,176,407,198,198,176,22,0,22,0.111111111111,98,100,0.5,0.829268292683,0.68,0.747252747253,34,7,16,93,0.68,0.93,0.07,0.32,0.829268292683,0.68,0.747252747253,0.846666666667,0.575555555556,0.638743455497,0.645222732189,0.61,99,49,50,0,99,0,49,0,50,23,99,0.195652173913,2.18974518502,8.60869565217,6.6,4.5,4.59979377438,0.534319478842,0.291611769873,4.28989068105,0.996641269334,0.541062801932,2.91445898002,0.677096530713,0.355731225296,1.07629584498,0.491516479791,2.88826011686,2.18974518502,1.07629584498,2.88826011686,0.351612638569,0.458912768647,121,0.0683229813665,0.291765337837,23,23,23,1,0,0.347826086957,0.608695652174,0.0434782608696,23,0.096837944664,1.96491422656,4.26086956522,3.76923076923,2.45,2.57994699213,0.60549776346,0.338952972493,2.39894575,1.12603576021,0.59272404614,1.68696467135,0.79184056002,0.420585625555,1.00199811267,0.509944963058,2.825,2.00877396413,1.00272543938,2.825,0.212113617377,0.218884120172,17,0.00959909655562,0.139862452362,23,22,22,0.95652173913,0,0.391304347826,0.478260869565,0.0869565217391,23,90,0.177865612648,3.62635601811,7.82608695652,6,4.28571428571,4.60880751598,0.588903182598,0.328502415459,4.0216803756,1.02776276265,0.550724637681,2.71214513352,0.693103756345,0.36231884058,2.14334456006,0.591046369789,5.03010118301,3.74573583711,2.11406953561,5.03010118301,0.373403616585,0.465734265734,111,0.0626764539808,0.224304104499,23,22,22,0.95652173913,0,0.304347826087,0.608695652174,0.0434782608696,-9,-0.0177865612648,1.43661083308,-0.782608695652,-0.6,-0.214285714286,0.00901374160439,0.0545837037559,0.0368906455863,-0.268210305448,0.0311214933189,0.00966183574879,-0.202313846501,0.0160072256322,0.00658761528327,1.06704871508,0.099529889998,2.14184106615,1.55599065209,1.03777369063,2.14184106615,0.0217909780163,0.00682149708698,-10,-0.00564652738566,-0.0674612333381,-0.0434782608696,0,0,83,7,16,400,0.838383838384,0.982800982801,0.017199017199,0.161616161616,0.922222222222,0.838383838384,0.878306878307,0.85189838541,0.821184821185,0.783018867925,41,50,0,23,23,23,1,0,8,0,0.0386050732335,0,0,1,3.88826011686,0,16,NaN,1,ok,2.18974518502,0,23,22,22,0.95652173913,0,9,0,0.0528013990062,0,0,1,3.825,0,16,NaN,1,ok,2.00877396413,0,23,22,22,0.95652173913,0,7,0,0.0236079251745,0,0,1,6.03010118301,0,16,NaN,1,ok,3.74573583711,0,0,0,0
478,WLNM_dir_neg,0.8868,0.64831631774,00:00:00,10,50,78,509133324,fixed,validated_v2,/gpfs/scratch/acw792/wlnm_roleonly_v2_20260910/result_wlnm_dir_neg_roleonly_trophicv2_100x290_train10-90_Apocrita_20260910_011848/ecological_snapshots/Broadstone_Stream_tax_mass_K10_ratio0.5_exp78_seed509133324_threshold0.5_validated_v2.mat,role_only,2,uniform_without_replacement,uniform_remaining_nonlinks,176,0,176,407,198,198,176,22,0,22,0.111111111111,98,100,0.5,0.790697674419,0.68,0.731182795699,34,9,16,91,0.68,0.91,0.09,0.32,0.790697674419,0.68,0.731182795699,0.833333333333,0.571111111111,0.611398963731,0.615050671767,0.59,99,49,50,0,99,0,49,0,50,23,99,0.195652173913,2.18974518502,8.60869565217,6.6,4.5,4.59979377438,0.534319478842,0.291611769873,4.28989068105,0.996641269334,0.541062801932,2.91445898002,0.677096530713,0.355731225296,1.07629584498,0.491516479791,2.88826011686,2.18974518502,1.07629584498,2.88826011686,0.351612638569,0.458912768647,121,0.0683229813665,0.291765337837,23,23,23,1,0,0.347826086957,0.608695652174,0.0434782608696,23,0.096837944664,4.24392361111,4.26086956522,3.26666666667,2.72222222222,2.50848362932,0.588725749739,0.327417923691,2.30225872936,1.08065205664,0.569653948536,1.81669900009,0.852736265347,0.456078083407,4.06362407592,0.957515838711,12.5,4.39137468434,4.09579071647,12.5,0.143333333333,0.171875,11,0.00621118012422,0.125068714354,23,22,22,0.95652173913,0,0.304347826087,0.478260869565,0.173913043478,23,92,0.181818181818,13.5412801527,8,5.41176470588,4.18181818182,4.97265248406,0.621581560508,0.343100189036,4.22115882409,1.05528970602,0.5595463138,2.50454132981,0.626135332453,0.328922495274,8.78003962538,0.648390663689,21.0167702094,14.1113383414,8.53989835112,21.0167702094,0.496718937628,0.456140350877,104,0.0587238848108,0.168887699247,23,22,22,0.95652173913,0,0.217391304348,0.739130434783,0,-7,-0.0138339920949,11.3515349676,-0.608695652174,-1.18823529412,-0.318181818182,0.372858709687,0.0872620816663,0.0514884191633,-0.0687318569586,0.058648436688,0.0184835118673,-0.409917650214,-0.0509611982602,-0.0268087300223,7.7037437804,0.156874183898,18.1285100926,11.9215931564,7.46360250613,18.1285100926,0.145106299059,-0.00277241777009,-17,-0.00959909655562,-0.122877638589,-0.130434782609,0.130434782609,-0.0434782608696,83,9,16,398,0.838383838384,0.977886977887,0.022113022113,0.161616161616,0.902173913043,0.838383838384,0.869109947644,0.839566279816,0.816270816271,0.768518518519,43,50,0,23,23,23,1,0,8,0,0.0386050732335,0,0,1,3.88826011686,0,16,NaN,1,ok,2.18974518502,0,23,22,22,0.95652173913,0,7,0,0.011869248395,0,0,1,13.5,0,16,NaN,1,ok,4.39137468434,0,23,22,22,0.95652173913,0,5,0,0.00493071245478,0,0,1,22.0167702094,1,16,NaN,1,ok,NaN,3,0,0,0
479,WLNM_dir_neg,0.9071,0.819185179116,00:00:00,10,50,79,509133325,fixed,validated_v2,/gpfs/scratch/acw792/wlnm_roleonly_v2_20260910/result_wlnm_dir_neg_roleonly_trophicv2_100x290_train10-90_Apocrita_20260910_011848/ecological_snapshots/Broadstone_Stream_tax_mass_K10_ratio0.5_exp79_seed509133325_threshold0.5_validated_v2.mat,role_only,2,uniform_without_replacement,uniform_remaining_nonlinks,176,0,176,407,198,198,176,22,0,22,0.111111111111,98,100,0.5,0.725490196078,0.74,0.732673267327,37,14,13,86,0.74,0.86,0.14,0.26,0.725490196078,0.74,0.732673267327,0.82,0.553333333333,0.597014925373,0.597081434027,0.6,99,49,50,0,99,0,49,0,50,23,99,0.195652173913,2.18974518502,8.60869565217,6.6,4.5,4.59979377438,0.534319478842,0.291611769873,4.28989068105,0.996641269334,0.541062801932,2.91445898002,0.677096530713,0.355731225296,1.07629584498,0.491516479791,2.88826011686,2.18974518502,1.07629584498,2.88826011686,0.351612638569,0.458912768647,121,0.0683229813665,0.291765337837,23,23,23,1,0,0.347826086957,0.608695652174,0.0434782608696,23,0.096837944664,2.07406559878,4.26086956522,3.5,2.88235294118,2.7669706327,0.649391066858,0.353149955634,2.22188183603,1.04292412712,0.55900621118,1.76594934103,0.828914996812,0.4578527063,1.05890850479,0.510547258202,3.21520467836,2.07406559878,1.05890850479,3.21520467836,0.296157059315,0.340611353712,26,0.0146809712027,0.124058084772,23,23,23,1,0,0.391304347826,0.347826086957,0.260869565217,23,100,0.197628458498,4.75659815644,8.69565217391,5.55555555556,4.7619047619,4.69462732192,0.539882142021,0.298695652174,4.43753305393,1.0206326024,0.545217391304,2.62173945818,0.603000075381,0.335652173913,2.26764515683,0.476736752243,5.94663738351,4.75659815644,2.26764515683,5.94663738351,0.444995825431,0.456603773585,121,0.0683229813665,0.166602865833,23,23,23,1,0,0.217391304348,0.695652173913,0.0869565217391,1,0.00197628458498,2.56685297142,0.0869565217391,-1.04444444444,0.261904761905,0.094833547541,0.00556266317879,0.00708388230127,0.147642372885,0.0239913330703,0.00415458937198,-0.292719521848,-0.0740964553321,-0.0200790513834,1.19134931184,-0.0147797275485,3.05837726665,2.56685297142,1.19134931184,3.05837726665,0.0933831868614,-0.00230899506238,0,0,-0.125162472004,-0.130434782609,0.0869565217391,0.0434782608696,86,14,13,393,0.868686868687,0.965601965602,0.034398034398,0.131313131313,0.86,0.868686868687,0.86432160804,0.831128579464,0.834288834289,0.761061946903,51,50,0,23,23,23,1,0,8,0,0.0386050732335,0,0,1,3.88826011686,0,16,NaN,1,ok,2.18974518502,0,23,23,23,1,0,9,0,0.036585718091,0,0,1,4.21520467836,0,16,NaN,1,ok,2.07406559878,0,23,23,23,1,0,5,0,0.0144485452655,0,0,1,6.94663738351,0,16,NaN,1,ok,4.75659815644,0,0,0,0
480,WLNM_dir_neg,0.8378,0.731682386353,00:00:00,10,50,80,509133326,fixed,validated_v2,/gpfs/scratch/acw792/wlnm_roleonly_v2_20260910/result_wlnm_dir_neg_roleonly_trophicv2_100x290_train10-90_Apocrita_20260910_011848/ecological_snapshots/Broadstone_Stream_tax_mass_K10_ratio0.5_exp80_seed509133326_threshold0.5_validated_v2.mat,role_only,2,uniform_without_replacement,uniform_remaining_nonlinks,176,0,176,407,198,198,176,22,0,22,0.111111111111,98,100,0.5,0.8,0.56,0.658823529412,28,7,22,93,0.56,0.93,0.07,0.44,0.8,0.56,0.658823529412,0.806666666667,0.588888888889,0.52972972973,0.546132648324,0.49,99,49,50,0,99,0,49,0,50,23,99,0.195652173913,2.18974518502,8.60869565217,6.6,4.5,4.59979377438,0.534319478842,0.291611769873,4.28989068105,0.996641269334,0.541062801932,2.91445898002,0.677096530713,0.355731225296,1.07629584498,0.491516479791,2.88826011686,2.18974518502,1.07629584498,2.88826011686,0.351612638569,0.458912768647,121,0.0683229813665,0.291765337837,23,23,23,1,0,0.347826086957,0.608695652174,0.0434782608696,23,0.096837944664,2.33960973336,4.26086956522,3.26666666667,2.57894736842,2.45352050039,0.575826239888,0.318544809228,2.20132909906,1.03327692405,0.55190771961,1.89027049113,0.887269822368,0.459627329193,1.26269942182,0.539705149887,3.6528323051,2.46719161273,1.24792002802,3.6528323051,0.232142857143,0.278761061947,21,0.0118577075099,0.144396000825,23,21,21,0.913043478261,0,0.260869565217,0.565217391304,0.0869565217391,23,84,0.166007905138,3.18642664602,7.30434782609,4.66666666667,4.2,3.8071079767,0.521211211096,0.286749482402,3.43258047184,0.939873224432,0.506211180124,2.74041628643,0.750352078427,0.413043478261,1.53844480295,0.48281193131,4.23620080924,3.18642664602,1.53844480295,4.23620080924,0.401722351722,0.417112299465,78,0.0440429136081,0.173686310912,23,23,23,1,0,0.217391304348,0.652173913043,0.130434782609,-15,-0.0296442687747,0.996681460999,-1.30434782609,-1.93333333333,-0.3,-0.792685797678,-0.0131082677461,-0.00486228747098,-0.857310209208,-0.056768044902,-0.0348516218081,-0.174042693596,0.0732555477142,0.0573122529644,0.462148957963,-0.00870454848084,1.34794069238,0.996681460999,0.462148957963,1.34794069238,0.0501097131532,-0.041800469182,-43,-0.0242800677583,-0.118079026924,-0.130434782609,0.0434782608696,0.0869565217391,77,7,22,400,0.777777777778,0.982800982801,0.017199017199,0.222222222222,0.916666666667,0.777777777778,0.841530054645,0.810892207241,0.760578760579,0.72641509434,35,50,0,23,23,23,1,0,8,0,0.0386050732335,0,0,1,3.88826011686,0,16,NaN,1,ok,2.18974518502,0,23,21,21,0.913043478261,0,6,0,0.0171682627669,0,0,1,4.6528323051,0,16,NaN,1,ok,2.46719161273,0,23,23,23,1,0,5,0,0.0182492353763,0,0,1,5.23620080924,0,16,NaN,1,ok,3.18642664602,0,0,0,0
481,WLNM_dir_neg,0.879,0.720370419381,00:00:00,10,50,81,509133327,fixed,validated_v2,/gpfs/scratch/acw792/wlnm_roleonly_v2_20260910/result_wlnm_dir_neg_roleonly_trophicv2_100x290_train10-90_Apocrita_20260910_011848/ecological_snapshots/Broadstone_Stream_tax_mass_K10_ratio0.5_exp81_seed509133327_threshold0.5_validated_v2.mat,role_only,2,uniform_without_replacement,uniform_remaining_nonlinks,176,0,176,407,198,198,176,22,0,22,0.111111111111,98,100,0.5,0.755102040816,0.74,0.747474747475,37,12,13,88,0.74,0.88,0.12,0.26,0.755102040816,0.74,0.747474747475,0.833333333333,0.557777777778,0.623115577889,0.623186396761,0.62,99,49,50,0,99,0,49,0,50,23,99,0.195652173913,2.18974518502,8.60869565217,6.6,4.5,4.59979377438,0.534319478842,0.291611769873,4.28989068105,0.996641269334,0.541062801932,2.91445898002,0.677096530713,0.355731225296,1.07629584498,0.491516479791,2.88826011686,2.18974518502,1.07629584498,2.88826011686,0.351612638569,0.458912768647,121,0.0683229813665,0.291765337837,23,23,23,1,0,0.347826086957,0.608695652174,0.0434782608696,23,0.096837944664,2.11144627592,4.26086956522,3.5,2.57894736842,2.83191858037,0.664633952536,0.354924578527,2.43654650957,1.14368509633,0.59272404614,1.60409554879,0.752942808615,0.411712511091,1.10714791202,0.524355236811,2.83725305738,2.2172983022,1.10138911496,2.83725305738,0.267636684303,0.29381443299,19,0.0107284020327,0.11986862344,23,21,21,0.913043478261,0,0.304347826087,0.521739130435,0.0869565217391,23,98,0.193675889328,1,8.52173913043,5.44444444444,4.45454545455,5.00789889908,0.587661605504,0.318544809228,4.01381015206,0.94201666834,0.510204081633,2.97286808722,0.697713938838,0.377994676131,0,0,0,16.8953525038,9.11467694752,24.2579866697,0.492517271089,0.489130434783,120,0.0677583286279,0.191113778037,23,23,23,1,0,0.217391304348,0.739130434783,0.0434782608696,-1,-0.00197628458498,-1.18974518502,-0.0869565217391,-1.15555555556,-0.0454545454545,0.408105124702,0.0533421266624,0.0269330393554,-0.27608052899,-0.0546246009942,-0.0308587202997,0.058409107199,0.0206174081254,0.0222634508349,-1.07629584498,-0.491516479791,-2.88826011686,14.7056073188,8.03838110254,21.3697265529,0.14090463252,0.0302176661353,-1,-0.000564652738566,-0.1006515598,-0.130434782609,0.130434782609,0,86,12,13,395,0.868686868687,0.970515970516,0.029484029484,0.131313131313,0.877551020408,0.868686868687,0.873096446701,0.842439316343,0.839202839203,0.774774774775,49,50,0,23,23,23,1,0,8,0,0.0386050732335,0,0,1,3.88826011686,0,16,NaN,1,ok,2.18974518502,0,23,21,21,0.913043478261,0,7,0,0.0377931137782,0,0,1,3.83725305738,0,16,NaN,1,ok,2.2172983022,0,23,23,23,1,0,5,0,0.00269435067608,0,0,1,25.2579866697,1,16,NaN,1,ok,NaN,3,0,0,0
482,WLNM_dir_neg,0.9016,0.701864777344,00:00:00,10,50,82,509133328,fixed,validated_v2,/gpfs/scratch/acw792/wlnm_roleonly_v2_20260910/result_wlnm_dir_neg_roleonly_trophicv2_100x290_train10-90_Apocrita_20260910_011848/ecological_snapshots/Broadstone_Stream_tax_mass_K10_ratio0.5_exp82_seed509133328_threshold0.5_validated_v2.mat,role_only,2,uniform_without_replacement,uniform_remaining_nonlinks,176,0,176,407,198,198,176,22,0,22,0.111111111111,98,100,0.5,0.745098039216,0.76,0.752475247525,38,13,12,87,0.76,0.87,0.13,0.24,0.745098039216,0.76,0.752475247525,0.833333333333,0.553333333333,0.626865671642,0.626935505728,0.63,99,49,50,0,99,0,49,0,50,23,99,0.195652173913,2.18974518502,8.60869565217,6.6,4.5,4.59979377438,0.534319478842,0.291611769873,4.28989068105,0.996641269334,0.541062801932,2.91445898002,0.677096530713,0.355731225296,1.07629584498,0.491516479791,2.88826011686,2.18974518502,1.07629584498,2.88826011686,0.351612638569,0.458912768647,121,0.0683229813665,0.291765337837,23,23,23,1,0,0.347826086957,0.608695652174,0.0434782608696,23,0.096837944664,1.98583559783,4.26086956522,3.5,2.45,2.63227159597,0.617778027625,0.324755989352,2.2422461917,1.05248290631,0.55190771961,2.09554392648,0.98362265937,0.475598935226,0.920469486694,0.463517467257,2.44895833333,1.98583559783,0.920469486694,2.44895833333,0.194801587302,0.188405797101,13,0.00734048560136,0.162960452246,23,23,23,1,0,0.391304347826,0.478260869565,0.130434782609,23,100,0.197628458498,1,8.69565217391,5.55555555556,4.54545454545,4.11686975757,0.47344002212,0.258695652174,3.96127499736,0.911093249394,0.49652173913,2.94816885621,0.678078836929,0.366086956522,0,0,0,27.7357073209,16.8837296622,44.5624816276,0.364781595216,0.392857142857,99,0.055900621118,0.193504076982,23,23,23,1,0,0.217391304348,0.739130434783,0.0434782608696,1,0.00197628458498,-1.18974518502,0.0869565217391,-1.04444444444,0.0454545454545,-0.482924016808,-0.0608794567213,-0.0329161176987,-0.328615683683,-0.0855480199404,-0.0445410628019,0.0337098761884,0.000982306216197,0.0103557312253,-1.07629584498,-0.491516479791,-2.88826011686,25.5459621359,15.8074338173,41.6742215107,0.0131689566472,-0.0660556257901,-22,-0.0124223602484,-0.0982612608552,-0.130434782609,0.130434782609,0,87,13,12,394,0.878787878788,0.968058968059,0.031941031941,0.121212121212,0.87,0.878787878788,0.874371859296,0.843639022742,0.846846846847,0.776785714286,51,50,0,23,23,23,1,0,8,0,0.0386050732335,0,0,1,3.88826011686,0,16,NaN,1,ok,2.18974518502,0,23,23,23,1,0,9,0,0.0298750344425,0,0,1,3.44895833333,0,16,NaN,1,ok,1.98583559783,0,23,23,23,1,0,5,0,0.00165565273061,0,0,1,45.5624816276,1,16,NaN,1,ok,NaN,3,0,0,0
483,WLNM_dir_neg,0.8251,0.666103187386,00:00:00,10,50,83,509133329,fixed,validated_v2,/gpfs/scratch/acw792/wlnm_roleonly_v2_20260910/result_wlnm_dir_neg_roleonly_trophicv2_100x290_train10-90_Apocrita_20260910_011848/ecological_snapshots/Broadstone_Stream_tax_mass_K10_ratio0.5_exp83_seed509133329_threshold0.5_validated_v2.mat,role_only,2,uniform_without_replacement,uniform_remaining_nonlinks,176,0,176,407,198,198,176,22,0,22,0.111111111111,98,100,0.5,0.710526315789,0.54,0.613636363636,27,11,23,89,0.54,0.89,0.11,0.46,0.710526315789,0.54,0.613636363636,0.773333333333,0.582222222222,0.457446808511,0.466071608619,0.43,99,49,50,0,99,0,49,0,50,23,99,0.195652173913,2.18974518502,8.60869565217,6.6,4.5,4.59979377438,0.534319478842,0.291611769873,4.28989068105,0.996641269334,0.541062801932,2.91445898002,0.677096530713,0.355731225296,1.07629584498,0.491516479791,2.88826011686,2.18974518502,1.07629584498,2.88826011686,0.351612638569,0.458912768647,121,0.0683229813665,0.291765337837,23,23,23,1,0,0.347826086957,0.608695652174,0.0434782608696,23,0.096837944664,2.0843531049,4.26086956522,3.5,2.33333333333,2.63227159597,0.617778027625,0.336291038154,2.43654650957,1.14368509633,0.598047914818,1.25424181466,0.588725749739,0.32298136646,1.07954805336,0.517929544096,3.18432671082,2.0843531049,1.07954805336,3.18432671082,0.203849206349,0.227488151659,16,0.00903444381705,0.0945938981653,23,23,23,1,0,0.391304347826,0.521739130435,0.0869565217391,23,87,0.171936758893,3.28756792112,7.5652173913,4.83333333333,3.78260869565,3.81177704867,0.503855586893,0.268865567216,3.72895941784,0.985816857591,0.527736131934,1.73090942306,0.457596744027,0.245877061469,1.57175148117,0.478089432335,4.82311350496,3.28756792112,1.57175148117,4.82311350496,0.329621103534,0.326315789474,62,0.0350084697911,0.116408632737,23,23,23,1,0,0.217391304348,0.782608695652,0,-12,-0.0237154150198,1.0978227361,-1.04347826087,-1.76666666667,-0.717391304348,-0.788016725706,-0.0304638919485,-0.0227462026562,-0.560931263204,-0.0108244117435,-0.0133266699983,-1.18354955697,-0.219499786686,-0.109854163827,0.495455636189,-0.0134270474561,1.93485338811,1.0978227361,0.495455636189,1.93485338811,-0.021991535035,-0.132596979174,-59,-0.0333145115754,-0.1753567051,-0.130434782609,0.173913043478,-0.0434782608696,76,11,23,396,0.767676767677,0.972972972973,0.027027027027,0.232323232323,0.873563218391,0.767676767677,0.817204301075,0.778683620046,0.74064974065,0.690909090909,38,50,0,23,23,23,1,0,8,0,0.0386050732335,0,0,1,3.88826011686,0,16,NaN,1,ok,2.18974518502,0,23,23,23,1,0,9,0,0.0544458372653,0,0,1,4.18432671082,0,16,NaN,1,ok,2.0843531049,0,23,23,23,1,0,5,0,0.0281617007244,0,0,1,5.82311350496,0,16,NaN,1,ok,3.28756792112,0,0,0,0
484,WLNM_dir_neg,0.8458,0.7649942816,00:00:00,10,50,84,509133330,fixed,validated_v2,/gpfs/scratch/acw792/wlnm_roleonly_v2_20260910/result_wlnm_dir_neg_roleonly_trophicv2_100x290_train10-90_Apocrita_20260910_011848/ecological_snapshots/Broadstone_Stream_tax_mass_K10_ratio0.5_exp84_seed509133330_threshold0.5_validated_v2.mat,role_only,2,uniform_without_replacement,uniform_remaining_nonlinks,176,0,176,407,198,198,176,22,0,22,0.111111111111,98,100,0.5,0.866666666667,0.52,0.65,26,4,24,96,0.52,0.96,0.04,0.48,0.866666666667,0.52,0.65,0.813333333333,0.6,0.533333333333,0.565685424949,0.48,99,49,50,0,99,0,49,0,50,23,99,0.195652173913,2.18974518502,8.60869565217,6.6,4.5,4.59979377438,0.534319478842,0.291611769873,4.28989068105,0.996641269334,0.541062801932,2.91445898002,0.677096530713,0.355731225296,1.07629584498,0.491516479791,2.88826011686,2.18974518502,1.07629584498,2.88826011686,0.351612638569,0.458912768647,121,0.0683229813665,0.291765337837,23,23,23,1,0,0.347826086957,0.608695652174,0.0434782608696,23,0.096837944664,2.17624852033,4.26086956522,3.76923076923,2.57894736842,3.20819109758,0.752942808615,0.401952085182,2.89677481828,1.35971062899,0.665483584738,1.76594934103,0.828914996812,0.448979591837,1.28876827755,0.592197198761,3.71523178808,2.28827218893,1.29440457931,3.71523178808,0.32596553773,0.385892116183,31,0.0175042348955,0.110186110186,23,21,21,0.913043478261,0,0.347826086957,0.478260869565,0.0869565217391,23,79,0.156126482213,2.42290919567,6.86956521739,5.26666666667,3.59090909091,4.44465304737,0.647006456262,0.352228948817,4.09906959462,1.19340000856,0.611997798569,2.33210959817,0.678968617188,0.372041827188,1.30255420357,0.537599265335,3.52291105121,2.42290919567,1.30255420357,3.52291105121,0.433540953995,0.487179487179,95,0.0536420101637,0.154812002501,23,23,23,1,0,0.347826086957,0.608695652174,0.0434782608696,-20,-0.0395256916996,0.233164010647,-1.73913043478,-1.33333333333,-0.909090909091,-0.155140727011,0.11268697742,0.0606171789441,-0.190821086432,0.196758739225,0.0709349966367,-0.582349381857,0.0018720864753,0.0163106018912,0.226258358584,0.0460827855439,0.634650934355,0.233164010647,0.226258358584,0.634650934355,0.0819283154263,0.0282667185322,-26,-0.0146809712027,-0.136953335336,0,0,0,75,4,24,403,0.757575757576,0.990171990172,0.00982800982801,0.242424242424,0.949367088608,0.757575757576,0.842696629213,0.817226483808,0.747747747748,0.728155339806,30,50,0,23,23,23,1,0,8,0,0.0386050732335,0,0,1,3.88826011686,0,16,NaN,1,ok,2.18974518502,0,23,21,21,0.913043478261,0,8,0,0.0293605429302,0,0,1,4.71523178808,0,16,NaN,1,ok,2.28827218893,0,23,23,23,1,0,8,0,0.0279681267061,0,0,1,4.52291105121,0,16,NaN,1,ok,2.42290919567,0,0,0,0
485,WLNM_dir_neg,0.8782,0.750028657905,00:00:00,10,50,85,509133331,fixed,validated_v2,/gpfs/scratch/acw792/wlnm_roleonly_v2_20260910/result_wlnm_dir_neg_roleonly_trophicv2_100x290_train10-90_Apocrita_20260910_011848/ecological_snapshots/Broadstone_Stream_tax_mass_K10_ratio0.5_exp85_seed509133331_threshold0.5_validated_v2.mat,role_only,2,uniform_without_replacement,uniform_remaining_nonlinks,176,0,176,407,198,198,176,22,0,22,0.111111111111,98,100,0.5,0.809523809524,0.68,0.739130434783,34,8,16,92,0.68,0.92,0.08,0.32,0.809523809524,0.68,0.739130434783,0.84,0.573333333333,0.625,0.629940788349,0.6,99,49,50,0,99,0,49,0,50,23,99,0.195652173913,2.18974518502,8.60869565217,6.6,4.5,4.59979377438,0.534319478842,0.291611769873,4.28989068105,0.996641269334,0.541062801932,2.91445898002,0.677096530713,0.355731225296,1.07629584498,0.491516479791,2.88826011686,2.18974518502,1.07629584498,2.88826011686,0.351612638569,0.458912768647,121,0.0683229813665,0.291765337837,23,23,23,1,0,0.347826086957,0.608695652174,0.0434782608696,23,0.096837944664,2.15557889186,4.26086956522,3.26666666667,2.57894736842,2.54446621129,0.597170641425,0.331854480923,1.93776693941,0.9095640736,0.496894409938,2.11712386004,0.993752015935,0.489795918367,1.0321964384,0.47884883374,2.6665621079,2.20810520513,1.02454142703,2.6665621079,0.174937343358,0.22966507177,16,0.00903444381705,0.154977324263,23,22,22,0.95652173913,0,0.304347826087,0.521739130435,0.130434782609,23,91,0.179841897233,4.26496599553,7.91304347826,5.6875,4.13636363636,4.48140647036,0.566331586913,0.315814620162,3.9135924077,0.989149729418,0.53320592451,2.94615714062,0.744633123454,0.394648829431,2.44065002252,0.572255447072,5.96129540473,4.26496599553,2.44065002252,5.96129540473,0.398624859988,0.468468468468,104,0.0587238848108,0.221754966847,23,23,23,1,0,0.304347826087,0.652173913043,0.0434782608696,-8,-0.0158102766798,2.0752208105,-0.695652173913,-0.9125,-0.363636363636,-0.118387304019,0.0320121080716,0.0242028502898,-0.376298273349,-0.00749153991586,-0.00785687742209,0.0316981605968,0.067536592741,0.038917604135,1.36435417753,0.080738967281,3.07303528787,2.0752208105,1.36435417753,3.07303528787,0.0470122214193,0.00955569982119,-17,-0.00959909655562,-0.0700103709899,-0.0434782608696,0.0434782608696,0,83,8,16,399,0.838383838384,0.980343980344,0.019656019656,0.161616161616,0.912087912088,0.838383838384,0.873684210526,0.845686902389,0.818727818728,0.775700934579,42,50,0,23,23,23,1,0,8,0,0.0386050732335,0,0,1,3.88826011686,0,16,NaN,1,ok,2.18974518502,0,23,22,22,0.95652173913,0,7,0,0.0321680609649,0,0,1,3.6665621079,0,16,NaN,1,ok,2.20810520513,0,23,23,23,1,0,7,0,0.0134233773718,0,0,1,6.96129540473,0,16,NaN,1,ok,4.26496599553,0,0,0,0
486,WLNM_dir_neg,0.9142,0.857335507197,00:00:00,10,50,86,509133332,fixed,validated_v2,/gpfs/scratch/acw792/wlnm_roleonly_v2_20260910/result_wlnm_dir_neg_roleonly_trophicv2_100x290_train10-90_Apocrita_20260910_011848/ecological_snapshots/Broadstone_Stream_tax_mass_K10_ratio0.5_exp86_seed509133332_threshold0.5_validated_v2.mat,role_only,2,uniform_without_replacement,uniform_remaining_nonlinks,176,0,176,407,198,198,176,22,0,22,0.111111111111,98,100,0.5,0.860465116279,0.74,0.795698924731,37,6,13,94,0.74,0.94,0.06,0.26,0.860465116279,0.74,0.795698924731,0.873333333333,0.571111111111,0.704663212435,0.708871960681,0.68,99,49,50,0,99,0,49,0,50,23,99,0.195652173913,2.18974518502,8.60869565217,6.6,4.5,4.59979377438,0.534319478842,0.291611769873,4.28989068105,0.996641269334,0.541062801932,2.91445898002,0.677096530713,0.355731225296,1.07629584498,0.491516479791,2.88826011686,2.18974518502,1.07629584498,2.88826011686,0.351612638569,0.458912768647,121,0.0683229813665,0.291765337837,23,23,23,1,0,0.347826086957,0.608695652174,0.0434782608696,23,0.096837944664,2.08630534963,4.26086956522,3.5,2.57894736842,2.75049402677,0.645524108324,0.334516415262,2.22188183603,1.04292412712,0.55900621118,1.84154944213,0.864400758553,0.461401952085,1.02756057,0.492526451214,2.70668202765,2.13568286552,1.02343207787,2.70668202765,0.296950710109,0.293023255814,21,0.0118577075099,0.135683760684,23,22,22,0.95652173913,0,0.347826086957,0.478260869565,0.130434782609,23,92,0.181818181818,5.69012339529,8,5.11111111111,4.38095238095,4.53270940448,0.56658867556,0.308601134216,3.98862017609,0.997155044022,0.534026465028,2.64575131106,0.661437827766,0.361058601134,3.47965321999,0.611525089749,9.34457964602,5.69012339529,3.47965321999,9.34457964602,0.361575293393,0.460486322188,101,0.0570299265951,0.169929028637,23,23,23,1,0,0.217391304348,0.695652173913,0.0869565217391,-7,-0.0138339920949,3.50037821027,-0.608695652174,-1.48888888889,-0.119047619048,-0.0670843698979,0.0322691967181,0.0169893643429,-0.30127050496,0.000513774687624,-0.00703633690401,-0.26870766896,-0.0156587029466,0.00532737583777,2.40335737501,0.120008609958,6.45631952916,3.50037821027,2.40335737501,6.45631952916,0.00996265482431,0.00157355354117,-20,-0.0112930547713,-0.1218363092,-0.130434782609,0.0869565217391,0.0434782608696,86,6,13,401,0.868686868687,0.985257985258,0.014742014742,0.131313131313,0.934782608696,0.868686868687,0.900523560209,0.878315492731,0.853944853945,0.819047619048,43,50,0,23,23,23,1,0,8,0,0.0386050732335,0,0,1,3.88826011686,0,16,NaN,1,ok,2.18974518502,0,23,22,22,0.95652173913,0,8,0,0.0403703968407,0,0,1,3.70668202765,0,16,NaN,1,ok,2.13568286552,0,23,23,23,1,0,5,0,0.00835250534632,0,0,1,10.344579646,0,16,NaN,1,ok,5.69012339529,0,0,0,0
487,WLNM_dir_neg,0.8961,0.618234565723,00:00:00,10,50,87,509133333,fixed,validated_v2,/gpfs/scratch/acw792/wlnm_roleonly_v2_20260910/result_wlnm_dir_neg_roleonly_trophicv2_100x290_train10-90_Apocrita_20260910_011848/ecological_snapshots/Broadstone_Stream_tax_mass_K10_ratio0.5_exp87_seed509133333_threshold0.5_validated_v2.mat,role_only,2,uniform_without_replacement,uniform_remaining_nonlinks,176,0,176,407,198,198,176,22,0,22,0.111111111111,98,100,0.5,0.813953488372,0.7,0.752688172043,35,8,15,92,0.7,0.92,0.08,0.3,0.813953488372,0.7,0.752688172043,0.846666666667,0.571111111111,0.642487046632,0.646324434739,0.62,99,49,50,0,99,0,49,0,50,23,99,0.195652173913,2.18974518502,8.60869565217,6.6,4.5,4.59979377438,0.534319478842,0.291611769873,4.28989068105,0.996641269334,0.541062801932,2.91445898002,0.677096530713,0.355731225296,1.07629584498,0.491516479791,2.88826011686,2.18974518502,1.07629584498,2.88826011686,0.351612638569,0.458912768647,121,0.0683229813665,0.291765337837,23,23,23,1,0,0.347826086957,0.608695652174,0.0434782608696,23,0.096837944664,2.06361785662,4.26086956522,3.26666666667,2.72222222222,2.79963295166,0.657056713145,0.364685004437,2.3799226081,1.11710653033,0.578527062999,1.79150388389,0.840909986318,0.447204968944,0.974672842986,0.47231266189,2.8734671126,2.16491479535,0.959730924876,2.8734671126,0.225689223058,0.351219512195,24,0.0135516657256,0.129631003917,23,21,21,0.913043478261,0,0.260869565217,0.521739130435,0.130434782609,23,92,0.181818181818,4.1520178722,8,5.41176470588,4.84210526316,5.15222811466,0.644028514332,0.355860113422,3.91964747951,0.979911869878,0.52741020794,3.06000594176,0.765001485441,0.42438563327,2.12630584353,0.512113846563,6.05043499997,4.4522100505,1.97107874436,6.05043499997,0.479643689644,0.506493506494,117,0.0660643704122,0.202930334516,23,21,21,0.913043478261,0,0.173913043478,0.652173913043,0.0869565217391,-7,-0.0138339920949,1.96227268717,-0.608695652174,-1.18823529412,0.342105263158,0.552434340279,0.10970903549,0.0642483435489,-0.370243201536,-0.0167293994565,-0.0136525939929,0.14554696174,0.0879049547285,0.0686544079739,1.05000999855,0.0205973667721,3.16217488312,2.26246486548,0.89478289938,3.16217488312,0.128031051075,0.0475807378462,-4,-0.00225861095426,-0.0888350033212,-0.173913043478,0.0434782608696,0.0434782608696,84,8,15,399,0.848484848485,0.980343980344,0.019656019656,0.151515151515,0.913043478261,0.848484848485,0.879581151832,0.852482684121,0.828828828829,0.785046728972,43,50,0,23,23,23,1,0,8,0,0.0386050732335,0,0,1,3.88826011686,0,16,NaN,1,ok,2.18974518502,0,23,21,21,0.913043478261,0,6,0,0.0209719701553,0,0,1,3.8734671126,0,16,NaN,1,ok,2.16491479535,0,23,21,21,0.913043478261,0,4,0,0.0162833272797,0,0,1,7.05043499997,0,16,NaN,1,ok,4.4522100505,0,0,0,0
488,WLNM_dir_neg,0.8854,0.483121875355,00:00:00,10,50,88,509133334,fixed,validated_v2,/gpfs/scratch/acw792/wlnm_roleonly_v2_20260910/result_wlnm_dir_neg_roleonly_trophicv2_100x290_train10-90_Apocrita_20260910_011848/ecological_snapshots/Broadstone_Stream_tax_mass_K10_ratio0.5_exp88_seed509133334_threshold0.5_validated_v2.mat,role_only,2,uniform_without_replacement,uniform_remaining_nonlinks,176,0,176,407,198,198,176,22,0,22,0.111111111111,98,100,0.5,0.804347826087,0.74,0.770833333333,37,9,13,91,0.74,0.91,0.09,0.26,0.804347826087,0.74,0.770833333333,0.853333333333,0.564444444444,0.663265306122,0.664511916339,0.65,99,49,50,0,99,0,49,0,50,23,99,0.195652173913,2.18974518502,8.60869565217,6.6,4.5,4.59979377438,0.534319478842,0.291611769873,4.28989068105,0.996641269334,0.541062801932,2.91445898002,0.677096530713,0.355731225296,1.07629584498,0.491516479791,2.88826011686,2.18974518502,1.07629584498,2.88826011686,0.351612638569,0.458912768647,121,0.0683229813665,0.291765337837,23,23,23,1,0,0.347826086957,0.608695652174,0.0434782608696,23,0.096837944664,1.88848828775,4.26086956522,3.76923076923,2.45,2.59750564448,0.609618671664,0.332741792369,2.43654650957,1.14368509633,0.601597160603,1.48643404361,0.697713938838,0.381543921917,0.90714813529,0.480356770637,2.4259077527,1.88848828775,0.90714813529,2.4259077527,0.15119047619,0.206349206349,13,0.00734048560136,0.114892052392,23,23,23,1,0,0.434782608696,0.434782608696,0.130434782609,23,95,0.187747035573,1,8.26086956522,5.27777777778,4.13043478261,4.75028603258,0.575034624996,0.313501144165,4.44465304737,1.07607389568,0.563844393593,2.66806616768,0.645952861648,0.329519450801,0,0,0,NaN,NaN,NaN,0.460767493376,0.44105409154,106,0.059853190288,0.226709441044,23,23,0,1,7,0.217391304348,0.782608695652,0,-4,-0.00790513833992,-1.18974518502,-0.347826086957,-1.32222222222,-0.369565217391,0.150492258201,0.0407151461545,0.0218893742921,0.154762366319,0.0794326263439,0.0227815916603,-0.246392812348,-0.0311436690648,-0.0262117744955,-1.07629584498,-0.491516479791,-2.88826011686,NaN,NaN,NaN,0.109154854807,-0.0178586771078,-15,-0.00846979107849,-0.0650558967925,-0.130434782609,0.173913043478,-0.0434782608696,86,9,13,398,0.868686868687,0.977886977887,0.022113022113,0.131313131313,0.905263157895,0.868686868687,0.886597938144,0.85999699929,0.846573846574,0.796296296296,46,50,0,23,23,23,1,0,8,0,0.0386050732335,0,0,1,3.88826011686,0,16,NaN,1,ok,2.18974518502,0,23,23,23,1,0,10,0,0.0574116882941,0,0,1,3.4259077527,0,16,NaN,1,ok,1.88848828775,0,23,23,0,1,7,5,8,NaN,NaN,NaN,NaN,NaN,0,0,NaN,0,basal_unreachable_in_lcc,NaN,2,0,0,0
489,WLNM_dir_neg,0.8274,0.594239710758,00:00:00,10,50,89,509133335,fixed,validated_v2,/gpfs/scratch/acw792/wlnm_roleonly_v2_20260910/result_wlnm_dir_neg_roleonly_trophicv2_100x290_train10-90_Apocrita_20260910_011848/ecological_snapshots/Broadstone_Stream_tax_mass_K10_ratio0.5_exp89_seed509133335_threshold0.5_validated_v2.mat,role_only,2,uniform_without_replacement,uniform_remaining_nonlinks,176,0,176,407,198,198,176,22,0,22,0.111111111111,98,100,0.5,0.697674418605,0.6,0.645161290323,30,13,20,87,0.6,0.87,0.13,0.4,0.697674418605,0.6,0.645161290323,0.78,0.571111111111,0.487046632124,0.489955619883,0.47,99,49,50,0,99,0,49,0,50,23,99,0.195652173913,2.18974518502,8.60869565217,6.6,4.5,4.59979377438,0.534319478842,0.291611769873,4.28989068105,0.996641269334,0.541062801932,2.91445898002,0.677096530713,0.355731225296,1.07629584498,0.491516479791,2.88826011686,2.18974518502,1.07629584498,2.88826011686,0.351612638569,0.458912768647,121,0.0683229813665,0.291765337837,23,23,23,1,0,0.347826086957,0.608695652174,0.0434782608696,23,0.096837944664,2.24560093271,4.26086956522,3.26666666667,2.45,2.78334970371,0.653235134543,0.362910381544,2.2422461917,1.05248290631,0.557231588287,1.89027049113,0.887269822368,0.456078083407,1.15380858078,0.513808381522,3.41082164329,2.30221915693,1.14779266228,3.41082164329,0.302987861811,0.3,22,0.0124223602484,0.115060468632,23,22,22,0.95652173913,0,0.304347826087,0.565217391304,0.0869565217391,23,92,0.181818181818,1,8,4.38095238095,4,4.7863442113,0.598293026413,0.328922495274,3.76587548677,0.941468871691,0.490548204159,2.74689907813,0.686724769534,0.353497164461,0,0,0,67.9014441026,22.6816699761,79.1493362129,0.415752122274,0.468335787923,106,0.059853190288,0.1433293599,23,23,23,1,0,0.0869565217391,0.913043478261,0,-7,-0.0138339920949,-1.18974518502,-0.608695652174,-2.21904761905,-0.5,0.186550436928,0.0639735475713,0.0373107254015,-0.524015194282,-0.0551723976429,-0.0505145977736,-0.16755990189,0.0096282388208,-0.00223406083519,-1.07629584498,-0.491516479791,-2.88826011686,65.7116989175,21.6053741312,76.261076096,0.0641394837047,0.00942301927613,-15,-0.00846979107849,-0.148435977937,-0.260869565217,0.304347826087,-0.0434782608696,79,13,20,394,0.79797979798,0.968058968059,0.031941031941,0.20202020202,0.858695652174,0.79797979798,0.82722513089,0.787900662597,0.766038766039,0.705357142857,43,50,0,23,23,23,1,0,8,0,0.0386050732335,0,0,1,3.88826011686,0,16,NaN,1,ok,2.18974518502,0,23,22,22,0.95652173913,0,7,0,0.0406918496477,0,0,1,4.41082164329,0,16,NaN,1,ok,2.30221915693,0,23,23,23,1,0,2,0,0.000603164569247,0,0,1,80.1493362129,1,16,NaN,1,ok,NaN,3,0,0,0
490,WLNM_dir_neg,0.8364,0.550920815698,00:00:00,10,50,90,509133336,fixed,validated_v2,/gpfs/scratch/acw792/wlnm_roleonly_v2_20260910/result_wlnm_dir_neg_roleonly_trophicv2_100x290_train10-90_Apocrita_20260910_011848/ecological_snapshots/Broadstone_Stream_tax_mass_K10_ratio0.5_exp90_seed509133336_threshold0.5_validated_v2.mat,role_only,2,uniform_without_replacement,uniform_remaining_nonlinks,176,0,176,407,198,198,176,22,0,22,0.111111111111,98,100,0.5,0.809523809524,0.68,0.739130434783,34,8,16,92,0.68,0.92,0.08,0.32,0.809523809524,0.68,0.739130434783,0.84,0.573333333333,0.625,0.629940788349,0.6,99,49,50,0,99,0,49,0,50,23,99,0.195652173913,2.18974518502,8.60869565217,6.6,4.5,4.59979377438,0.534319478842,0.291611769873,4.28989068105,0.996641269334,0.541062801932,2.91445898002,0.677096530713,0.355731225296,1.07629584498,0.491516479791,2.88826011686,2.18974518502,1.07629584498,2.88826011686,0.351612638569,0.458912768647,121,0.0683229813665,0.291765337837,23,23,23,1,0,0.347826086957,0.608695652174,0.0434782608696,23,0.096837944664,1.82091608517,4.26086956522,3.5,2.45,2.33972397953,0.549118893155,0.30612244898,2.4178192245,1.13489473803,0.596273291925,1.93776693941,0.9095640736,0.441881100266,0.774509894213,0.425340794407,2.24691358025,1.82091608517,0.774509894213,2.24691358025,0.125714285714,0.158653846154,11,0.00621118012422,0.144318776462,23,23,23,1,0,0.391304347826,0.478260869565,0.130434782609,23,91,0.179841897233,2.08907032544,7.91304347826,6.5,4.13636363636,3.86020540525,0.487828155609,0.265169612996,4.24776155885,1.07361006433,0.574295269947,2.3056898173,0.58275676701,0.305781175346,1.01920796456,0.487876330511,2.66460937912,2.08907032544,1.01920796456,2.66460937912,0.312585240846,0.368740515933,81,0.0457368718238,0.207988882302,23,23,23,1,0,0.391304347826,0.565217391304,0.0434782608696,-8,-0.0158102766798,-0.100674859582,-0.695652173913,-0.1,-0.363636363636,-0.739588369123,-0.0464913232328,-0.0264421568769,-0.0421291221942,0.0769687949913,0.0332324680151,-0.608769162725,-0.0943397637031,-0.04995004995,-0.0570878804261,-0.00364014927993,-0.223650737737,-0.100674859582,-0.0570878804261,-0.223650737737,-0.039027397723,-0.090172252714,-40,-0.0225861095426,-0.0837764555347,0.0434782608696,-0.0434782608696,0,83,8,16,399,0.838383838384,0.980343980344,0.019656019656,0.161616161616,0.912087912088,0.838383838384,0.873684210526,0.845686902389,0.818727818728,0.775700934579,42,50,0,23,23,23,1,0,8,0,0.0386050732335,0,0,1,3.88826011686,0,16,NaN,1,ok,2.18974518502,0,23,23,23,1,0,9,0,0.0361553647675,0,0,1,3.24691358025,0,16,NaN,1,ok,1.82091608517,0,23,23,23,1,0,9,0,0.0572219072305,0,0,1,3.66460937912,0,16,NaN,1,ok,2.08907032544,0,0,0,0
491,WLNM_dir_neg,0.8869,0.743596248432,00:00:00,10,50,91,509133337,fixed,validated_v2,/gpfs/scratch/acw792/wlnm_roleonly_v2_20260910/result_wlnm_dir_neg_roleonly_trophicv2_100x290_train10-90_Apocrita_20260910_011848/ecological_snapshots/Broadstone_Stream_tax_mass_K10_ratio0.5_exp91_seed509133337_threshold0.5_validated_v2.mat,role_only,2,uniform_without_replacement,uniform_remaining_nonlinks,176,0,176,407,198,198,176,22,0,22,0.111111111111,98,100,0.5,0.794871794872,0.62,0.696629213483,31,8,19,92,0.62,0.92,0.08,0.38,0.794871794872,0.62,0.696629213483,0.82,0.58,0.571428571429,0.580343292197,0.54,99,49,50,0,99,0,49,0,50,23,99,0.195652173913,2.18974518502,8.60869565217,6.6,4.5,4.59979377438,0.534319478842,0.291611769873,4.28989068105,0.996641269334,0.541062801932,2.91445898002,0.677096530713,0.355731225296,1.07629584498,0.491516479791,2.88826011686,2.18974518502,1.07629584498,2.88826011686,0.351612638569,0.458912768647,121,0.0683229813665,0.291765337837,23,23,23,1,0,0.347826086957,0.608695652174,0.0434782608696,23,0.096837944664,2.17718196457,4.26086956522,3.26666666667,2.57894736842,2.63227159597,0.617778027625,0.333629103815,2.262427253,1.06195564937,0.566104702751,1.79150388389,0.840909986318,0.413487133984,1.10376326156,0.5069687695,3.07814814815,2.17718196457,1.10376326156,3.07814814815,0.283219954649,0.267857142857,20,0.0112930547713,0.132766439909,23,23,23,1,0,0.347826086957,0.478260869565,0.173913043478,23,88,0.173913043478,4.20396235566,7.65217391304,4.88888888889,4.4,4.38601802894,0.5731728106,0.299901185771,3.67611670001,0.960803228412,0.518774703557,2.88652313524,0.754432183074,0.398221343874,2.14555186109,0.510364194436,6.25732366325,4.20396235566,2.14555186109,6.25732366325,0.394352869353,0.405405405405,85,0.0479954827781,0.197854811897,23,23,23,1,0,0.217391304348,0.652173913043,0.130434782609,-11,-0.0217391304348,2.01421717064,-0.95652173913,-1.71111111111,-0.1,-0.213775745436,0.0388533317585,0.00828941589811,-0.613773981037,-0.0358380409224,-0.0222880983751,-0.0279358447843,0.0773356523614,0.0424901185771,1.06925601611,0.0188477146452,3.3690635464,2.01421717064,1.06925601611,3.3690635464,0.0427402307837,-0.0535073632419,-36,-0.0203274985884,-0.0939105259393,-0.130434782609,0.0434782608696,0.0869565217391,80,8,19,399,0.808080808081,0.980343980344,0.019656019656,0.191919191919,0.909090909091,0.808080808081,0.855614973262,0.825174113309,0.788424788425,0.747663551402,39,50,0,23,23,23,1,0,8,0,0.0386050732335,0,0,1,3.88826011686,0,16,NaN,1,ok,2.18974518502,0,23,23,23,1,0,8,0,0.021020327591,0,0,1,4.07814814815,0,16,NaN,1,ok,2.17718196457,0,23,23,23,1,0,5,0,0.0107090605248,0,0,1,7.25732366325,0,16,NaN,1,ok,4.20396235566,0,0,0,0
492,WLNM_dir_neg,0.8986,0.774225666289,00:00:00,10,50,92,509133338,fixed,validated_v2,/gpfs/scratch/acw792/wlnm_roleonly_v2_20260910/result_wlnm_dir_neg_roleonly_trophicv2_100x290_train10-90_Apocrita_20260910_011848/ecological_snapshots/Broadstone_Stream_tax_mass_K10_ratio0.5_exp92_seed509133338_threshold0.5_validated_v2.mat,role_only,2,uniform_without_replacement,uniform_remaining_nonlinks,176,0,176,407,198,198,176,22,0,22,0.111111111111,98,100,0.5,0.770833333333,0.74,0.755102040816,37,11,13,89,0.74,0.89,0.11,0.26,0.770833333333,0.74,0.755102040816,0.84,0.56,0.636363636364,0.63665601572,0.63,99,49,50,0,99,0,49,0,50,23,99,0.195652173913,2.18974518502,8.60869565217,6.6,4.5,4.59979377438,0.534319478842,0.291611769873,4.28989068105,0.996641269334,0.541062801932,2.91445898002,0.677096530713,0.355731225296,1.07629584498,0.491516479791,2.88826011686,2.18974518502,1.07629584498,2.88826011686,0.351612638569,0.458912768647,121,0.0683229813665,0.291765337837,23,23,23,1,0,0.347826086957,0.608695652174,0.0434782608696,23,0.096837944664,1.96200752596,4.26086956522,3.5,2.45,2.32021533688,0.544540334165,0.29636202307,2.3414127015,1.09903045172,0.583850931677,1.48643404361,0.697713938838,0.362023070098,0.960441487496,0.489519777468,2.61070559611,1.96200752596,0.960441487496,2.61070559611,0.152056277056,0.201030927835,13,0.00734048560136,0.108154940298,23,23,23,1,0,0.391304347826,0.478260869565,0.130434782609,23,97,0.191699604743,1,8.4347826087,5.70588235294,4.40909090909,4.07683128909,0.483335668294,0.265800089646,3.96526419777,0.940217284007,0.511878081578,2.92258481079,0.692984027302,0.37382339758,0,0,0,76.9700129671,55.5191031571,138.532892963,0.334902295772,0.394190871369,95,0.0536420101637,0.210040674037,23,23,23,1,0,0.260869565217,0.695652173913,0.0434782608696,-2,-0.00395256916996,-1.18974518502,-0.173913043478,-0.894117647059,-0.0909090909091,-0.522962485289,-0.0509838105479,-0.0258116802267,-0.324626483279,-0.0564239853273,-0.0291847203546,0.0081258307697,0.015887496589,0.0180921722831,-1.07629584498,-0.491516479791,-2.88826011686,74.780267782,54.4428073121,135.644632846,-0.0167103427973,-0.064721897278,-26,-0.0146809712027,-0.0817246637996,-0.0869565217391,0.0869565217391,0,86,11,13,396,0.868686868687,0.972972972973,0.027027027027,0.131313131313,0.886597938144,0.868686868687,0.877551020408,0.848210973713,0.84165984166,0.781818181818,48,50,0,23,23,23,1,0,8,0,0.0386050732335,0,0,1,3.88826011686,0,16,NaN,1,ok,2.18974518502,0,23,23,23,1,0,9,0,0.0469392416629,0,0,1,3.61070559611,0,16,NaN,1,ok,1.96200752596,0,23,23,23,1,0,6,0,0.000351782151368,0,0,1,139.532892963,1,16,NaN,1,ok,NaN,3,0,0,0
493,WLNM_dir_neg,0.8334,0.575542473285,00:00:00,10,50,93,509133339,fixed,validated_v2,/gpfs/scratch/acw792/wlnm_roleonly_v2_20260910/result_wlnm_dir_neg_roleonly_trophicv2_100x290_train10-90_Apocrita_20260910_011848/ecological_snapshots/Broadstone_Stream_tax_mass_K10_ratio0.5_exp93_seed509133339_threshold0.5_validated_v2.mat,role_only,2,uniform_without_replacement,uniform_remaining_nonlinks,176,0,176,407,198,198,176,22,0,22,0.111111111111,98,100,0.5,0.846153846154,0.66,0.741573033708,33,6,17,94,0.66,0.94,0.06,0.34,0.846153846154,0.66,0.741573033708,0.846666666667,0.58,0.634920634921,0.644825880219,0.6,99,49,50,0,99,0,49,0,50,23,99,0.195652173913,2.18974518502,8.60869565217,6.6,4.5,4.59979377438,0.534319478842,0.291611769873,4.28989068105,0.996641269334,0.541062801932,2.91445898002,0.677096530713,0.355731225296,1.07629584498,0.491516479791,2.88826011686,2.18974518502,1.07629584498,2.88826011686,0.351612638569,0.458912768647,121,0.0683229813665,0.291765337837,23,23,23,1,0,0.347826086957,0.608695652174,0.0434782608696,23,0.096837944664,2.08770101251,4.26086956522,3.5,2.72222222222,2.39729755623,0.562631059116,0.311446317657,2.32191824745,1.0898799937,0.580301685892,1.68696467135,0.79184056002,0.413487133984,1.12866598671,0.540626258237,3.20776255708,2.13714196762,1.1294465889,3.20776255708,0.202154195011,0.271428571429,19,0.0107284020327,0.128519099948,23,22,22,0.95652173913,0,0.347826086957,0.434782608696,0.173913043478,23,88,0.173913043478,1,7.65217391304,5.17647058824,4.63157894737,4.44776446045,0.581241946536,0.313735177866,4.15224116826,1.08524485079,0.570158102767,2.60510292787,0.680879174331,0.370553359684,0,0,0,NaN,NaN,NaN,0.428938786082,0.474440894569,99,0.055900621118,0.158356511568,23,22,0,0.95652173913,7,0.217391304348,0.608695652174,0.130434782609,-11,-0.0217391304348,-1.18974518502,-0.95652173913,-1.42352941176,0.131578947368,-0.152029313926,0.0469224676944,0.022123407993,-0.13764951279,0.0886035814602,0.0290953008344,-0.30935605215,0.00378264361818,0.0148221343874,-1.07629584498,-0.491516479791,-2.88826011686,NaN,NaN,NaN,0.0773261475125,0.0155281259214,-22,-0.0124223602484,-0.133408826269,-0.130434782609,0,0.0869565217391,82,6,17,401,0.828282828283,0.985257985258,0.014742014742,0.171717171717,0.931818181818,0.828282828283,0.877005347594,0.85146082329,0.813540813541,0.780952380952,39,50,0,23,23,23,1,0,8,0,0.0386050732335,0,0,1,3.88826011686,0,16,NaN,1,ok,2.18974518502,0,23,22,22,0.95652173913,0,8,0,0.0341777798647,0,0,1,4.20776255708,0,16,NaN,1,ok,2.13714196762,0,23,22,0,0.95652173913,7,5,3,NaN,NaN,NaN,NaN,NaN,0,0,NaN,0,basal_unreachable_in_lcc,NaN,2,0,0,0
494,WLNM_dir_neg,0.872,0.697000574408,00:00:00,10,50,94,509133340,fixed,validated_v2,/gpfs/scratch/acw792/wlnm_roleonly_v2_20260910/result_wlnm_dir_neg_roleonly_trophicv2_100x290_train10-90_Apocrita_20260910_011848/ecological_snapshots/Broadstone_Stream_tax_mass_K10_ratio0.5_exp94_seed509133340_threshold0.5_validated_v2.mat,role_only,2,uniform_without_replacement,uniform_remaining_nonlinks,176,0,176,407,198,198,176,22,0,22,0.111111111111,98,100,0.5,0.755102040816,0.74,0.747474747475,37,12,13,88,0.74,0.88,0.12,0.26,0.755102040816,0.74,0.747474747475,0.833333333333,0.557777777778,0.623115577889,0.623186396761,0.62,99,49,50,0,99,0,49,0,50,23,99,0.195652173913,2.18974518502,8.60869565217,6.6,4.5,4.59979377438,0.534319478842,0.291611769873,4.28989068105,0.996641269334,0.541062801932,2.91445898002,0.677096530713,0.355731225296,1.07629584498,0.491516479791,2.88826011686,2.18974518502,1.07629584498,2.88826011686,0.351612638569,0.458912768647,121,0.0683229813665,0.291765337837,23,23,23,1,0,0.347826086957,0.608695652174,0.0434782608696,23,0.096837944664,2.23404957753,4.26086956522,3.26666666667,2.72222222222,2.49029737736,0.584457547747,0.32298136646,2.13848603681,1.00377916014,0.532386867791,1.81669900009,0.852736265347,0.46495119787,1.12815588746,0.504982476132,2.86003861004,2.35157810872,1.11050341631,2.86003861004,0.240476190476,0.290322580645,21,0.0118577075099,0.119954992098,23,21,21,0.913043478261,0,0.260869565217,0.521739130435,0.130434782609,23,98,0.193675889328,5.61473960746,8.52173913043,5.76470588235,4.45454545455,5.15989398426,0.60549776346,0.337178349601,3.89892049517,0.915052769275,0.487133984028,3.06323345658,0.718922137768,0.39751552795,3.21281070216,0.572210098201,8.38274641816,5.61473960746,3.21281070216,8.38274641816,0.452013264513,0.544370860927,137,0.0773574251835,0.209424144075,23,23,23,1,0,0.260869565217,0.695652173913,0.0434782608696,-1,-0.00197628458498,3.42499442244,-0.0869565217391,-0.835294117647,-0.0454545454545,0.560100209888,0.0711782846179,0.0455665797281,-0.390970185876,-0.0815885000593,-0.053928817904,0.148774476552,0.0418256070551,0.0417843026539,2.13651485717,0.0806936184095,5.49448630131,3.42499442244,2.13651485717,5.49448630131,0.100400625944,0.0854580922799,16,0.00903444381705,-0.0823411937619,-0.0869565217391,0.0869565217391,0,86,12,13,395,0.868686868687,0.970515970516,0.029484029484,0.131313131313,0.877551020408,0.868686868687,0.873096446701,0.842439316343,0.839202839203,0.774774774775,49,50,0,23,23,23,1,0,8,0,0.0386050732335,0,0,1,3.88826011686,0,16,NaN,1,ok,2.18974518502,0,23,21,21,0.913043478261,0,6,0,0.0414188829441,0,0,1,3.86003861004,0,16,NaN,1,ok,2.35157810872,0,23,23,23,1,0,6,0,0.0154593640857,0,0,1,9.38274641816,0,16,NaN,1,ok,5.61473960746,0,0,0,0
495,WLNM_dir_neg,0.8637,0.730868947821,00:00:00,10,50,95,509133341,fixed,validated_v2,/gpfs/scratch/acw792/wlnm_roleonly_v2_20260910/result_wlnm_dir_neg_roleonly_trophicv2_100x290_train10-90_Apocrita_20260910_011848/ecological_snapshots/Broadstone_Stream_tax_mass_K10_ratio0.5_exp95_seed509133341_threshold0.5_validated_v2.mat,role_only,2,uniform_without_replacement,uniform_remaining_nonlinks,176,0,176,407,198,198,176,22,0,22,0.111111111111,98,100,0.5,0.857142857143,0.6,0.705882352941,30,5,20,95,0.6,0.95,0.05,0.4,0.857142857143,0.6,0.705882352941,0.833333333333,0.588888888889,0.594594594595,0.613006033833,0.55,99,49,50,0,99,0,49,0,50,23,99,0.195652173913,2.18974518502,8.60869565217,6.6,4.5,4.59979377438,0.534319478842,0.291611769873,4.28989068105,0.996641269334,0.541062801932,2.91445898002,0.677096530713,0.355731225296,1.07629584498,0.491516479791,2.88826011686,2.18974518502,1.07629584498,2.88826011686,0.351612638569,0.458912768647,121,0.0683229813665,0.291765337837,23,23,23,1,0,0.347826086957,0.608695652174,0.0434782608696,23,0.096837944664,2.52887933323,4.26086956522,3.26666666667,2.72222222222,2.83191858037,0.664633952536,0.369121561668,2.262427253,1.06195564937,0.566104702751,1.68696467135,0.79184056002,0.43123336291,1.49107302364,0.589618098441,3.85714285714,2.67448688877,1.47973639484,3.85714285714,0.226587301587,0.247252747253,15,0.00846979107849,0.112052154195,23,21,21,0.913043478261,0,0.260869565217,0.521739130435,0.130434782609,23,84,0.166007905138,4.57227454386,7.30434782609,4.94117647059,4,4.84706830427,0.663586732132,0.363871635611,3.89181770633,1.06561675292,0.562111801242,2.36659893388,0.647997327133,0.359213250518,2.72800854901,0.596641457735,7.43466505045,4.57227454386,2.72800854901,7.43466505045,0.382917082917,0.443243243243,82,0.0463015245624,0.146735311257,23,23,23,1,0,0.260869565217,0.652173913043,0.0869565217391,-15,-0.0296442687747,2.38252935884,-1.30434782609,-1.65882352941,-0.5,0.247274529891,0.12926725329,0.0722598657381,-0.398072974719,0.0689754835889,0.0210489993099,-0.547860046146,-0.0290992035794,0.00348202522116,1.65171270403,0.105124977944,4.54640493359,2.38252935884,1.65171270403,4.54640493359,0.0313044443479,-0.015669525404,-39,-0.0220214568041,-0.145030026579,-0.0869565217391,0.0434782608696,0.0434782608696,79,5,20,402,0.79797979798,0.987714987715,0.012285012285,0.20202020202,0.940476190476,0.79797979798,0.863387978142,0.837669695779,0.785694785695,0.759615384615,35,50,0,23,23,23,1,0,8,0,0.0386050732335,0,0,1,3.88826011686,0,16,NaN,1,ok,2.18974518502,0,23,21,21,0.913043478261,0,6,0,0.0413473219216,0,0,1,4.85714285714,0,16,NaN,1,ok,2.67448688877,0,23,23,23,1,0,6,0,0.0239658874281,0,0,1,8.43466505045,0,16,NaN,1,ok,4.57227454386,0,0,0,0
496,WLNM_dir_neg,0.8428,0.717491606174,00:00:00,10,50,96,509133342,fixed,validated_v2,/gpfs/scratch/acw792/wlnm_roleonly_v2_20260910/result_wlnm_dir_neg_roleonly_trophicv2_100x290_train10-90_Apocrita_20260910_011848/ecological_snapshots/Broadstone_Stream_tax_mass_K10_ratio0.5_exp96_seed509133342_threshold0.5_validated_v2.mat,role_only,2,uniform_without_replacement,uniform_remaining_nonlinks,176,0,176,407,198,198,176,22,0,22,0.111111111111,98,100,0.5,0.90625,0.58,0.707317073171,29,3,21,97,0.58,0.97,0.03,0.42,0.90625,0.58,0.707317073171,0.84,0.595555555556,0.604395604396,0.632895049805,0.55,99,49,50,0,99,0,49,0,50,23,99,0.195652173913,2.18974518502,8.60869565217,6.6,4.5,4.59979377438,0.534319478842,0.291611769873,4.28989068105,0.996641269334,0.541062801932,2.91445898002,0.677096530713,0.355731225296,1.07629584498,0.491516479791,2.88826011686,2.18974518502,1.07629584498,2.88826011686,0.351612638569,0.458912768647,121,0.0683229813665,0.291765337837,23,23,23,1,0,0.347826086957,0.608695652174,0.0434782608696,23,0.096837944664,2.01273148148,4.26086956522,3.5,2.33333333333,3.03341079112,0.711922940772,0.385093167702,2.4178192245,1.13489473803,0.590949423248,2.15963691869,1.0137071251,0.461401952085,1.00549434316,0.499567057209,2.72222222222,2.01273148148,1.00549434316,2.72222222222,0.183597883598,0.14693877551,12,0.00677583286279,0.200838447267,23,23,23,1,0,0.391304347826,0.521739130435,0.0869565217391,23,81,0.160079051383,3.5990760123,7.04347826087,5.0625,3.68181818182,4.40535068122,0.625451022642,0.339237788513,3.75220620214,1.06544126728,0.565754159957,2.55609014668,0.725803374983,0.358561460011,2.03195047402,0.564575593035,5.28212225718,3.5990760123,2.03195047402,5.28212225718,0.352772589729,0.355400696864,68,0.0383963862225,0.198281551646,23,23,23,1,0,0.304347826087,0.652173913043,0.0434782608696,-18,-0.0355731225296,1.40933082727,-1.5652173913,-1.5375,-0.818181818182,-0.194443093159,0.0911315438002,0.0476260186405,-0.537684478904,0.0687999979409,0.0246913580247,-0.358368833346,0.0487068442699,0.00283023471429,0.955654629036,0.0730591132434,2.39386214032,1.40933082727,0.955654629036,2.39386214032,0.00115995115995,-0.103512071783,-53,-0.029926595144,-0.0934837861912,-0.0434782608696,0.0434782608696,0,78,3,21,404,0.787878787879,0.992628992629,0.00737100737101,0.212121212121,0.962962962963,0.787878787879,0.866666666667,0.844413298173,0.780507780508,0.764705882353,32,50,0,23,23,23,1,0,8,0,0.0386050732335,0,0,1,3.88826011686,0,16,NaN,1,ok,2.18974518502,0,23,23,23,1,0,9,0,0.0299303253895,0,0,1,3.72222222222,0,16,NaN,1,ok,2.01273148148,0,23,23,23,1,0,7,0,0.0174760682798,0,0,1,6.28212225718,0,16,NaN,1,ok,3.5990760123,0,0,0,0
497,WLNM_dir_neg,0.7721,0.607137003225,00:00:00,10,50,97,509133343,fixed,validated_v2,/gpfs/scratch/acw792/wlnm_roleonly_v2_20260910/result_wlnm_dir_neg_roleonly_trophicv2_100x290_train10-90_Apocrita_20260910_011848/ecological_snapshots/Broadstone_Stream_tax_mass_K10_ratio0.5_exp97_seed509133343_threshold0.5_validated_v2.mat,role_only,2,uniform_without_replacement,uniform_remaining_nonlinks,176,0,176,407,198,198,176,22,0,22,0.111111111111,98,100,0.5,0.722222222222,0.52,0.604651162791,26,10,24,90,0.52,0.9,0.1,0.48,0.722222222222,0.52,0.604651162791,0.773333333333,0.586666666667,0.451612903226,0.463586324973,0.42,99,49,50,0,99,0,49,0,50,23,99,0.195652173913,2.18974518502,8.60869565217,6.6,4.5,4.59979377438,0.534319478842,0.291611769873,4.28989068105,0.996641269334,0.541062801932,2.91445898002,0.677096530713,0.355731225296,1.07629584498,0.491516479791,2.88826011686,2.18974518502,1.07629584498,2.88826011686,0.351612638569,0.458912768647,121,0.0683229813665,0.291765337837,23,23,23,1,0,0.347826086957,0.608695652174,0.0434782608696,23,0.096837944664,2.14627076706,4.26086956522,3.76923076923,2.45,3.33326745653,0.782297464288,0.40727595386,2.58147857255,1.21171443201,0.617568766637,1.93776693941,0.9095640736,0.443655723159,1.24135031614,0.578375447868,3.51382113821,2.14627076706,1.24135031614,3.51382113821,0.360758377425,0.339622641509,24,0.0135516657256,0.133416120916,23,23,23,1,0,0.434782608696,0.434782608696,0.130434782609,23,85,0.167984189723,7.31267725227,7.39130434783,5,3.86363636364,4.57998740009,0.61964535413,0.339130434783,3.85456969192,1.04300121076,0.553452685422,2.18329989213,0.590775264929,0.326342710997,4.39776399259,0.601389045472,11.6496977744,7.31267725227,4.39776399259,11.6496977744,0.419532399967,0.469244288225,89,0.0502540937324,0.130755553198,23,23,23,1,0,0.260869565217,0.695652173913,0.0434782608696,-14,-0.0276679841897,5.12293206725,-1.21739130435,-1.6,-0.636363636364,-0.0198063742874,0.085325875288,0.04751866491,-0.435320989126,0.0463599414211,0.0123898834896,-0.731159087895,-0.0863212657836,-0.029388514299,3.32146814761,0.109872565681,8.7614376575,5.12293206725,3.32146814761,8.7614376575,0.067919761398,0.0103315195777,-32,-0.0180688876341,-0.161009784639,-0.0869565217391,0.0869565217391,0,75,10,24,397,0.757575757576,0.97542997543,0.02457002457,0.242424242424,0.882352941176,0.757575757576,0.815217391304,0.777806668984,0.733005733006,0.688073394495,36,50,0,23,23,23,1,0,8,0,0.0386050732335,0,0,1,3.88826011686,0,16,NaN,1,ok,2.18974518502,0,23,23,23,1,0,10,0,0.0402071323686,0,0,1,4.51382113821,0,16,NaN,1,ok,2.14627076706,0,23,23,23,1,0,6,0,0.0132568582129,0,0,1,12.6496977744,0,16,NaN,1,ok,7.31267725227,0,0,0,0
498,WLNM_dir_neg,0.8281,0.691324721578,00:00:00,10,50,98,509133344,fixed,validated_v2,/gpfs/scratch/acw792/wlnm_roleonly_v2_20260910/result_wlnm_dir_neg_roleonly_trophicv2_100x290_train10-90_Apocrita_20260910_011848/ecological_snapshots/Broadstone_Stream_tax_mass_K10_ratio0.5_exp98_seed509133344_threshold0.5_validated_v2.mat,role_only,2,uniform_without_replacement,uniform_remaining_nonlinks,176,0,176,407,198,198,176,22,0,22,0.111111111111,98,100,0.5,0.68085106383,0.64,0.659793814433,32,15,18,85,0.64,0.85,0.15,0.36,0.68085106383,0.64,0.659793814433,0.78,0.562222222222,0.497461928934,0.497981880509,0.49,99,49,50,0,99,0,49,0,50,23,99,0.195652173913,2.18974518502,8.60869565217,6.6,4.5,4.59979377438,0.534319478842,0.291611769873,4.28989068105,0.996641269334,0.541062801932,2.91445898002,0.677096530713,0.355731225296,1.07629584498,0.491516479791,2.88826011686,2.18974518502,1.07629584498,2.88826011686,0.351612638569,0.458912768647,121,0.0683229813665,0.291765337837,23,23,23,1,0,0.347826086957,0.608695652174,0.0434782608696,23,0.096837944664,2.39894666069,4.26086956522,3.5,2.88235294118,2.54446621129,0.597170641425,0.323868677906,2.32191824745,1.0898799937,0.578527062999,1.63218614764,0.76612819175,0.422360248447,1.47122645345,0.613280185656,4.17525773196,2.46253514527,1.47314292203,4.17525773196,0.252261904762,0.236842105263,15,0.00846979107849,0.117272806559,23,22,22,0.95652173913,0,0.347826086957,0.391304347826,0.217391304348,23,96,0.189723320158,5.42065758638,8.34782608696,4.8,4.57142857143,4.8953474726,0.586421832655,0.309782608696,3.98465435838,0.954656773361,0.510869565217,2.63976882447,0.632444614196,0.346014492754,2.35966688144,0.435310078866,6.54631599063,5.42065758638,2.35966688144,6.54631599063,0.382625707626,0.390173410405,90,0.0508187464709,0.164874819453,23,23,23,1,0,0.130434782609,0.782608695652,0.0869565217391,-3,-0.00592885375494,3.23091240136,-0.260869565217,-1.8,0.0714285714286,0.295553698221,0.0521023538132,0.018170838823,-0.30523632267,-0.0419844959731,-0.030193236715,-0.274690155555,-0.044651916517,-0.00971673254282,1.28337103645,-0.056206400925,3.65805587377,3.23091240136,1.28337103645,3.65805587377,0.0310130690565,-0.0687393582427,-31,-0.0175042348955,-0.126890518384,-0.217391304348,0.173913043478,0.0434782608696,81,15,18,392,0.818181818182,0.963144963145,0.036855036855,0.181818181818,0.84375,0.818181818182,0.830769230769,0.790532934399,0.781326781327,0.710526315789,47,50,0,23,23,23,1,0,8,0,0.0386050732335,0,0,1,3.88826011686,0,16,NaN,1,ok,2.18974518502,0,23,22,22,0.95652173913,0,8,0,0.0392311503423,0,0,1,5.17525773196,0,16,NaN,1,ok,2.46253514527,0,23,23,23,1,0,3,0,0.00770371688717,0,0,1,7.54631599063,0,16,NaN,1,ok,5.42065758638,0,0,0,0
499,WLNM_dir_neg,0.7932,0.513645982358,00:00:00,10,50,99,509133345,fixed,validated_v2,/gpfs/scratch/acw792/wlnm_roleonly_v2_20260910/result_wlnm_dir_neg_roleonly_trophicv2_100x290_train10-90_Apocrita_20260910_011848/ecological_snapshots/Broadstone_Stream_tax_mass_K10_ratio0.5_exp99_seed509133345_threshold0.5_validated_v2.mat,role_only,2,uniform_without_replacement,uniform_remaining_nonlinks,176,0,176,407,198,198,176,22,0,22,0.111111111111,98,100,0.5,0.818181818182,0.54,0.650602409639,27,6,23,94,0.54,0.94,0.06,0.46,0.818181818182,0.54,0.650602409639,0.806666666667,0.593333333333,0.524590163934,0.546230993599,0.48,99,49,50,0,99,0,49,0,50,23,99,0.195652173913,2.18974518502,8.60869565217,6.6,4.5,4.59979377438,0.534319478842,0.291611769873,4.28989068105,0.996641269334,0.541062801932,2.91445898002,0.677096530713,0.355731225296,1.07629584498,0.491516479791,2.88826011686,2.18974518502,1.07629584498,2.88826011686,0.351612638569,0.458912768647,121,0.0683229813665,0.291765337837,23,23,23,1,0,0.347826086957,0.608695652174,0.0434782608696,23,0.096837944664,2.18424436834,4.26086956522,3.5,2.72222222222,2.71724110257,0.637719850603,0.35669920142,2.2422461917,1.05248290631,0.560780834073,2.09554392648,0.98362265937,0.500443655723,1.13726155776,0.520665899036,2.88767032237,2.29702954628,1.12654349328,2.88767032237,0.280618212197,0.303964757709,23,0.012987012987,0.154465375894,23,21,21,0.913043478261,0,0.304347826087,0.478260869565,0.130434782609,23,82,0.162055335968,2.1539605688,7.13043478261,5.85714285714,4.1,4.28850840594,0.601437154492,0.334040296925,3.94076696454,1.10533707542,0.576882290562,2.69386655127,0.7555967156,0.406150583245,1.08606010782,0.504215408372,2.74496101536,2.26386157535,1.07314238167,2.74496101536,0.499346685061,0.514003294893,104,0.0587238848108,0.231927839037,23,21,21,0.913043478261,0,0.304347826087,0.565217391304,0.0434782608696,-17,-0.0335968379447,-0.035784616224,-1.47826086957,-0.742857142857,-0.4,-0.311285368436,0.0671176756499,0.0424285270521,-0.349123716512,0.108695806084,0.0358194886297,-0.220592428755,0.0785001848872,0.0504193579485,0.00976426283211,0.0126989285809,-0.143299101497,0.0741163903285,-0.00315346331683,-0.143299101497,0.147734046492,0.0550905262456,-17,-0.00959909655562,-0.0598374988001,-0.0434782608696,-0.0434782608696,0,76,6,23,401,0.767676767677,0.985257985258,0.014742014742,0.232323232323,0.926829268293,0.767676767677,0.839779005525,0.810554629477,0.752934752935,0.72380952381,33,50,0,23,23,23,1,0,8,0,0.0386050732335,0,0,1,3.88826011686,0,16,NaN,1,ok,2.18974518502,0,23,21,21,0.913043478261,0,7,0,0.0346827503598,0,0,1,3.88767032237,0,16,NaN,1,ok,2.29702954628,0,23,21,21,0.913043478261,0,7,0,0.0389914084051,0,0,1,3.74496101536,0,16,NaN,1,ok,2.26386157535,0,0,0,0
500,WLNM_dir_neg,0.8625,0.697342767137,00:00:00,10,50,100,509133346,fixed,validated_v2,/gpfs/scratch/acw792/wlnm_roleonly_v2_20260910/result_wlnm_dir_neg_roleonly_trophicv2_100x290_train10-90_Apocrita_20260910_011848/ecological_snapshots/Broadstone_Stream_tax_mass_K10_ratio0.5_exp100_seed509133346_threshold0.5_validated_v2.mat,role_only,2,uniform_without_replacement,uniform_remaining_nonlinks,176,0,176,407,198,198,176,22,0,22,0.111111111111,98,100,0.5,0.688888888889,0.62,0.652631578947,31,14,19,86,0.62,0.86,0.14,0.38,0.688888888889,0.62,0.652631578947,0.78,0.566666666667,0.492307692308,0.493770719879,0.48,99,49,50,0,99,0,49,0,50,23,99,0.195652173913,2.18974518502,8.60869565217,6.6,4.5,4.59979377438,0.534319478842,0.291611769873,4.28989068105,0.996641269334,0.541062801932,2.91445898002,0.677096530713,0.355731225296,1.07629584498,0.491516479791,2.88826011686,2.18974518502,1.07629584498,2.88826011686,0.351612638569,0.458912768647,121,0.0683229813665,0.291765337837,23,23,23,1,0,0.347826086957,0.608695652174,0.0434782608696,23,0.096837944664,1.84761904762,4.26086956522,3.5,2.45,2.64948350549,0.62181755741,0.340727595386,2.75193069129,1.29172256938,0.637089618456,1.65980140724,0.779090456458,0.418811002662,0.822047260575,0.444922486394,2.42857142857,1.88614718615,0.819861838989,2.42857142857,0.217418546366,0.26582278481,21,0.0118577075099,0.124259074259,23,22,22,0.95652173913,0,0.347826086957,0.521739130435,0.0869565217391,23,94,0.185770750988,3.68083522038,8.17391304348,4.7,4.08695652174,4.46859927121,0.546690336371,0.303885291397,4.08893232873,1.00048344214,0.527289546716,2.7619664187,0.675800293937,0.359851988899,1.5234124471,0.41387683933,5.16279711315,3.68083522038,1.5234124471,5.16279711315,0.520647282011,0.471248246844,112,0.0632411067194,0.153205990663,23,23,23,1,0,0.130434782609,0.869565217391,0,-5,-0.0098814229249,1.49109003536,-0.434782608696,-1.9,-0.413043478261,-0.131194503169,0.0123708575294,0.0122735215242,-0.200958352317,0.00384217280184,-0.0137732552164,-0.152492561325,-0.00129623677564,0.00412076360272,0.447116602121,-0.0776396404616,2.27453699629,1.49109003536,0.447116602121,2.27453699629,0.169034643442,0.012335478197,-9,-0.00508187464709,-0.138559347174,-0.217391304348,0.260869565217,-0.0434782608696,80,14,19,393,0.808080808081,0.965601965602,0.034398034398,0.191919191919,0.851063829787,0.808080808081,0.829015544041,0.789160236595,0.773682773683,0.70796460177,45,50,0,23,23,23,1,0,8,0,0.0386050732335,0,0,1,3.88826011686,0,16,NaN,1,ok,2.18974518502,0,23,22,22,0.95652173913,0,8,0,0.0400390380621,0,0,1,3.42857142857,0,16,NaN,1,ok,1.88614718615,0,23,23,23,1,0,3,0,0.010288505442,0,0,1,6.16279711315,0,16,NaN,1,ok,3.68083522038,0,0,0,0
501,WLNM_dir_neg,0.851875,0.649769023986,00:00:01,10,60,1,510050547,fixed,validated_v2,/gpfs/scratch/acw792/wlnm_roleonly_v2_20260910/result_wlnm_dir_neg_roleonly_trophicv2_100x290_train10-90_Apocrita_20260910_011848/ecological_snapshots/Broadstone_Stream_tax_mass_K10_ratio0.6_exp1_seed510050547_threshold0.5_validated_v2.mat,role_only,2,uniform_without_replacement,uniform_remaining_nonlinks,176,0,176,407,198,198,176,22,0,22,0.111111111111,118,80,0.5,0.8,0.6,0.685714285714,24,6,16,74,0.6,0.925,0.075,0.4,0.8,0.6,0.685714285714,0.816666666667,0.583333333333,0.56,0.571547606649,0.525,99,59,40,0,99,0,59,0,40,23,99,0.195652173913,2.18974518502,8.60869565217,6.6,4.5,4.59979377438,0.534319478842,0.291611769873,4.28989068105,0.996641269334,0.541062801932,2.91445898002,0.677096530713,0.355731225296,1.07629584498,0.491516479791,2.88826011686,2.18974518502,1.07629584498,2.88826011686,0.351612638569,0.458912768647,121,0.0683229813665,0.291765337837,23,23,23,1,0,0.347826086957,0.608695652174,0.0434782608696,23,0.116600790514,2.09956206162,5.13043478261,4.21428571429,2.95,3.34805707329,0.652587395641,0.361827560796,2.80949828838,1.09522814632,0.582166543847,1.94996706165,0.76015665115,0.414148857775,1.12020249364,0.533541024633,3.10920295809,2.14954215532,1.12000822374,3.10920295809,0.333500417711,0.405405405405,40,0.0225861095426,0.155607884179,23,22,22,0.95652173913,0,0.347826086957,0.521739130435,0.0869565217391,23,89,0.175889328063,2.27803400597,7.73913043478,5.93333333333,4.04545454545,4.54490115208,0.587262508415,0.317537860283,4.25659219037,1.1000182065,0.582315583781,2.5281029148,0.653329966746,0.352711284807,1.11967972867,0.491511419821,2.90637382146,2.27803400597,1.11967972867,2.90637382146,0.417010010192,0.484756097561,106,0.059853190288,0.207916149366,23,23,23,1,0,0.347826086957,0.608695652174,0.0434782608696,-10,-0.0197628458498,0.0882888209453,-0.869565217391,-0.666666666667,-0.454545454545,-0.0548926222932,0.0529430295735,0.0259260904107,-0.0332984906796,0.103376937165,0.0412527818488,-0.386356065223,-0.0237665639664,-0.00301994048941,0.0433838836908,-5.05997060346e-06,0.0181137046055,0.0882888209453,0.0433838836908,0.0181137046055,0.0653973716227,0.0258433289137,-15,-0.00846979107849,-0.083849188471,0,0,0,83,6,16,401,0.838383838384,0.985257985258,0.014742014742,0.161616161616,0.932584269663,0.838383838384,0.882978723404,0.85820326531,0.823641823642,0.790476190476,30,40,0,23,23,23,1,0,8,0,0.0386050732335,0,0,1,3.88826011686,0,16,NaN,1,ok,2.18974518502,0,23,22,22,0.95652173913,0,8,0,0.0339093945729,0,0,1,4.10920295809,0,16,NaN,1,ok,2.14954215532,0,23,23,23,1,0,8,0,0.0329438482918,0,0,1,3.90637382146,0,16,NaN,1,ok,2.27803400597,0,0,0,0
502,WLNM_dir_neg,0.9203125,0.740556227897,00:00:00,10,60,2,510050548,fixed,validated_v2,/gpfs/scratch/acw792/wlnm_roleonly_v2_20260910/result_wlnm_dir_neg_roleonly_trophicv2_100x290_train10-90_Apocrita_20260910_011848/ecological_snapshots/Broadstone_Stream_tax_mass_K10_ratio0.6_exp2_seed510050548_threshold0.5_validated_v2.mat,role_only,2,uniform_without_replacement,uniform_remaining_nonlinks,176,0,176,407,198,198,176,22,0,22,0.111111111111,118,80,0.5,0.80487804878,0.825,0.814814814815,33,8,7,72,0.825,0.9,0.1,0.175,0.80487804878,0.825,0.814814814815,0.875,0.552777777778,0.72049689441,0.720622008432,0.725,99,59,40,0,99,0,59,0,40,23,99,0.195652173913,2.18974518502,8.60869565217,6.6,4.5,4.59979377438,0.534319478842,0.291611769873,4.28989068105,0.996641269334,0.541062801932,2.91445898002,0.677096530713,0.355731225296,1.07629584498,0.491516479791,2.88826011686,2.18974518502,1.07629584498,2.88826011686,0.351612638569,0.458912768647,121,0.0683229813665,0.291765337837,23,23,23,1,0,0.347826086957,0.608695652174,0.0434782608696,23,0.116600790514,2.18001199724,5.13043478261,4.21428571429,2.80952380952,3.20942288534,0.62556547765,0.339719970523,2.82563085404,1.10151711259,0.583640383198,1.85438269456,0.722894948725,0.374355195284,1.17353423989,0.538315496141,3.01126822802,2.18001199724,1.17353423989,3.01126822802,0.292486085343,0.315789473684,32,0.0180688876341,0.14573122238,23,23,23,1,0,0.391304347826,0.521739130435,0.0869565217391,23,100,0.197628458498,5.57886420185,8.69565217391,6.25,4.34782608696,5.18244223411,0.595980856923,0.324782608696,4.19532960729,0.964925809678,0.526086956522,2.90154654142,0.667355704526,0.353043478261,3.58907346998,0.643334080222,9.38738003167,5.57886420185,3.58907346998,9.38738003167,0.390275183753,0.51,136,0.0767927724449,0.233192819571,23,23,23,1,0,0.304347826087,0.695652173913,0,1,0.00197628458498,3.38911901683,0.0869565217391,-0.35,-0.152173913043,0.582648459732,0.0616613780808,0.033170838823,-0.0945610737537,-0.0317154596567,-0.0149758454106,-0.0129124386063,-0.00974082618657,-0.00268774703557,2.512777625,0.151817600431,6.49911991481,3.38911901683,2.512777625,6.49911991481,0.0386625451843,0.0510872313527,15,0.00846979107849,-0.0585725182653,-0.0434782608696,0.0869565217391,-0.0434782608696,92,8,7,399,0.929292929293,0.980343980344,0.019656019656,0.0707070707071,0.92,0.929292929293,0.924623115578,0.906191239128,0.909636909637,0.859813084112,41,40,0,23,23,23,1,0,8,0,0.0386050732335,0,0,1,3.88826011686,0,16,NaN,1,ok,2.18974518502,0,23,23,23,1,0,9,0,0.0335057181478,0,0,1,4.01126822802,0,16,NaN,1,ok,2.18001199724,0,23,23,23,1,0,7,0,0.0125500023027,0,0,1,10.3873800317,0,16,NaN,1,ok,5.57886420185,0,0,0,0
503,WLNM_dir_neg,0.92796875,0.867014026057,00:00:00,10,60,3,510050549,fixed,validated_v2,/gpfs/scratch/acw792/wlnm_roleonly_v2_20260910/result_wlnm_dir_neg_roleonly_trophicv2_100x290_train10-90_Apocrita_20260910_011848/ecological_snapshots/Broadstone_Stream_tax_mass_K10_ratio0.6_exp3_seed510050549_threshold0.5_validated_v2.mat,role_only,2,uniform_without_replacement,uniform_remaining_nonlinks,176,0,176,407,198,198,176,22,0,22,0.111111111111,118,80,0.5,0.864864864865,0.8,0.831168831169,32,5,8,75,0.8,0.9375,0.0625,0.2,0.864864864865,0.8,0.831168831169,0.891666666667,0.563888888889,0.751592356688,0.752830326494,0.7375,99,59,40,0,99,0,59,0,40,23,99,0.195652173913,2.18974518502,8.60869565217,6.6,4.5,4.59979377438,0.534319478842,0.291611769873,4.28989068105,0.996641269334,0.541062801932,2.91445898002,0.677096530713,0.355731225296,1.07629584498,0.491516479791,2.88826011686,2.18974518502,1.07629584498,2.88826011686,0.351612638569,0.458912768647,121,0.0683229813665,0.291765337837,23,23,23,1,0,0.347826086957,0.608695652174,0.0434782608696,23,0.116600790514,2.02904888136,5.13043478261,4.21428571429,2.80952380952,2.75193069129,0.536393270335,0.296241709654,2.53746629098,0.98918177445,0.535003684598,1.85438269456,0.722894948725,0.384672070744,1.01628180132,0.500866100691,2.81009495252,2.02904888136,1.01628180132,2.81009495252,0.195382395382,0.203773584906,18,0.0101637492942,0.174582560297,23,23,23,1,0,0.391304347826,0.521739130435,0.0869565217391,23,96,0.189723320158,4.3276956674,8.34782608696,6,4.36363636364,4.49857245692,0.538891492236,0.298460144928,4.15224116826,0.994807779895,0.540760869565,2.55222138383,0.611469706543,0.328804347826,2.61271630248,0.603719970921,6.67339438523,4.3276956674,2.61271630248,6.67339438523,0.317829754786,0.401673640167,96,0.0542066629023,0.21019446172,23,23,23,1,0,0.304347826087,0.652173913043,0.0434782608696,-3,-0.00592885375494,2.13795048238,-0.260869565217,-0.6,-0.136363636364,-0.101221317453,0.00457201339393,0.0068483750549,-0.13764951279,-0.00183348943932,-0.00030193236715,-0.362237596191,-0.0656268241694,-0.0269268774704,1.5364204575,0.11220349113,3.78513426837,2.13795048238,1.5364204575,3.78513426837,-0.0337828837829,-0.0572391284799,-25,-0.0141163184641,-0.0815708761166,-0.0434782608696,0.0434782608696,0,91,5,8,402,0.919191919192,0.987714987715,0.012285012285,0.0808080808081,0.947916666667,0.919191919192,0.933333333333,0.917592735176,0.906906906907,0.875,37,40,0,23,23,23,1,0,8,0,0.0386050732335,0,0,1,3.88826011686,0,16,NaN,1,ok,2.18974518502,0,23,23,23,1,0,9,0,0.0487657432095,0,0,1,3.81009495252,0,16,NaN,1,ok,2.02904888136,0,23,23,23,1,0,7,0,0.0202202058877,0,0,1,7.67339438523,0,16,NaN,1,ok,4.3276956674,0,0,0,0
504,WLNM_dir_neg,0.8171875,0.687310035189,00:00:00,10,60,4,510050550,fixed,validated_v2,/gpfs/scratch/acw792/wlnm_roleonly_v2_20260910/result_wlnm_dir_neg_roleonly_trophicv2_100x290_train10-90_Apocrita_20260910_011848/ecological_snapshots/Broadstone_Stream_tax_mass_K10_ratio0.6_exp4_seed510050550_threshold0.5_validated_v2.mat,role_only,2,uniform_without_replacement,uniform_remaining_nonlinks,176,0,176,407,198,198,176,22,0,22,0.111111111111,118,80,0.5,0.71875,0.575,0.638888888889,23,9,17,71,0.575,0.8875,0.1125,0.425,0.71875,0.575,0.638888888889,0.783333333333,0.577777777778,0.486842105263,0.493026656572,0.4625,99,59,40,0,99,0,59,0,40,23,99,0.195652173913,2.18974518502,8.60869565217,6.6,4.5,4.59979377438,0.534319478842,0.291611769873,4.28989068105,0.996641269334,0.541062801932,2.91445898002,0.677096530713,0.355731225296,1.07629584498,0.491516479791,2.88826011686,2.18974518502,1.07629584498,2.88826011686,0.351612638569,0.458912768647,121,0.0683229813665,0.291765337837,23,23,23,1,0,0.347826086957,0.608695652174,0.0434782608696,23,0.116600790514,2.1275763341,5.13043478261,3.93333333333,3.10526315789,3.32079327634,0.647273265727,0.354458364038,2.92055547264,1.13852162493,0.583640383198,2.23252989304,0.870308263389,0.459837877671,1.03032781652,0.484273019965,2.80984555985,2.1275763341,1.03032781652,2.80984555985,0.308077010709,0.361563517915,37,0.0208921513269,0.163308358308,23,23,23,1,0,0.347826086957,0.478260869565,0.173913043478,23,91,0.179841897233,7.10634656577,7.91304347826,4.55,4.78947368421,4.89817260431,0.618999834611,0.343048256092,3.47037148744,0.877126859464,0.473960821787,3.19770174386,0.808210330866,0.436693741042,2.76756585992,0.389449886,9.24621440206,7.10634656577,2.76756585992,9.24621440206,0.403524505797,0.476335877863,104,0.0587238848108,0.200325278437,23,23,23,1,0,0.130434782609,0.695652173913,0.173913043478,-8,-0.0158102766798,4.91660138075,-0.695652173913,-2.05,0.289473684211,0.298378829938,0.0846803557694,0.0514364862191,-0.819519193602,-0.11951440987,-0.0671019801455,0.283242763836,0.131113800153,0.0809625157451,1.69127001494,-0.102066593791,6.3579542852,4.91660138075,1.69127001494,6.3579542852,0.0519118672281,0.0174231092153,-17,-0.00959909655562,-0.0914400594,-0.217391304348,0.0869565217391,0.130434782609,82,9,17,398,0.828282828283,0.977886977887,0.022113022113,0.171717171717,0.901098901099,0.828282828283,0.863157894737,0.832715379378,0.80616980617,0.759259259259,32,40,0,23,23,23,1,0,8,0,0.0386050732335,0,0,1,3.88826011686,0,16,NaN,1,ok,2.18974518502,0,23,23,23,1,0,8,0,0.0221349363372,0,0,1,3.80984555985,0,16,NaN,1,ok,2.1275763341,0,23,23,23,1,0,3,0,0.00667558503344,0,0,1,10.2462144021,0,16,NaN,1,ok,7.10634656577,0,0,0,0
505,WLNM_dir_neg,0.8671875,0.770733679936,00:00:00,10,60,5,510050551,fixed,validated_v2,/gpfs/scratch/acw792/wlnm_roleonly_v2_20260910/result_wlnm_dir_neg_roleonly_trophicv2_100x290_train10-90_Apocrita_20260910_011848/ecological_snapshots/Broadstone_Stream_tax_mass_K10_ratio0.6_exp5_seed510050551_threshold0.5_validated_v2.mat,role_only,2,uniform_without_replacement,uniform_remaining_nonlinks,176,0,176,407,198,198,176,22,0,22,0.111111111111,118,80,0.5,0.866666666667,0.65,0.742857142857,26,4,14,76,0.65,0.95,0.05,0.35,0.866666666667,0.65,0.742857142857,0.85,0.583333333333,0.64,0.653197264742,0.6,99,59,40,0,99,0,59,0,40,23,99,0.195652173913,2.18974518502,8.60869565217,6.6,4.5,4.59979377438,0.534319478842,0.291611769873,4.28989068105,0.996641269334,0.541062801932,2.91445898002,0.677096530713,0.355731225296,1.07629584498,0.491516479791,2.88826011686,2.18974518502,1.07629584498,2.88826011686,0.351612638569,0.458912768647,121,0.0683229813665,0.291765337837,23,23,23,1,0,0.347826086957,0.608695652174,0.0434782608696,23,0.116600790514,2.1521653812,5.13043478261,3.93333333333,2.68181818182,2.8810406552,0.561558771776,0.313927781872,2.7274044764,1.06322547385,0.567428150332,2.10683060018,0.821306844139,0.392041267502,1.06728257836,0.49591104275,3.10668498168,2.1521653812,1.06728257836,3.10668498168,0.221388888889,0.241935483871,25,0.0141163184641,0.16925981426,23,23,23,1,0,0.347826086957,0.608695652174,0.0434782608696,23,89,0.175889328063,2.23298100772,7.73913043478,5.93333333333,4.04545454545,4.43352303278,0.572870953674,0.319003419638,4.15937438288,1.07489450344,0.57156814851,2.78476941801,0.719659512518,0.367366878359,1.07353979179,0.480765303457,2.80828340714,2.23298100772,1.07353979179,2.80828340714,0.39923072097,0.459574468085,108,0.0609824957651,0.233468145611,23,23,23,1,0,0.347826086957,0.608695652174,0.0434782608696,-10,-0.0197628458498,0.0432358226929,-0.869565217391,-0.666666666667,-0.454545454545,-0.166270741595,0.0385514748324,0.0273916497659,-0.130516298172,0.0782532341054,0.0305053465776,-0.129689562018,0.0425629818057,0.0116356530621,-0.00275605319403,-0.0107511763342,-0.0799767097205,0.0432358226929,-0.00275605319403,-0.0799767097205,0.0476180824007,0.000661699437824,-13,-0.00734048560136,-0.0582971922258,0,0,0,85,4,14,403,0.858585858586,0.990171990172,0.00982800982801,0.141414141414,0.955056179775,0.858585858586,0.904255319149,0.884373202469,0.848757848758,0.825242718447,30,40,0,23,23,23,1,0,8,0,0.0386050732335,0,0,1,3.88826011686,0,16,NaN,1,ok,2.18974518502,0,23,23,23,1,0,8,0,0.0187865704039,0,0,1,4.10668498168,0,16,NaN,1,ok,2.1521653812,0,23,23,23,1,0,8,0,0.0235022099773,0,0,1,3.80828340714,0,16,NaN,1,ok,2.23298100772,0,0,0,0
506,WLNM_dir_neg,0.866875,0.580245217653,00:00:00,10,60,6,510050552,fixed,validated_v2,/gpfs/scratch/acw792/wlnm_roleonly_v2_20260910/result_wlnm_dir_neg_roleonly_trophicv2_100x290_train10-90_Apocrita_20260910_011848/ecological_snapshots/Broadstone_Stream_tax_mass_K10_ratio0.6_exp6_seed510050552_threshold0.5_validated_v2.mat,role_only,2,uniform_without_replacement,uniform_remaining_nonlinks,176,0,176,407,198,198,176,22,0,22,0.111111111111,118,80,0.5,0.714285714286,0.625,0.666666666667,25,10,15,70,0.625,0.875,0.125,0.375,0.714285714286,0.625,0.666666666667,0.791666666667,0.569444444444,0.516129032258,0.518562978842,0.5,99,59,40,0,99,0,59,0,40,23,99,0.195652173913,2.18974518502,8.60869565217,6.6,4.5,4.59979377438,0.534319478842,0.291611769873,4.28989068105,0.996641269334,0.541062801932,2.91445898002,0.677096530713,0.355731225296,1.07629584498,0.491516479791,2.88826011686,2.18974518502,1.07629584498,2.88826011686,0.351612638569,0.458912768647,121,0.0683229813665,0.291765337837,23,23,23,1,0,0.347826086957,0.608695652174,0.0434782608696,23,0.116600790514,2.25031732922,5.13043478261,3.93333333333,2.80952380952,3.34805707329,0.652587395641,0.352984524687,2.69386655127,1.05015136744,0.560058953574,1.94996706165,0.76015665115,0.381724392041,1.14029038227,0.50672425949,2.87378888322,2.3071499351,1.13329303599,2.87378888322,0.278308080808,0.289655172414,28,0.0158102766798,0.154598126741,23,22,22,0.95652173913,0,0.304347826087,0.608695652174,0.0434782608696,23,94,0.185770750988,1,8.17391304348,5.22222222222,4.47619047619,4.79253371888,0.586320614544,0.327012025902,3.82471678664,0.935834958434,0.505087881591,3.16102750093,0.773442899165,0.380203515264,0,0,0,24.6176261457,12.6407210218,33.6939424719,0.464909333091,0.493927125506,122,0.068887634105,0.218781155301,23,22,22,0.95652173913,0,0.173913043478,0.739130434783,0.0434782608696,-5,-0.0098814229249,-1.18974518502,-0.434782608696,-1.37777777778,-0.0238095238095,0.192739944507,0.0520011357025,0.0354002560293,-0.465173894405,-0.0608063109004,-0.0359749203412,0.246568520909,0.0963463684519,0.0244722899672,-1.07629584498,-0.491516479791,-2.88826011686,22.4278809606,11.5644251768,30.805682355,0.113296694522,0.0350143568588,1,0.000564652738566,-0.072984182536,-0.173913043478,0.130434782609,0,84,10,15,397,0.848484848485,0.97542997543,0.02457002457,0.151515151515,0.893617021277,0.848484848485,0.870466321244,0.840397175033,0.823914823915,0.770642201835,35,40,0,23,23,23,1,0,8,0,0.0386050732335,0,0,1,3.88826011686,0,16,NaN,1,ok,2.18974518502,0,23,22,22,0.95652173913,0,7,0,0.024168412132,0,0,1,3.87378888322,0,16,NaN,1,ok,2.3071499351,0,23,22,22,0.95652173913,0,4,0,0.00175339685674,0,0,1,34.6939424719,1,16,NaN,1,ok,NaN,3,0,0,0
507,WLNM_dir_neg,0.938125,0.798469321895,00:00:00,10,60,7,510050553,fixed,validated_v2,/gpfs/scratch/acw792/wlnm_roleonly_v2_20260910/result_wlnm_dir_neg_roleonly_trophicv2_100x290_train10-90_Apocrita_20260910_011848/ecological_snapshots/Broadstone_Stream_tax_mass_K10_ratio0.6_exp7_seed510050553_threshold0.5_validated_v2.mat,role_only,2,uniform_without_replacement,uniform_remaining_nonlinks,176,0,176,407,198,198,176,22,0,22,0.111111111111,118,80,0.5,0.970588235294,0.825,0.891891891892,33,1,7,79,0.825,0.9875,0.0125,0.175,0.970588235294,0.825,0.891891891892,0.933333333333,0.572222222222,0.844155844156,0.84998189407,0.8125,99,59,40,0,99,0,59,0,40,23,99,0.195652173913,2.18974518502,8.60869565217,6.6,4.5,4.59979377438,0.534319478842,0.291611769873,4.28989068105,0.996641269334,0.541062801932,2.91445898002,0.677096530713,0.355731225296,1.07629584498,0.491516479791,2.88826011686,2.18974518502,1.07629584498,2.88826011686,0.351612638569,0.458912768647,121,0.0683229813665,0.291765337837,23,23,23,1,0,0.347826086957,0.608695652174,0.0434782608696,23,0.116600790514,2.48355033713,5.13043478261,3.93333333333,2.80952380952,3.06452351073,0.59732237921,0.325718496684,2.84167183437,1.10777037611,0.582166543847,1.85438269456,0.722894948725,0.384672070744,1.50778311718,0.607107935218,4.44385026738,2.48355033713,1.50778311718,4.44385026738,0.219463340892,0.242105263158,23,0.012987012987,0.133762507334,23,23,23,1,0,0.347826086957,0.565217391304,0.0869565217391,23,93,0.183794466403,2.2273094694,8.08695652174,6.2,4.22727272727,4.39951488522,0.544026034194,0.29546517064,4.237047223,1.04787189386,0.558204768583,2.80386520344,0.693429028807,0.363721365124,1.11837964172,0.502121351829,2.88423236515,2.2273094694,1.11837964172,2.88423236515,0.333356257269,0.41095890411,100,0.0564652738566,0.271593125984,23,23,23,1,0,0.347826086957,0.608695652174,0.0434782608696,-6,-0.0118577075099,0.037564284376,-0.521739130435,-0.4,-0.272727272727,-0.200278889154,0.00970655535242,0.00385340076785,-0.0528434580439,0.0512306245268,0.0171419666511,-0.110593776586,0.0163324980945,0.00799013982745,0.0420837967341,0.0106048720379,-0.00402775171259,0.037564284376,0.0420837967341,-0.00402775171259,-0.0182563812999,-0.0479538645377,-21,-0.0118577075099,-0.0201722118529,0,0,0,92,1,7,406,0.929292929293,0.997542997543,0.002457002457,0.0707070707071,0.989247311828,0.929292929293,0.958333333333,0.949294930789,0.926835926836,0.92,34,40,0,23,23,23,1,0,8,0,0.0386050732335,0,0,1,3.88826011686,0,16,NaN,1,ok,2.18974518502,0,23,23,23,1,0,8,0,0.0369667790428,0,0,1,5.44385026738,0,16,NaN,1,ok,2.48355033713,0,23,23,23,1,0,8,0,0.0328541824796,0,0,1,3.88423236515,0,16,NaN,1,ok,2.2273094694,0,0,0,0
508,WLNM_dir_neg,0.85875,0.689380401595,00:00:00,10,60,8,510050554,fixed,validated_v2,/gpfs/scratch/acw792/wlnm_roleonly_v2_20260910/result_wlnm_dir_neg_roleonly_trophicv2_100x290_train10-90_Apocrita_20260910_011848/ecological_snapshots/Broadstone_Stream_tax_mass_K10_ratio0.6_exp8_seed510050554_threshold0.5_validated_v2.mat,role_only,2,uniform_without_replacement,uniform_remaining_nonlinks,176,0,176,407,198,198,176,22,0,22,0.111111111111,118,80,0.5,0.774193548387,0.6,0.676056338028,24,7,16,73,0.6,0.9125,0.0875,0.4,0.774193548387,0.6,0.676056338028,0.808333333333,0.580555555556,0.543046357616,0.551941448061,0.5125,99,59,40,0,99,0,59,0,40,23,99,0.195652173913,2.18974518502,8.60869565217,6.6,4.5,4.59979377438,0.534319478842,0.291611769873,4.28989068105,0.996641269334,0.541062801932,2.91445898002,0.677096530713,0.355731225296,1.07629584498,0.491516479791,2.88826011686,2.18974518502,1.07629584498,2.88826011686,0.351612638569,0.458912768647,121,0.0683229813665,0.291765337837,23,23,23,1,0,0.347826086957,0.608695652174,0.0434782608696,23,0.116600790514,2.29000310945,5.13043478261,3.93333333333,2.95,3.13780971418,0.611606978187,0.333824613117,2.60813564477,1.01673084457,0.54679439941,2.04108008298,0.795675286585,0.417096536478,1.19564550125,0.522115230463,3.07375621891,2.34863961443,1.18945266177,3.07375621891,0.207898715042,0.272727272727,26,0.0146809712027,0.160845952989,23,22,22,0.95652173913,0,0.304347826087,0.565217391304,0.0869565217391,23,90,0.177865612648,6.34215551854,7.82608695652,5.29411764706,4.28571428571,5.00592534279,0.639646016023,0.354589371981,4.12214687531,1.0534375348,0.557487922705,2.87486036781,0.73468653844,0.392270531401,3.6244352396,0.571483185647,8.88540217952,6.58498076938,3.51302231769,8.88540217952,0.389189850553,0.453237410072,105,0.0592885375494,0.1968129234,23,22,22,0.95652173913,0,0.217391304348,0.695652173913,0.0434782608696,-9,-0.0177865612648,4.15241033352,-0.782608695652,-1.30588235294,-0.214285714286,0.406131568409,0.105326537181,0.062977602108,-0.167743805733,0.0567962654682,0.0164251207729,-0.0395986122174,0.0575900077268,0.0365393061045,2.54813939462,0.0799667058557,5.99714206266,4.39523558436,2.4367264727,5.99714206266,0.0375772119843,-0.00567535857534,-16,-0.00903444381705,-0.0949524144366,-0.130434782609,0.0869565217391,0,83,7,16,400,0.838383838384,0.982800982801,0.017199017199,0.161616161616,0.922222222222,0.838383838384,0.878306878307,0.85189838541,0.821184821185,0.783018867925,31,40,0,23,23,23,1,0,8,0,0.0386050732335,0,0,1,3.88826011686,0,16,NaN,1,ok,2.18974518502,0,23,22,22,0.95652173913,0,7,0,0.029931257377,0,0,1,4.07375621891,0,16,NaN,1,ok,2.34863961443,0,23,22,22,0.95652173913,0,5,0,0.00953601269724,0,0,1,9.88540217952,0,16,NaN,1,ok,6.58498076938,0,0,0,0
509,WLNM_dir_neg,0.83640625,0.688960651147,00:00:00,10,60,9,510050555,fixed,validated_v2,/gpfs/scratch/acw792/wlnm_roleonly_v2_20260910/result_wlnm_dir_neg_roleonly_trophicv2_100x290_train10-90_Apocrita_20260910_011848/ecological_snapshots/Broadstone_Stream_tax_mass_K10_ratio0.6_exp9_seed510050555_threshold0.5_validated_v2.mat,role_only,2,uniform_without_replacement,uniform_remaining_nonlinks,176,0,176,407,198,198,176,22,0,22,0.111111111111,118,80,0.5,0.764705882353,0.65,0.702702702703,26,8,14,72,0.65,0.9,0.1,0.35,0.764705882353,0.65,0.702702702703,0.816666666667,0.572222222222,0.571428571429,0.575372359063,0.55,99,59,40,0,99,0,59,0,40,23,99,0.195652173913,2.18974518502,8.60869565217,6.6,4.5,4.59979377438,0.534319478842,0.291611769873,4.28989068105,0.996641269334,0.541062801932,2.91445898002,0.677096530713,0.355731225296,1.07629584498,0.491516479791,2.88826011686,2.18974518502,1.07629584498,2.88826011686,0.351612638569,0.458912768647,121,0.0683229813665,0.291765337837,23,23,23,1,0,0.347826086957,0.608695652174,0.0434782608696,23,0.116600790514,2.11454545455,5.13043478261,4.21428571429,2.80952380952,3.25163382466,0.633793033619,0.347826086957,2.60813564477,1.01673084457,0.549742078113,1.97313979039,0.769190087778,0.384672070744,1.0616721359,0.502080545782,2.80877192982,2.16520661157,1.05781837937,2.80877192982,0.288225108225,0.348387096774,36,0.0203274985884,0.154916512059,23,22,22,0.95652173913,0,0.347826086957,0.565217391304,0.0434782608696,23,93,0.183794466403,4.33016702089,8.08695652174,4.89473684211,4.42857142857,4.5518532038,0.562863568212,0.305750350631,3.77164373221,0.932772105814,0.503973819542,2.86797776189,0.709284822833,0.371201496026,2.04257369307,0.471707830948,5.90074482226,4.48153824911,1.95414402837,5.90074482226,0.365074824166,0.460486322188,101,0.0570299265951,0.181120895788,23,22,22,0.95652173913,0,0.130434782609,0.782608695652,0.0434782608696,-6,-0.0118577075099,2.14042183586,-0.521739130435,-1.70526315789,-0.0714285714286,-0.0479405705784,0.0285440893699,0.0141385807585,-0.518246948841,-0.0638691635199,-0.0370889823905,-0.0464812181358,0.0321882921199,0.0154702707297,0.966277848084,-0.0198086488429,3.0124847054,2.29179306409,0.877848183392,3.0124847054,0.0134621855966,0.00157355354117,-20,-0.0112930547713,-0.110644442049,-0.217391304348,0.173913043478,0,85,8,14,399,0.858585858586,0.980343980344,0.019656019656,0.141414141414,0.913978494624,0.858585858586,0.885416666667,0.85925871055,0.83892983893,0.794392523364,34,40,0,23,23,23,1,0,8,0,0.0386050732335,0,0,1,3.88826011686,0,16,NaN,1,ok,2.18974518502,0,23,22,22,0.95652173913,0,8,0,0.0263770016662,0,0,1,3.80877192982,0,16,NaN,1,ok,2.16520661157,0,23,22,22,0.95652173913,0,3,0,0.00930608265094,0,0,1,6.90074482226,0,16,NaN,1,ok,4.48153824911,0,0,0,0
510,WLNM_dir_neg,0.8684375,0.744211164041,00:00:00,10,60,10,510050556,fixed,validated_v2,/gpfs/scratch/acw792/wlnm_roleonly_v2_20260910/result_wlnm_dir_neg_roleonly_trophicv2_100x290_train10-90_Apocrita_20260910_011848/ecological_snapshots/Broadstone_Stream_tax_mass_K10_ratio0.6_exp10_seed510050556_threshold0.5_validated_v2.mat,role_only,2,uniform_without_replacement,uniform_remaining_nonlinks,176,0,176,407,198,198,176,22,0,22,0.111111111111,118,80,0.5,0.848484848485,0.7,0.767123287671,28,5,12,75,0.7,0.9375,0.0625,0.3,0.848484848485,0.7,0.767123287671,0.858333333333,0.575,0.666666666667,0.673036445095,0.6375,99,59,40,0,99,0,59,0,40,23,99,0.195652173913,2.18974518502,8.60869565217,6.6,4.5,4.59979377438,0.534319478842,0.291611769873,4.28989068105,0.996641269334,0.541062801932,2.91445898002,0.677096530713,0.355731225296,1.07629584498,0.491516479791,2.88826011686,2.18974518502,1.07629584498,2.88826011686,0.351612638569,0.458912768647,121,0.0683229813665,0.291765337837,23,23,23,1,0,0.347826086957,0.608695652174,0.0434782608696,23,0.116600790514,2.21754908836,5.13043478261,3.93333333333,2.80952380952,2.95887490636,0.576729854629,0.316138540899,2.77695200725,1.082540613,0.567428150332,1.75359596664,0.683605207336,0.365512159175,1.11211075549,0.501504458832,2.98951612903,2.27289222874,1.10538893267,2.98951612903,0.270772349344,0.268370607029,28,0.0158102766798,0.133161891019,23,22,22,0.95652173913,0,0.304347826087,0.608695652174,0.0434782608696,23,92,0.181818181818,2.60226854103,8,5.41176470588,4.38095238095,4.45176165334,0.556470206668,0.304820415879,3.86122919665,0.965307299163,0.524574669187,2.93876906823,0.734692267057,0.39224952741,1.2041387502,0.462726552319,3.48797649601,2.60226854103,1.2041387502,3.48797649601,0.349127135491,0.412607449857,96,0.0542066629023,0.212110681034,23,23,23,1,0,0.260869565217,0.652173913043,0.0869565217391,-7,-0.0138339920949,0.41252335601,-0.608695652174,-1.18823529412,-0.119047619048,-0.148032121033,0.0221507278262,0.0132086460064,-0.428661484394,-0.0313339701708,-0.0164881327452,0.0243100882019,0.0575957363438,0.0365183021138,0.127842905219,-0.0287899274718,0.59971637915,0.41252335601,0.127842905219,0.59971637915,-0.00248550307839,-0.0463053187905,-25,-0.0141163184641,-0.0796546568031,-0.0869565217391,0.0434782608696,0.0434782608696,87,5,12,402,0.878787878788,0.987714987715,0.012285012285,0.121212121212,0.945652173913,0.878787878788,0.910994764398,0.891231897036,0.866502866503,0.836538461538,33,40,0,23,23,23,1,0,8,0,0.0386050732335,0,0,1,3.88826011686,0,16,NaN,1,ok,2.18974518502,0,23,22,22,0.95652173913,0,7,0,0.028986863347,0,0,1,3.98951612903,0,16,NaN,1,ok,2.27289222874,0,23,23,23,1,0,6,0,0.0222065906247,0,0,1,4.48797649601,0,16,NaN,1,ok,2.60226854103,0,0,0,0
511,WLNM_dir_neg,0.8828125,0.721690390475,00:00:00,10,60,11,510050557,fixed,validated_v2,/gpfs/scratch/acw792/wlnm_roleonly_v2_20260910/result_wlnm_dir_neg_roleonly_trophicv2_100x290_train10-90_Apocrita_20260910_011848/ecological_snapshots/Broadstone_Stream_tax_mass_K10_ratio0.6_exp11_seed510050557_threshold0.5_validated_v2.mat,role_only,2,uniform_without_replacement,uniform_remaining_nonlinks,176,0,176,407,198,198,176,22,0,22,0.111111111111,118,80,0.5,0.722222222222,0.65,0.684210526316,26,10,14,70,0.65,0.875,0.125,0.35,0.722222222222,0.65,0.684210526316,0.8,0.566666666667,0.538461538462,0.540061724867,0.525,99,59,40,0,99,0,59,0,40,23,99,0.195652173913,2.18974518502,8.60869565217,6.6,4.5,4.59979377438,0.534319478842,0.291611769873,4.28989068105,0.996641269334,0.541062801932,2.91445898002,0.677096530713,0.355731225296,1.07629584498,0.491516479791,2.88826011686,2.18974518502,1.07629584498,2.88826011686,0.351612638569,0.458912768647,121,0.0683229813665,0.291765337837,23,23,23,1,0,0.347826086957,0.608695652174,0.0434782608696,23,0.116600790514,2.22055195806,5.13043478261,3.93333333333,2.80952380952,3.07932028843,0.600206496897,0.324244657332,2.59064904041,1.0099140327,0.539425202653,1.99604351739,0.778118659322,0.40972733972,1.12714912922,0.507598628857,3.08333333333,2.22055195806,1.12714912922,3.08333333333,0.30126984127,0.390845070423,37,0.0208921513269,0.138430564145,23,23,23,1,0,0.347826086957,0.565217391304,0.0869565217391,23,95,0.187747035573,10.6143842411,8.26086956522,5.27777777778,4.13043478261,4.66337169579,0.564513415807,0.311670480549,3.93474439306,0.952622326741,0.512585812357,2.51005881543,0.607698450051,0.335011441648,5.87455011496,0.55345180479,15.3066015692,10.6143842411,5.87455011496,15.3066015692,0.342449338102,0.479262672811,104,0.0587238848108,0.152728854477,23,23,23,1,0,0.217391304348,0.782608695652,0,-4,-0.00790513833992,8.42463905606,-0.347826086957,-1.32222222222,-0.369565217391,0.0635779214158,0.0301939369647,0.0200587106766,-0.355146287985,-0.0440189425928,-0.0284769895754,-0.404400164595,-0.0693980806613,-0.0207197836488,4.79825426998,0.0619353249986,12.4183414524,8.42463905606,4.79825426998,12.4183414524,-0.00916330046765,0.0203499041638,-17,-0.00959909655562,-0.13903648336,-0.130434782609,0.173913043478,-0.0434782608696,85,10,14,397,0.858585858586,0.97542997543,0.02457002457,0.141414141414,0.894736842105,0.858585858586,0.876288659794,0.847239868698,0.834015834016,0.779816513761,36,40,0,23,23,23,1,0,8,0,0.0386050732335,0,0,1,3.88826011686,0,16,NaN,1,ok,2.18974518502,0,23,23,23,1,0,8,0,0.0421402358309,0,0,1,4.08333333333,0,16,NaN,1,ok,2.22055195806,0,23,23,23,1,0,5,0,0.00780500390319,0,0,1,16.3066015692,0,16,NaN,1,ok,10.6143842411,0,0,0,0
512,WLNM_dir_neg,0.91671875,0.793565670848,00:00:00,10,60,12,510050558,fixed,validated_v2,/gpfs/scratch/acw792/wlnm_roleonly_v2_20260910/result_wlnm_dir_neg_roleonly_trophicv2_100x290_train10-90_Apocrita_20260910_011848/ecological_snapshots/Broadstone_Stream_tax_mass_K10_ratio0.6_exp12_seed510050558_threshold0.5_validated_v2.mat,role_only,2,uniform_without_replacement,uniform_remaining_nonlinks,176,0,176,407,198,198,176,22,0,22,0.111111111111,118,80,0.5,0.785714285714,0.825,0.80487804878,33,9,7,71,0.825,0.8875,0.1125,0.175,0.785714285714,0.825,0.80487804878,0.866666666667,0.55,0.703703703704,0.704186850828,0.7125,99,59,40,0,99,0,59,0,40,23,99,0.195652173913,2.18974518502,8.60869565217,6.6,4.5,4.59979377438,0.534319478842,0.291611769873,4.28989068105,0.996641269334,0.541062801932,2.91445898002,0.677096530713,0.355731225296,1.07629584498,0.491516479791,2.88826011686,2.18974518502,1.07629584498,2.88826011686,0.351612638569,0.458912768647,121,0.0683229813665,0.291765337837,23,23,23,1,0,0.347826086957,0.608695652174,0.0434782608696,23,0.116600790514,2.02385916347,5.13043478261,4.53846153846,2.80952380952,3.09404630373,0.603076821914,0.333087693441,2.7440197282,1.06970260591,0.571849668386,1.92651562428,0.751014565397,0.372881355932,1.07694468884,0.532124323808,2.80854853072,2.07039821636,1.07835589054,2.80854853072,0.246783625731,0.255737704918,26,0.0146809712027,0.160191019806,23,22,22,0.95652173913,0,0.391304347826,0.521739130435,0.0434782608696,23,101,0.199604743083,4.52433269315,8.78260869565,5.94117647059,4.80952380952,4.71898026098,0.537309633676,0.29702970297,4.19674257268,0.955693853185,0.521739130435,2.65841939428,0.605382634341,0.325441239776,2.28236112855,0.504463593495,5.93187050388,4.68452963375,2.19974330556,5.93187050388,0.423803721531,0.454777070064,119,0.0671936758893,0.19562492679,23,22,22,0.95652173913,0,0.217391304348,0.695652173913,0.0434782608696,2,0.00395256916996,2.33458750813,0.173913043478,-0.658823529412,0.309523809524,0.119186486607,0.00299015483462,0.00541793309766,-0.0931481083673,-0.0409474161497,-0.0193236714976,-0.256039585743,-0.0717138963715,-0.0302899855203,1.20606528357,0.0129471137034,3.04361038702,2.49478444873,1.12344746058,3.04361038702,0.0721910829618,-0.00413569858359,-2,-0.00112930547713,-0.0961404110464,-0.130434782609,0.0869565217391,0,92,9,7,398,0.929292929293,0.977886977887,0.022113022113,0.0707070707071,0.910891089109,0.929292929293,0.92,0.900367947537,0.90717990718,0.851851851852,42,40,0,23,23,23,1,0,8,0,0.0386050732335,0,0,1,3.88826011686,0,16,NaN,1,ok,2.18974518502,0,23,22,22,0.95652173913,0,9,0,0.0439078309741,0,0,1,3.80854853072,0,16,NaN,1,ok,2.07039821636,0,23,22,22,0.95652173913,0,5,0,0.0136186209646,0,0,1,6.93187050388,0,16,NaN,1,ok,4.68452963375,0,0,0,0
513,WLNM_dir_neg,0.805,0.635039740946,00:00:00,10,60,13,510050559,fixed,validated_v2,/gpfs/scratch/acw792/wlnm_roleonly_v2_20260910/result_wlnm_dir_neg_roleonly_trophicv2_100x290_train10-90_Apocrita_20260910_011848/ecological_snapshots/Broadstone_Stream_tax_mass_K10_ratio0.6_exp13_seed510050559_threshold0.5_validated_v2.mat,role_only,2,uniform_without_replacement,uniform_remaining_nonlinks,176,0,176,407,198,198,176,22,0,22,0.111111111111,118,80,0.5,0.764705882353,0.65,0.702702702703,26,8,14,72,0.65,0.9,0.1,0.35,0.764705882353,0.65,0.702702702703,0.816666666667,0.572222222222,0.571428571429,0.575372359063,0.55,99,59,40,0,99,0,59,0,40,23,99,0.195652173913,2.18974518502,8.60869565217,6.6,4.5,4.59979377438,0.534319478842,0.291611769873,4.28989068105,0.996641269334,0.541062801932,2.91445898002,0.677096530713,0.355731225296,1.07629584498,0.491516479791,2.88826011686,2.18974518502,1.07629584498,2.88826011686,0.351612638569,0.458912768647,121,0.0683229813665,0.291765337837,23,23,23,1,0,0.347826086957,0.608695652174,0.0434782608696,23,0.116600790514,2.11801316267,5.13043478261,4.21428571429,2.95,3.13780971418,0.611606978187,0.334561532793,2.65990579048,1.0369124268,0.558585114223,2.06322974873,0.804309902048,0.402358142962,1.13813959872,0.537361910106,3.25625744934,2.11801316267,1.13813959872,3.25625744934,0.244624819625,0.262237762238,25,0.0141163184641,0.164390097082,23,23,23,1,0,0.391304347826,0.478260869565,0.130434782609,23,93,0.183794466403,6.93036385736,8.08695652174,5.16666666667,4.42857142857,4.52179613828,0.559146834304,0.302477793361,3.9135924077,0.967877692227,0.520804114072,2.77125276675,0.685363587476,0.358111266947,3.39454523509,0.489807650068,9.42043481804,6.93036385736,3.39454523509,9.42043481804,0.329724623203,0.377880184332,82,0.0463015245624,0.178244993931,23,23,23,1,0,0.217391304348,0.695652173913,0.0869565217391,-6,-0.0118577075099,4.74061867233,-0.521739130435,-1.43333333333,-0.0714285714286,-0.0779976360925,0.0248273554622,0.0108660234887,-0.376298273349,-0.0287635771076,-0.0202586878604,-0.143206213272,0.00826705676367,0.00238004165073,2.3182493901,-0.00170882972362,6.53217470119,4.74061867233,2.3182493901,6.53217470119,-0.0218880153663,-0.0810325843155,-39,-0.0220214568041,-0.113520343905,-0.130434782609,0.0869565217391,0.0434782608696,85,8,14,399,0.858585858586,0.980343980344,0.019656019656,0.141414141414,0.913978494624,0.858585858586,0.885416666667,0.85925871055,0.83892983893,0.794392523364,34,40,0,23,23,23,1,0,8,0,0.0386050732335,0,0,1,3.88826011686,0,16,NaN,1,ok,2.18974518502,0,23,23,23,1,0,9,0,0.0386002896985,0,0,1,4.25625744934,0,16,NaN,1,ok,2.11801316267,0,23,23,23,1,0,5,0,0.0085470167044,0,0,1,10.420434818,0,16,NaN,1,ok,6.93036385736,0,0,0,0
514,WLNM_dir_neg,0.8365625,0.660664306155,00:00:00,10,60,14,510050560,fixed,validated_v2,/gpfs/scratch/acw792/wlnm_roleonly_v2_20260910/result_wlnm_dir_neg_roleonly_trophicv2_100x290_train10-90_Apocrita_20260910_011848/ecological_snapshots/Broadstone_Stream_tax_mass_K10_ratio0.6_exp14_seed510050560_threshold0.5_validated_v2.mat,role_only,2,uniform_without_replacement,uniform_remaining_nonlinks,176,0,176,407,198,198,176,22,0,22,0.111111111111,118,80,0.5,0.793103448276,0.575,0.666666666667,23,6,17,74,0.575,0.925,0.075,0.425,0.793103448276,0.575,0.666666666667,0.808333333333,0.586111111111,0.536912751678,0.550586170124,0.5,99,59,40,0,99,0,59,0,40,23,99,0.195652173913,2.18974518502,8.60869565217,6.6,4.5,4.59979377438,0.534319478842,0.291611769873,4.28989068105,0.996641269334,0.541062801932,2.91445898002,0.677096530713,0.355731225296,1.07629584498,0.491516479791,2.88826011686,2.18974518502,1.07629584498,2.88826011686,0.351612638569,0.458912768647,121,0.0683229813665,0.291765337837,23,23,23,1,0,0.347826086957,0.608695652174,0.0434782608696,23,0.116600790514,2.20803617693,5.13043478261,4.21428571429,2.95,3.19522865629,0.622798805888,0.347089167281,2.98216039683,1.16253710385,0.605747973471,2.10683060018,0.821306844139,0.430361090641,1.31285301311,0.594579485076,4.30769230769,2.26294691224,1.3164371323,4.30769230769,0.258134920635,0.31875,34,0.0191981931112,0.170576859038,23,22,22,0.95652173913,0,0.347826086957,0.521739130435,0.0869565217391,23,88,0.173913043478,2.49825244062,7.65217391304,5.86666666667,4.19047619048,4.4681569889,0.583906879231,0.325098814229,4.24962216409,1.11069670198,0.583992094862,2.46156221484,0.643362851607,0.346837944664,1.47610161874,0.590853668245,4.30421030887,2.49825244062,1.47610161874,4.30421030887,0.523655571482,0.433903576983,93,0.0525127046866,0.193416124803,23,23,23,1,0,0.347826086957,0.565217391304,0.0869565217391,-11,-0.0217391304348,0.308507255599,-0.95652173913,-0.733333333333,-0.309523809524,-0.131636785475,0.0495874003897,0.0334870443566,-0.0402685169544,0.114055432645,0.0429292929293,-0.45289676518,-0.0337336791057,-0.00889328063241,0.39980577376,0.0993371884534,1.41595019202,0.308507255599,0.39980577376,1.41595019202,0.172042932912,-0.0250091916644,-28,-0.0158102766798,-0.0983492130341,0,-0.0434782608696,0.0434782608696,82,6,17,401,0.828282828283,0.985257985258,0.014742014742,0.171717171717,0.931818181818,0.828282828283,0.877005347594,0.85146082329,0.813540813541,0.780952380952,29,40,0,23,23,23,1,0,8,0,0.0386050732335,0,0,1,3.88826011686,0,16,NaN,1,ok,2.18974518502,0,23,22,22,0.95652173913,0,8,0,0.0508182815314,0,0,1,5.30769230769,0,16,NaN,1,ok,2.26294691224,0,23,23,23,1,0,8,0,0.0432418208394,0,0,1,5.30421030887,0,16,NaN,1,ok,2.49825244062,0,0,0,0
515,WLNM_dir_neg,0.9496875,0.899569975749,00:00:00,10,60,15,510050561,fixed,validated_v2,/gpfs/scratch/acw792/wlnm_roleonly_v2_20260910/result_wlnm_dir_neg_roleonly_trophicv2_100x290_train10-90_Apocrita_20260910_011848/ecological_snapshots/Broadstone_Stream_tax_mass_K10_ratio0.6_exp15_seed510050561_threshold0.5_validated_v2.mat,role_only,2,uniform_without_replacement,uniform_remaining_nonlinks,176,0,176,407,198,198,176,22,0,22,0.111111111111,118,80,0.5,0.9375,0.75,0.833333333333,30,2,10,78,0.75,0.975,0.025,0.25,0.9375,0.75,0.833333333333,0.9,0.577777777778,0.763157894737,0.772852596789,0.725,99,59,40,0,99,0,59,0,40,23,99,0.195652173913,2.18974518502,8.60869565217,6.6,4.5,4.59979377438,0.534319478842,0.291611769873,4.28989068105,0.996641269334,0.541062801932,2.91445898002,0.677096530713,0.355731225296,1.07629584498,0.491516479791,2.88826011686,2.18974518502,1.07629584498,2.88826011686,0.351612638569,0.458912768647,121,0.0683229813665,0.291765337837,23,23,23,1,0,0.347826086957,0.608695652174,0.0434782608696,23,0.116600790514,2.28034191763,5.13043478261,3.93333333333,2.80952380952,2.51005881543,0.48924875216,0.270449521002,2.5553168627,0.996140471898,0.533529845247,1.87873475211,0.732388123703,0.394988946205,1.19865820802,0.525648455939,3.02236238532,2.28034191763,1.19865820802,3.02236238532,0.245119047619,0.316293929712,33,0.0186335403727,0.143874115303,23,23,23,1,0,0.347826086957,0.565217391304,0.0869565217391,23,91,0.179841897233,2.24649857606,7.91304347826,6.06666666667,4.13636363636,4.17691756158,0.52785221932,0.281892021022,3.93675294061,0.995003490484,0.539894887721,2.80386520344,0.708669227243,0.374581939799,1.14763013769,0.51085282222,3.13957923041,2.24649857606,1.14763013769,3.13957923041,0.327950310559,0.460093896714,98,0.0553359683794,0.244163665466,23,23,23,1,0,0.347826086957,0.608695652174,0.0434782608696,-8,-0.0158102766798,0.0567533910304,-0.695652173913,-0.533333333333,-0.363636363636,-0.422876212801,-0.00646725952169,-0.00971974885018,-0.353137740436,-0.00163777884993,-0.00116791421139,-0.110593776586,0.0315726965299,0.0188507145029,0.0713342927077,0.0193363424287,0.251319113557,0.0567533910304,0.0713342927077,0.251319113557,-0.0236623280102,0.00118112806633,-23,-0.012987012987,-0.0476016723706,0,0,0,89,2,10,405,0.89898989899,0.995085995086,0.004914004914,0.10101010101,0.978021978022,0.89898989899,0.936842105263,0.923516040455,0.894075894076,0.881188118812,32,40,0,23,23,23,1,0,8,0,0.0386050732335,0,0,1,3.88826011686,0,16,NaN,1,ok,2.18974518502,0,23,23,23,1,0,8,0,0.0396967937347,0,0,1,4.02236238532,0,16,NaN,1,ok,2.28034191763,0,23,23,23,1,0,8,0,0.0297718352712,0,0,1,4.13957923041,0,16,NaN,1,ok,2.24649857606,0,0,0,0
516,WLNM_dir_neg,0.8384375,0.660621804106,00:00:00,10,60,16,510050562,fixed,validated_v2,/gpfs/scratch/acw792/wlnm_roleonly_v2_20260910/result_wlnm_dir_neg_roleonly_trophicv2_100x290_train10-90_Apocrita_20260910_011848/ecological_snapshots/Broadstone_Stream_tax_mass_K10_ratio0.6_exp16_seed510050562_threshold0.5_validated_v2.mat,role_only,2,uniform_without_replacement,uniform_remaining_nonlinks,176,0,176,407,198,198,176,22,0,22,0.111111111111,118,80,0.5,0.690476190476,0.725,0.707317073171,29,13,11,67,0.725,0.8375,0.1625,0.275,0.690476190476,0.725,0.707317073171,0.8,0.55,0.555555555556,0.555936987496,0.5625,99,59,40,0,99,0,59,0,40,23,99,0.195652173913,2.18974518502,8.60869565217,6.6,4.5,4.59979377438,0.534319478842,0.291611769873,4.28989068105,0.996641269334,0.541062801932,2.91445898002,0.677096530713,0.355731225296,1.07629584498,0.491516479791,2.88826011686,2.18974518502,1.07629584498,2.88826011686,0.351612638569,0.458912768647,121,0.0683229813665,0.291765337837,23,23,23,1,0,0.347826086957,0.608695652174,0.0434782608696,23,0.116600790514,2.1993135366,5.13043478261,3.93333333333,2.80952380952,3.30707709213,0.644599772195,0.353721444363,2.64276176061,1.03022916091,0.554163596168,2.27288537,0.88604005949,0.442151805453,1.10204283827,0.501084915784,3.00077471336,2.1993135366,1.10204283827,3.00077471336,0.337489979157,0.337748344371,34,0.0191981931112,0.177929504358,23,23,23,1,0,0.347826086957,0.565217391304,0.0869565217391,23,101,0.199604743083,1,8.78260869565,5.31578947368,4.80952380952,4.70933812894,0.536211767156,0.297890658631,3.8699204882,0.881269022065,0.481274214378,3.05612842476,0.695950037321,0.369349978476,0,0,0,29.1645033115,14.6755627578,38.7443703499,0.477692838562,0.493046776233,130,0.0734048560136,0.197857247641,23,23,23,1,0,0.173913043478,0.739130434783,0.0869565217391,2,0.00395256916996,-1.18974518502,0.173913043478,-1.28421052632,0.309523809524,0.109544354559,0.00189228831427,0.00627888875844,-0.419970192849,-0.115372247269,-0.0597885875544,0.141669444734,0.0188535066085,0.0136187531797,-1.07629584498,-0.491516479791,-2.88826011686,26.9747581265,13.5992669128,35.8561102331,0.126080199993,0.0341340075853,9,0.00508187464709,-0.0939080901954,-0.173913043478,0.130434782609,0.0434782608696,88,13,11,394,0.888888888889,0.968058968059,0.031941031941,0.111111111111,0.871287128713,0.888888888889,0.88,0.850513086765,0.856947856948,0.785714285714,42,40,0,23,23,23,1,0,8,0,0.0386050732335,0,0,1,3.88826011686,0,16,NaN,1,ok,2.18974518502,0,23,23,23,1,0,8,0,0.0173056548101,0,0,1,4.00077471336,0,16,NaN,1,ok,2.1993135366,0,23,23,23,1,0,4,0,0.00123452787474,0,0,1,39.7443703499,1,16,NaN,1,ok,NaN,3,0,0,0
517,WLNM_dir_neg,0.90640625,0.820275806445,00:00:00,10,60,17,510050563,fixed,validated_v2,/gpfs/scratch/acw792/wlnm_roleonly_v2_20260910/result_wlnm_dir_neg_roleonly_trophicv2_100x290_train10-90_Apocrita_20260910_011848/ecological_snapshots/Broadstone_Stream_tax_mass_K10_ratio0.6_exp17_seed510050563_threshold0.5_validated_v2.mat,role_only,2,uniform_without_replacement,uniform_remaining_nonlinks,176,0,176,407,198,198,176,22,0,22,0.111111111111,118,80,0.5,0.885714285714,0.775,0.826666666667,31,4,9,76,0.775,0.95,0.05,0.225,0.885714285714,0.775,0.826666666667,0.891666666667,0.569444444444,0.748387096774,0.751916319321,0.725,99,59,40,0,99,0,59,0,40,23,99,0.195652173913,2.18974518502,8.60869565217,6.6,4.5,4.59979377438,0.534319478842,0.291611769873,4.28989068105,0.996641269334,0.541062801932,2.91445898002,0.677096530713,0.355731225296,1.07629584498,0.491516479791,2.88826011686,2.18974518502,1.07629584498,2.88826011686,0.351612638569,0.458912768647,121,0.0683229813665,0.291765337837,23,23,23,1,0,0.347826086957,0.608695652174,0.0434782608696,23,0.116600790514,2.25374396135,5.13043478261,3.93333333333,2.80952380952,2.68504863383,0.523356937102,0.291083271923,2.57304359848,1.00305089432,0.533529845247,1.87873475211,0.732388123703,0.386145910096,1.15524904873,0.512591078909,3.125,2.25374396135,1.15524904873,3.125,0.2320861678,0.250871080139,24,0.0135516657256,0.136009757438,23,23,23,1,0,0.347826086957,0.565217391304,0.0869565217391,23,94,0.185770750988,2.30836506103,8.17391304348,6.26666666667,4.27272727273,4.4071447561,0.539171964842,0.299722479186,4.43040161814,1.08403443848,0.574468085106,2.59217429756,0.634255413233,0.336725254394,1.20162247464,0.520551317866,3.15112631879,2.30836506103,1.20162247464,3.15112631879,0.369331634549,0.418508287293,101,0.0570299265951,0.222651158365,23,23,23,1,0,0.347826086957,0.608695652174,0.0434782608696,-5,-0.0098814229249,0.118619876009,-0.434782608696,-0.333333333333,-0.227272727273,-0.192649018281,0.00485248599976,0.0081107093133,0.140510937093,0.087393169147,0.033405283174,-0.322284682464,-0.0428411174799,-0.0190059709024,0.125326629653,0.0290348380744,0.262866201933,0.118619876009,0.125326629653,0.262866201933,0.0177189959799,-0.0404044813545,-20,-0.0112930547713,-0.0691141794713,0,0,0,90,4,9,403,0.909090909091,0.990171990172,0.00982800982801,0.0909090909091,0.957446808511,0.909090909091,0.932642487047,0.91725258269,0.899262899263,0.873786407767,35,40,0,23,23,23,1,0,8,0,0.0386050732335,0,0,1,3.88826011686,0,16,NaN,1,ok,2.18974518502,0,23,23,23,1,0,8,0,0.037122204234,0,0,1,4.125,0,16,NaN,1,ok,2.25374396135,0,23,23,23,1,0,8,0,0.0386355287534,0,0,1,4.15112631879,0,16,NaN,1,ok,2.30836506103,0,0,0,0
518,WLNM_dir_neg,0.9153125,0.775355372898,00:00:00,10,60,18,510050564,fixed,validated_v2,/gpfs/scratch/acw792/wlnm_roleonly_v2_20260910/result_wlnm_dir_neg_roleonly_trophicv2_100x290_train10-90_Apocrita_20260910_011848/ecological_snapshots/Broadstone_Stream_tax_mass_K10_ratio0.6_exp18_seed510050564_threshold0.5_validated_v2.mat,role_only,2,uniform_without_replacement,uniform_remaining_nonlinks,176,0,176,407,198,198,176,22,0,22,0.111111111111,118,80,0.5,0.763157894737,0.725,0.74358974359,29,9,11,71,0.725,0.8875,0.1125,0.275,0.763157894737,0.725,0.74358974359,0.833333333333,0.561111111111,0.620253164557,0.620700875124,0.6125,99,59,40,0,99,0,59,0,40,23,99,0.195652173913,2.18974518502,8.60869565217,6.6,4.5,4.59979377438,0.534319478842,0.291611769873,4.28989068105,0.996641269334,0.541062801932,2.91445898002,0.677096530713,0.355731225296,1.07629584498,0.491516479791,2.88826011686,2.18974518502,1.07629584498,2.88826011686,0.351612638569,0.458912768647,121,0.0683229813665,0.291765337837,23,23,23,1,0,0.347826086957,0.608695652174,0.0434782608696,23,0.116600790514,2.18758130416,5.13043478261,3.93333333333,2.80952380952,2.75193069129,0.536393270335,0.296241709654,2.71068738274,1.05670864073,0.563006632277,1.75359596664,0.683605207336,0.359616801769,1.09022431151,0.498369733476,3.03779498525,2.18758130416,1.09022431151,3.03779498525,0.260894660895,0.262237762238,25,0.0141163184641,0.126065627494,23,23,23,1,0,0.347826086957,0.565217391304,0.0869565217391,23,97,0.191699604743,1,8.4347826087,5.10526315789,4.40909090909,4.15414455647,0.492501674221,0.273419991035,3.75325945303,0.889948117728,0.486777229942,2.92258481079,0.692984027302,0.361272971762,0,0,0,NaN,NaN,NaN,0.331053004966,0.387895460798,94,0.0530773574252,0.180104675835,23,23,0,1,7,0.173913043478,0.782608695652,0.0434782608696,-2,-0.00395256916996,-1.18974518502,-0.173913043478,-1.49473684211,-0.0909090909091,-0.445649217907,-0.0418178046211,-0.0181917788372,-0.53663122802,-0.106693151606,-0.0542855719906,0.0081258307697,0.015887496589,0.0055417464651,-1.07629584498,-0.491516479791,-2.88826011686,NaN,NaN,NaN,-0.0205596336031,-0.0710173078495,-27,-0.0152456239413,-0.111660662002,-0.173913043478,0.173913043478,0,88,9,11,398,0.888888888889,0.977886977887,0.022113022113,0.111111111111,0.907216494845,0.888888888889,0.897959183673,0.873522491579,0.866775866776,0.814814814815,38,40,0,23,23,23,1,0,8,0,0.0386050732335,0,0,1,3.88826011686,0,16,NaN,1,ok,2.18974518502,0,23,23,23,1,0,8,0,0.0334434842521,0,0,1,4.03779498525,0,16,NaN,1,ok,2.18758130416,0,23,23,0,1,7,4,2,NaN,NaN,NaN,NaN,NaN,0,0,NaN,0,basal_unreachable_in_lcc,NaN,2,0,0,0
519,WLNM_dir_neg,0.8696875,0.648191771664,00:00:00,10,60,19,510050565,fixed,validated_v2,/gpfs/scratch/acw792/wlnm_roleonly_v2_20260910/result_wlnm_dir_neg_roleonly_trophicv2_100x290_train10-90_Apocrita_20260910_011848/ecological_snapshots/Broadstone_Stream_tax_mass_K10_ratio0.6_exp19_seed510050565_threshold0.5_validated_v2.mat,role_only,2,uniform_without_replacement,uniform_remaining_nonlinks,176,0,176,407,198,198,176,22,0,22,0.111111111111,118,80,0.5,0.738095238095,0.775,0.756097560976,31,11,9,69,0.775,0.8625,0.1375,0.225,0.738095238095,0.775,0.756097560976,0.833333333333,0.55,0.62962962963,0.630061919162,0.6375,99,59,40,0,99,0,59,0,40,23,99,0.195652173913,2.18974518502,8.60869565217,6.6,4.5,4.59979377438,0.534319478842,0.291611769873,4.28989068105,0.996641269334,0.541062801932,2.91445898002,0.677096530713,0.355731225296,1.07629584498,0.491516479791,2.88826011686,2.18974518502,1.07629584498,2.88826011686,0.351612638569,0.458912768647,121,0.0683229813665,0.291765337837,23,23,23,1,0,0.347826086957,0.608695652174,0.0434782608696,23,0.116600790514,2.2879732009,5.13043478261,3.93333333333,2.68181818182,3.10870256225,0.605933550269,0.327929255711,2.7274044764,1.06322547385,0.567428150332,1.77932793637,0.693636314177,0.36109064112,1.18848208314,0.519447554138,3.41379310345,2.2879732009,1.18848208314,3.41379310345,0.186291486291,0.261744966443,26,0.0146809712027,0.135054971484,23,23,23,1,0,0.347826086957,0.608695652174,0.0434782608696,23,101,0.199604743083,16.5822026314,8.78260869565,5.31578947368,4.59090909091,5.04485806395,0.574414532034,0.312957382695,4.3352585163,0.987237087871,0.528626775721,2.38821215813,0.543850293436,0.298751614292,8.32587400463,0.502096988542,21.8074906451,16.5822026314,8.32587400463,21.8074906451,0.422832481528,0.466057441253,119,0.0671936758893,0.162769251385,23,23,23,1,0,0.173913043478,0.782608695652,0.0434782608696,2,0.00395256916996,14.3924574464,0.173913043478,-1.28421052632,0.0909090909091,0.44506428957,0.0400950531918,0.0213456128222,0.045367835254,-0.00940418146364,-0.0124360262113,-0.526246821892,-0.133246237277,-0.0569796110046,7.24957815965,0.0105805087511,18.9192305282,14.3924574464,7.24957815965,18.9192305282,0.071219842959,0.00714467260598,-2,-0.00112930547713,-0.128996086451,-0.173913043478,0.173913043478,0,90,11,9,396,0.909090909091,0.972972972973,0.027027027027,0.0909090909091,0.891089108911,0.909090909091,0.9,0.875440517151,0.882063882064,0.818181818182,42,40,0,23,23,23,1,0,8,0,0.0386050732335,0,0,1,3.88826011686,0,16,NaN,1,ok,2.18974518502,0,23,23,23,1,0,8,0,0.0255202301654,0,0,1,4.41379310345,0,16,NaN,1,ok,2.2879732009,0,23,23,23,1,0,4,0,0.00360511441137,0,0,1,22.8074906451,0,16,NaN,1,ok,16.5822026314,0,0,0,0
520,WLNM_dir_neg,0.8546875,0.724860708203,00:00:00,10,60,20,510050566,fixed,validated_v2,/gpfs/scratch/acw792/wlnm_roleonly_v2_20260910/result_wlnm_dir_neg_roleonly_trophicv2_100x290_train10-90_Apocrita_20260910_011848/ecological_snapshots/Broadstone_Stream_tax_mass_K10_ratio0.6_exp20_seed510050566_threshold0.5_validated_v2.mat,role_only,2,uniform_without_replacement,uniform_remaining_nonlinks,176,0,176,407,198,198,176,22,0,22,0.111111111111,118,80,0.5,0.741935483871,0.575,0.647887323944,23,8,17,72,0.575,0.9,0.1,0.425,0.741935483871,0.575,0.647887323944,0.791666666667,0.580555555556,0.503311258278,0.511555488447,0.475,99,59,40,0,99,0,59,0,40,23,99,0.195652173913,2.18974518502,8.60869565217,6.6,4.5,4.59979377438,0.534319478842,0.291611769873,4.28989068105,0.996641269334,0.541062801932,2.91445898002,0.677096530713,0.355731225296,1.07629584498,0.491516479791,2.88826011686,2.18974518502,1.07629584498,2.88826011686,0.351612638569,0.458912768647,121,0.0683229813665,0.291765337837,23,23,23,1,0,0.347826086957,0.608695652174,0.0434782608696,23,0.116600790514,1.9409766624,5.13043478261,4.53846153846,2.80952380952,2.78476941801,0.542794039103,0.303610906411,2.80949828838,1.09522814632,0.571849668386,1.8046930476,0.703524408386,0.375829034635,0.950299521164,0.489598633292,2.41176470588,1.9409766624,0.950299521164,2.41176470588,0.19134542706,0.24,24,0.0135516657256,0.157231301462,23,23,23,1,0,0.434782608696,0.478260869565,0.0869565217391,23,90,0.177865612648,2.79107173227,7.82608695652,5.29411764706,4.09090909091,4.18495328434,0.534744030777,0.296618357488,3.99901173562,1.02196966577,0.546859903382,2.37243724849,0.606289519059,0.333333333333,1.32073664167,0.473200536698,3.39981286793,2.79107173227,1.32073664167,3.39981286793,0.438455505847,0.464977645306,104,0.0587238848108,0.157256593248,23,23,23,1,0,0.260869565217,0.695652173913,0.0434782608696,-9,-0.0177865612648,0.601326547241,-0.782608695652,-1.30588235294,-0.409090909091,-0.414840490039,0.000424551934789,0.00500658761528,-0.290878945423,0.0253283964364,0.00579710144928,-0.542021731534,-0.0708070116541,-0.0223978919631,0.244440796686,-0.0183159430938,0.511552751071,0.601326547241,0.244440796686,0.511552751071,0.0868428672776,0.00606487665823,-17,-0.00959909655562,-0.134508744589,-0.0869565217391,0.0869565217391,0,82,8,17,399,0.828282828283,0.980343980344,0.019656019656,0.171717171717,0.911111111111,0.828282828283,0.867724867725,0.838870684037,0.808626808627,0.766355140187,31,40,0,23,23,23,1,0,8,0,0.0386050732335,0,0,1,3.88826011686,0,16,NaN,1,ok,2.18974518502,0,23,23,23,1,0,10,0,0.0693662698437,0,0,1,3.41176470588,0,16,NaN,1,ok,1.9409766624,0,23,23,23,1,0,6,0,0.0357216502039,0,0,1,4.39981286793,0,16,NaN,1,ok,2.79107173227,0,0,0,0
521,WLNM_dir_neg,0.8971875,0.819932928089,00:00:01,10,60,21,510050567,fixed,validated_v2,/gpfs/scratch/acw792/wlnm_roleonly_v2_20260910/result_wlnm_dir_neg_roleonly_trophicv2_100x290_train10-90_Apocrita_20260910_011848/ecological_snapshots/Broadstone_Stream_tax_mass_K10_ratio0.6_exp21_seed510050567_threshold0.5_validated_v2.mat,role_only,2,uniform_without_replacement,uniform_remaining_nonlinks,176,0,176,407,198,198,176,22,0,22,0.111111111111,118,80,0.5,0.789473684211,0.75,0.769230769231,30,8,10,72,0.75,0.9,0.1,0.25,0.789473684211,0.75,0.769230769231,0.85,0.561111111111,0.658227848101,0.65870296952,0.65,99,59,40,0,99,0,59,0,40,23,99,0.195652173913,2.18974518502,8.60869565217,6.6,4.5,4.59979377438,0.534319478842,0.291611769873,4.28989068105,0.996641269334,0.541062801932,2.91445898002,0.677096530713,0.355731225296,1.07629584498,0.491516479791,2.88826011686,2.18974518502,1.07629584498,2.88826011686,0.351612638569,0.458912768647,121,0.0683229813665,0.291765337837,23,23,23,1,0,0.347826086957,0.608695652174,0.0434782608696,23,0.116600790514,1.99781364963,5.13043478261,4.21428571429,2.95,2.91242397991,0.56767586049,0.313927781872,2.65990579048,1.0369124268,0.55563743552,2.06322974873,0.804309902048,0.418570375829,0.950872331027,0.475956469314,2.8470340259,1.99781364963,0.950872331027,2.8470340259,0.252088916375,0.253246753247,26,0.0146809712027,0.169388273509,23,23,23,1,0,0.391304347826,0.478260869565,0.130434782609,23,97,0.191699604743,2.41881134568,8.4347826087,5.70588235294,4.61904761905,3.76377575118,0.44622083648,0.242492155984,3.95378439817,0.937495269669,0.510981622591,2.85969676935,0.678072429847,0.359480053788,1.02685214296,0.424527586574,2.80498888332,2.41881134568,1.02685214296,2.80498888332,0.387470983123,0.392131979695,103,0.0581592320723,0.233664095622,23,23,23,1,0,0.260869565217,0.652173913043,0.0869565217391,-2,-0.00395256916996,0.229066160656,-0.173913043478,-0.894117647059,0.119047619048,-0.836018023201,-0.0880986423622,-0.0491196138888,-0.33610628288,-0.0591459996656,-0.0300811793416,-0.0547622106714,0.00097589913385,0.0037488284911,-0.0494437020238,-0.0669888932174,-0.0832712335391,0.229066160656,-0.0494437020238,-0.0832712335391,0.035858344554,-0.0667807889519,-18,-0.0101637492942,-0.0581012422145,-0.0869565217391,0.0434782608696,0.0434782608696,89,8,10,399,0.89898989899,0.980343980344,0.019656019656,0.10101010101,0.917525773196,0.89898989899,0.908163265306,0.886178250513,0.879333879334,0.831775700935,38,40,0,23,23,23,1,0,8,0,0.0386050732335,0,0,1,3.88826011686,0,16,NaN,1,ok,2.18974518502,0,23,23,23,1,0,9,0,0.0408362297422,0,0,1,3.8470340259,0,16,NaN,1,ok,1.99781364963,0,23,23,23,1,0,6,0,0.0291185483727,0,0,1,3.80498888332,0,16,NaN,1,ok,2.41881134568,0,0,0,0
522,WLNM_dir_neg,0.9790625,0.559642316818,00:00:00,10,60,22,510050568,fixed,validated_v2,/gpfs/scratch/acw792/wlnm_roleonly_v2_20260910/result_wlnm_dir_neg_roleonly_trophicv2_100x290_train10-90_Apocrita_20260910_011848/ecological_snapshots/Broadstone_Stream_tax_mass_K10_ratio0.6_exp22_seed510050568_threshold0.5_validated_v2.mat,role_only,2,uniform_without_replacement,uniform_remaining_nonlinks,176,0,176,407,198,198,176,22,0,22,0.111111111111,118,80,0.5,0.916666666667,0.825,0.868421052632,33,3,7,77,0.825,0.9625,0.0375,0.175,0.916666666667,0.825,0.868421052632,0.916666666667,0.566666666667,0.807692307692,0.810092587301,0.7875,99,59,40,0,99,0,59,0,40,23,99,0.195652173913,2.18974518502,8.60869565217,6.6,4.5,4.59979377438,0.534319478842,0.291611769873,4.28989068105,0.996641269334,0.541062801932,2.91445898002,0.677096530713,0.355731225296,1.07629584498,0.491516479791,2.88826011686,2.18974518502,1.07629584498,2.88826011686,0.351612638569,0.458912768647,121,0.0683229813665,0.291765337837,23,23,23,1,0,0.347826086957,0.608695652174,0.0434782608696,23,0.116600790514,2.10079185753,5.13043478261,3.93333333333,3.10526315789,3.123290046,0.608776873373,0.33677229182,2.62550578602,1.02350225557,0.551215917465,2.19143139101,0.854286813444,0.461311717023,0.985683318928,0.469196086892,2.72833155965,2.15082785105,0.978525454978,2.72833155965,0.28563833827,0.287925696594,31,0.0175042348955,0.16619047619,23,22,22,0.95652173913,0,0.304347826087,0.521739130435,0.130434782609,23,95,0.187747035573,2.33391182582,8.26086956522,6.33333333333,4.31818181818,4.45398076602,0.539166092728,0.294279176201,4.18117369153,1.0122841569,0.546453089245,2.83331395793,0.685960221393,0.367963386728,1.19506732565,0.512044762116,3.0673644119,2.33391182582,1.19506732565,3.0673644119,0.352650632196,0.42799461642,106,0.059853190288,0.256253862851,23,23,23,1,0,0.347826086957,0.608695652174,0.0434782608696,-4,-0.00790513833992,0.144166640795,-0.347826086957,-0.266666666667,-0.181818181818,-0.145813008362,0.00484661388635,0.00266740632873,-0.108716989518,0.0156428875623,0.00539028731248,-0.0811450220964,0.00886369068035,0.0122321614312,0.118771480668,0.0205282823246,0.179104295039,0.144166640795,0.118771480668,0.179104295039,0.00103799362693,-0.0309181522274,-15,-0.00846979107849,-0.0355114749863,0,0,0,92,3,7,404,0.929292929293,0.992628992629,0.00737100737101,0.0707070707071,0.968421052632,0.929292929293,0.948453608247,0.936539782845,0.921921921922,0.901960784314,36,40,0,23,23,23,1,0,8,0,0.0386050732335,0,0,1,3.88826011686,0,16,NaN,1,ok,2.18974518502,0,23,22,22,0.95652173913,0,7,0,0.0280520611323,0,0,1,3.72833155965,0,16,NaN,1,ok,2.15082785105,0,23,23,23,1,0,8,0,0.0370934797476,0,0,1,4.0673644119,0,16,NaN,1,ok,2.33391182582,0,0,0,0
523,WLNM_dir_neg,0.8140625,0.666027935738,00:00:00,10,60,23,510050569,fixed,validated_v2,/gpfs/scratch/acw792/wlnm_roleonly_v2_20260910/result_wlnm_dir_neg_roleonly_trophicv2_100x290_train10-90_Apocrita_20260910_011848/ecological_snapshots/Broadstone_Stream_tax_mass_K10_ratio0.6_exp23_seed510050569_threshold0.5_validated_v2.mat,role_only,2,uniform_without_replacement,uniform_remaining_nonlinks,176,0,176,407,198,198,176,22,0,22,0.111111111111,118,80,0.5,0.657894736842,0.625,0.641025641026,25,13,15,67,0.625,0.8375,0.1625,0.375,0.657894736842,0.625,0.641025641026,0.766666666667,0.561111111111,0.46835443038,0.468692497543,0.4625,99,59,40,0,99,0,59,0,40,23,99,0.195652173913,2.18974518502,8.60869565217,6.6,4.5,4.59979377438,0.534319478842,0.291611769873,4.28989068105,0.996641269334,0.541062801932,2.91445898002,0.677096530713,0.355731225296,1.07629584498,0.491516479791,2.88826011686,2.18974518502,1.07629584498,2.88826011686,0.351612638569,0.458912768647,121,0.0683229813665,0.291765337837,23,23,23,1,0,0.347826086957,0.608695652174,0.0434782608696,23,0.116600790514,2.12427229182,5.13043478261,4.53846153846,2.95,3.22355461375,0.628319967087,0.348563006632,3.07225245998,1.19765773864,0.619012527634,1.4405203276,0.561558771776,0.288872512896,1.18313327777,0.556959332531,2.98881355932,2.23134584342,1.18378544801,2.98881355932,0.260128495843,0.306709265176,32,0.0180688876341,0.120546832085,23,21,21,0.913043478261,0,0.347826086957,0.521739130435,0.0434782608696,23,97,0.191699604743,1,8.4347826087,5.10526315789,4.85,4.85073646664,0.575087313055,0.317794710892,4.02217175325,0.95371082809,0.513670999552,2.96887676555,0.703960470182,0.370237561632,0,0,0,193.014116121,67.2237193683,233.720232074,0.470873703017,0.46511627907,120,0.0677583286279,0.182909866192,23,21,21,0.913043478261,0,0.0869565217391,0.782608695652,0.0434782608696,-2,-0.00395256916996,-1.18974518502,-0.173913043478,-1.49473684211,0.35,0.250942692261,0.0407678342133,0.0261829410193,-0.267718927796,-0.0429304412438,-0.0273918023806,0.0544177855238,0.0268639394688,0.0145063363351,-1.07629584498,-0.491516479791,-2.88826011686,190.824370936,66.1474235233,230.831971957,0.119261064447,0.00620351042249,-1,-0.000564652738566,-0.108855471645,-0.260869565217,0.173913043478,0,84,13,15,394,0.848484848485,0.968058968059,0.031941031941,0.151515151515,0.865979381443,0.848484848485,0.857142857143,0.822899455847,0.816543816544,0.75,38,40,0,23,23,23,1,0,8,0,0.0386050732335,0,0,1,3.88826011686,0,16,NaN,1,ok,2.18974518502,0,23,21,21,0.913043478261,0,8,0,0.0384948652671,0,0,1,3.98881355932,0,16,NaN,1,ok,2.23134584342,0,23,21,21,0.913043478261,0,2,0,0.000129905852967,0,0,1,234.720232074,1,16,NaN,1,ok,NaN,3,0,0,0
524,WLNM_dir_neg,0.9240625,0.418236772896,00:00:00,10,60,24,510050570,fixed,validated_v2,/gpfs/scratch/acw792/wlnm_roleonly_v2_20260910/result_wlnm_dir_neg_roleonly_trophicv2_100x290_train10-90_Apocrita_20260910_011848/ecological_snapshots/Broadstone_Stream_tax_mass_K10_ratio0.6_exp24_seed510050570_threshold0.5_validated_v2.mat,role_only,2,uniform_without_replacement,uniform_remaining_nonlinks,176,0,176,407,198,198,176,22,0,22,0.111111111111,118,80,0.5,0.809523809524,0.85,0.829268292683,34,8,6,72,0.85,0.9,0.1,0.15,0.809523809524,0.85,0.829268292683,0.883333333333,0.55,0.740740740741,0.741249316661,0.75,99,59,40,0,99,0,59,0,40,23,99,0.195652173913,2.18974518502,8.60869565217,6.6,4.5,4.59979377438,0.534319478842,0.291611769873,4.28989068105,0.996641269334,0.541062801932,2.91445898002,0.677096530713,0.355731225296,1.07629584498,0.491516479791,2.88826011686,2.18974518502,1.07629584498,2.88826011686,0.351612638569,0.458912768647,121,0.0683229813665,0.291765337837,23,23,23,1,0,0.347826086957,0.608695652174,0.0434782608696,23,0.116600790514,2.68915406427,5.13043478261,3.93333333333,2.80952380952,2.78476941801,0.542794039103,0.299189388357,2.7274044764,1.06322547385,0.567428150332,1.61881232998,0.63106243372,0.344878408254,1.74750174216,0.649833256257,4.88586956522,2.68915406427,1.74750174216,4.88586956522,0.17380952381,0.21875,21,0.0118577075099,0.117884840028,23,23,23,1,0,0.347826086957,0.565217391304,0.0869565217391,23,101,0.199604743083,4.30337613919,8.78260869565,5.94117647059,4.59090909091,4.87065910921,0.554579997583,0.301764959105,4.32476095435,0.98484655396,0.530348687043,2.74257891964,0.624547674769,0.340077486009,2.32690566696,0.540716310102,6.31330802809,4.30337613919,2.32690566696,6.31330802809,0.353973803974,0.441624365482,116,0.0654997176736,0.194337853175,23,23,23,1,0,0.260869565217,0.695652173913,0.0434782608696,2,0.00395256916996,2.11363095416,0.173913043478,-0.658823529412,0.0909090909091,0.27086533483,0.0202605187412,0.010153189232,0.0348702733008,-0.0117947153738,-0.0107141148897,-0.171880060388,-0.052548855944,-0.015653739287,1.25060982198,0.0491998303103,3.42504791123,2.11363095416,1.25060982198,3.42504791123,0.00236116540464,-0.017288403165,-5,-0.00282326369283,-0.0974274846614,-0.0869565217391,0.0869565217391,0,93,8,6,399,0.939393939394,0.980343980344,0.019656019656,0.0606060606061,0.920792079208,0.939393939394,0.93,0.91283166273,0.919737919738,0.869158878505,42,40,0,23,23,23,1,0,8,0,0.0386050732335,0,0,1,3.88826011686,0,16,NaN,1,ok,2.18974518502,0,23,23,23,1,0,8,0,0.0291969214476,0,0,1,5.88586956522,0,16,NaN,1,ok,2.68915406427,0,23,23,23,1,0,6,0,0.0199816992361,0,0,1,7.31330802809,0,16,NaN,1,ok,4.30337613919,0,0,0,0
525,WLNM_dir_neg,0.89765625,0.692810999367,00:00:00,10,60,25,510050571,fixed,validated_v2,/gpfs/scratch/acw792/wlnm_roleonly_v2_20260910/result_wlnm_dir_neg_roleonly_trophicv2_100x290_train10-90_Apocrita_20260910_011848/ecological_snapshots/Broadstone_Stream_tax_mass_K10_ratio0.6_exp25_seed510050571_threshold0.5_validated_v2.mat,role_only,2,uniform_without_replacement,uniform_remaining_nonlinks,176,0,176,407,198,198,176,22,0,22,0.111111111111,118,80,0.5,0.764705882353,0.65,0.702702702703,26,8,14,72,0.65,0.9,0.1,0.35,0.764705882353,0.65,0.702702702703,0.816666666667,0.572222222222,0.571428571429,0.575372359063,0.55,99,59,40,0,99,0,59,0,40,23,99,0.195652173913,2.18974518502,8.60869565217,6.6,4.5,4.59979377438,0.534319478842,0.291611769873,4.28989068105,0.996641269334,0.541062801932,2.91445898002,0.677096530713,0.355731225296,1.07629584498,0.491516479791,2.88826011686,2.18974518502,1.07629584498,2.88826011686,0.351612638569,0.458912768647,121,0.0683229813665,0.291765337837,23,23,23,1,0,0.347826086957,0.608695652174,0.0434782608696,23,0.116600790514,2.11157086834,5.13043478261,4.21428571429,2.80952380952,2.8810406552,0.561558771776,0.310980103169,2.65990579048,1.0369124268,0.558585114223,1.7274807447,0.673424697088,0.349299926308,1.08514239897,0.513902902926,2.77683474788,2.11157086834,1.08514239897,2.77683474788,0.212012987013,0.254826254826,22,0.0124223602484,0.132789432789,23,23,23,1,0,0.391304347826,0.521739130435,0.0869565217391,23,93,0.183794466403,2.72104262999,8.08695652174,5.47058823529,4.22727272727,4.57178146577,0.56532781566,0.309490416082,4.01676329297,0.993393072456,0.536699392239,2.61947706213,0.647827660528,0.350631136045,1.27851477078,0.469862087676,3.48722721532,2.72104262999,1.27851477078,3.48722721532,0.413365137278,0.444444444444,96,0.0542066629023,0.18705150818,23,23,23,1,0,0.260869565217,0.695652173913,0.0434782608696,-6,-0.0118577075099,0.531297444965,-0.521739130435,-1.12941176471,-0.272727272727,-0.0280123086079,0.0310083368178,0.0178786462096,-0.273127388074,-0.00324819687842,-0.004363409693,-0.294981917889,-0.0292688701847,-0.00510008925156,0.2022189258,-0.0216543921151,0.598967098464,0.531297444965,0.2022189258,0.598967098464,0.061752498709,-0.0144683242028,-25,-0.0141163184641,-0.104713829656,-0.0869565217391,0.0869565217391,0,85,8,14,399,0.858585858586,0.980343980344,0.019656019656,0.141414141414,0.913978494624,0.858585858586,0.885416666667,0.85925871055,0.83892983893,0.794392523364,34,40,0,23,23,23,1,0,8,0,0.0386050732335,0,0,1,3.88826011686,0,16,NaN,1,ok,2.18974518502,0,23,23,23,1,0,9,0,0.0685544669631,0,0,1,3.77683474788,0,16,NaN,1,ok,2.11157086834,0,23,23,23,1,0,6,0,0.0350339134903,0,0,1,4.48722721532,0,16,NaN,1,ok,2.72104262999,0,0,0,0
526,WLNM_dir_neg,0.94421875,0.74759038851,00:00:00,10,60,26,510050572,fixed,validated_v2,/gpfs/scratch/acw792/wlnm_roleonly_v2_20260910/result_wlnm_dir_neg_roleonly_trophicv2_100x290_train10-90_Apocrita_20260910_011848/ecological_snapshots/Broadstone_Stream_tax_mass_K10_ratio0.6_exp26_seed510050572_threshold0.5_validated_v2.mat,role_only,2,uniform_without_replacement,uniform_remaining_nonlinks,176,0,176,407,198,198,176,22,0,22,0.111111111111,118,80,0.5,0.846153846154,0.825,0.835443037975,33,6,7,74,0.825,0.925,0.075,0.175,0.846153846154,0.825,0.835443037975,0.891666666667,0.558333333333,0.754716981132,0.754851356096,0.75,99,59,40,0,99,0,59,0,40,23,99,0.195652173913,2.18974518502,8.60869565217,6.6,4.5,4.59979377438,0.534319478842,0.291611769873,4.28989068105,0.996641269334,0.541062801932,2.91445898002,0.677096530713,0.355731225296,1.07629584498,0.491516479791,2.88826011686,2.18974518502,1.07629584498,2.88826011686,0.351612638569,0.458912768647,121,0.0683229813665,0.291765337837,23,23,23,1,0,0.347826086957,0.608695652174,0.0434782608696,23,0.116600790514,1.96668295066,5.13043478261,4.21428571429,3.47058823529,3.48117466886,0.678534045625,0.369933677229,2.62550578602,1.02350225557,0.543846720707,2.57304359848,1.00305089432,0.532056005895,0.927814596748,0.471766227717,2.75337078652,2.01062308478,0.924830132795,2.75337078652,0.297231715653,0.357142857143,40,0.0225861095426,0.212750344893,23,22,22,0.95652173913,0,0.347826086957,0.391304347826,0.217391304348,23,98,0.193675889328,1,8.52173913043,5.76470588235,4.66666666667,4.73737139636,0.555916031205,0.305235137533,4.08119179679,0.957830727819,0.522626441881,3.01838896379,0.70839740987,0.382431233363,0,0,0,24.0962665233,16.7542349086,40.8375468064,0.382405473315,0.468371467026,116,0.0654997176736,0.213790858479,23,23,23,1,0,0.260869565217,0.652173913043,0.0869565217391,-1,-0.00197628458498,-1.18974518502,-0.0869565217391,-0.835294117647,0.166666666667,0.137577621981,0.0215965523635,0.0136233676606,-0.208698884254,-0.0388105415154,-0.0184363600513,0.10392998377,0.0313008791575,0.0267000080665,-1.07629584498,-0.491516479791,-2.88826011686,21.9065213383,15.6779390636,37.9492866895,0.0307928347454,0.00945869837829,-5,-0.00282326369283,-0.0779744793574,-0.0869565217391,0.0434782608696,0.0434782608696,92,6,7,401,0.929292929293,0.985257985258,0.014742014742,0.0707070707071,0.938775510204,0.929292929293,0.934010152284,0.918077979749,0.914550914551,0.87619047619,39,40,0,23,23,23,1,0,8,0,0.0386050732335,0,0,1,3.88826011686,0,16,NaN,1,ok,2.18974518502,0,23,22,22,0.95652173913,0,8,0,0.0387776551478,0,0,1,3.75337078652,0,16,NaN,1,ok,2.01062308478,0,23,23,23,1,0,6,0,0.00243640720459,0,0,1,41.8375468064,1,16,NaN,1,ok,NaN,3,0,0,0
527,WLNM_dir_neg,0.93171875,0.534199056973,00:00:00,10,60,27,510050573,fixed,validated_v2,/gpfs/scratch/acw792/wlnm_roleonly_v2_20260910/result_wlnm_dir_neg_roleonly_trophicv2_100x290_train10-90_Apocrita_20260910_011848/ecological_snapshots/Broadstone_Stream_tax_mass_K10_ratio0.6_exp27_seed510050573_threshold0.5_validated_v2.mat,role_only,2,uniform_without_replacement,uniform_remaining_nonlinks,176,0,176,407,198,198,176,22,0,22,0.111111111111,118,80,0.5,0.785714285714,0.825,0.80487804878,33,9,7,71,0.825,0.8875,0.1125,0.175,0.785714285714,0.825,0.80487804878,0.866666666667,0.55,0.703703703704,0.704186850828,0.7125,99,59,40,0,99,0,59,0,40,23,99,0.195652173913,2.18974518502,8.60869565217,6.6,4.5,4.59979377438,0.534319478842,0.291611769873,4.28989068105,0.996641269334,0.541062801932,2.91445898002,0.677096530713,0.355731225296,1.07629584498,0.491516479791,2.88826011686,2.18974518502,1.07629584498,2.88826011686,0.351612638569,0.458912768647,121,0.0683229813665,0.291765337837,23,23,23,1,0,0.347826086957,0.608695652174,0.0434782608696,23,0.116600790514,2.02258299269,5.13043478261,4.21428571429,2.95,2.83331395793,0.552256110444,0.301400147384,2.95151866852,1.15059202332,0.593957258659,2.06322974873,0.804309902048,0.434782608696,0.959649459979,0.474467284382,2.82051282051,2.02258299269,0.959649459979,2.82051282051,0.279246031746,0.32380952381,34,0.0191981931112,0.145984174556,23,23,23,1,0,0.391304347826,0.478260869565,0.130434782609,23,101,0.199604743083,1,8.78260869565,5.94117647059,4.39130434783,4.70933812894,0.536211767156,0.292294446836,4.32476095435,0.98484655396,0.533792509686,3.14410169907,0.715983555233,0.382264313388,0,0,0,NaN,NaN,NaN,0.42566829306,0.536231884058,148,0.0835686053077,0.240412146807,23,23,0,1,7,0.260869565217,0.739130434783,0,2,0.00395256916996,-1.18974518502,0.173913043478,-0.658823529412,-0.108695652174,0.109544354559,0.00189228831427,0.000682676963349,0.0348702733008,-0.0117947153738,-0.00727029224662,0.229642719042,0.0388870245202,0.0265330880914,-1.07629584498,-0.491516479791,-2.88826011686,NaN,NaN,NaN,0.0740556544904,0.0773191154107,27,0.0152456239413,-0.0513531910298,-0.0869565217391,0.130434782609,-0.0434782608696,92,9,7,398,0.929292929293,0.977886977887,0.022113022113,0.0707070707071,0.910891089109,0.929292929293,0.92,0.900367947537,0.90717990718,0.851851851852,42,40,0,23,23,23,1,0,8,0,0.0386050732335,0,0,1,3.88826011686,0,16,NaN,1,ok,2.18974518502,0,23,23,23,1,0,9,0,0.0361481456932,0,0,1,3.82051282051,0,16,NaN,1,ok,2.02258299269,0,23,23,0,1,7,6,5,NaN,NaN,NaN,NaN,NaN,0,0,NaN,0,basal_unreachable_in_lcc,NaN,2,0,0,0
528,WLNM_dir_neg,0.88828125,0.707914118402,00:00:01,10,60,28,510050574,fixed,validated_v2,/gpfs/scratch/acw792/wlnm_roleonly_v2_20260910/result_wlnm_dir_neg_roleonly_trophicv2_100x290_train10-90_Apocrita_20260910_011848/ecological_snapshots/Broadstone_Stream_tax_mass_K10_ratio0.6_exp28_seed510050574_threshold0.5_validated_v2.mat,role_only,2,uniform_without_replacement,uniform_remaining_nonlinks,176,0,176,407,198,198,176,22,0,22,0.111111111111,118,80,0.5,0.828571428571,0.725,0.773333333333,29,6,11,74,0.725,0.925,0.075,0.275,0.828571428571,0.725,0.773333333333,0.858333333333,0.569444444444,0.670967741935,0.674131872494,0.65,99,59,40,0,99,0,59,0,40,23,99,0.195652173913,2.18974518502,8.60869565217,6.6,4.5,4.59979377438,0.534319478842,0.291611769873,4.28989068105,0.996641269334,0.541062801932,2.91445898002,0.677096530713,0.355731225296,1.07629584498,0.491516479791,2.88826011686,2.18974518502,1.07629584498,2.88826011686,0.351612638569,0.458912768647,121,0.0683229813665,0.291765337837,23,23,23,1,0,0.347826086957,0.608695652174,0.0434782608696,23,0.116600790514,2.25648688813,5.13043478261,3.93333333333,2.80952380952,2.98944123429,0.582687698209,0.320560058954,2.57304359848,1.00305089432,0.542372881356,2.08514414057,0.812852800561,0.411201179071,1.19402293681,0.529151285163,3.24016938899,2.25648688813,1.19402293681,3.24016938899,0.196749811036,0.253521126761,24,0.0135516657256,0.159159279874,23,23,23,1,0,0.347826086957,0.565217391304,0.0869565217391,23,94,0.185770750988,2.7367570664,8.17391304348,5.52941176471,4.27272727273,4.13028915907,0.505301333291,0.279370952821,4.0216803756,0.984028177008,0.532839962997,2.59217429756,0.634255413233,0.342275670675,1.27342337427,0.465303767698,3.45322069448,2.7367570664,1.27342337427,3.45322069448,0.301391362261,0.371681415929,84,0.0474308300395,0.204528638893,23,23,23,1,0,0.260869565217,0.695652173913,0.0434782608696,-5,-0.0098814229249,0.547011881376,-0.434782608696,-1.07058823529,-0.227272727273,-0.469504615305,-0.029018145551,-0.0122408170512,-0.268210305448,-0.0126130923259,-0.00822283893514,-0.322284682464,-0.0428411174799,-0.0134555546211,0.197127529287,-0.0262127120932,0.564960577619,0.547011881376,0.197127529287,0.564960577619,-0.0502212763082,-0.0872313527181,-37,-0.0208921513269,-0.0872366989439,-0.0869565217391,0.0869565217391,0,88,6,11,401,0.888888888889,0.985257985258,0.014742014742,0.111111111111,0.936170212766,0.888888888889,0.911917098446,0.891634113471,0.874146874147,0.838095238095,35,40,0,23,23,23,1,0,8,0,0.0386050732335,0,0,1,3.88826011686,0,16,NaN,1,ok,2.18974518502,0,23,23,23,1,0,8,0,0.0253327239799,0,0,1,4.24016938899,0,16,NaN,1,ok,2.25648688813,0,23,23,23,1,0,6,0,0.0318077203703,0,0,1,4.45322069448,0,16,NaN,1,ok,2.7367570664,0,0,0,0
529,WLNM_dir_neg,0.8884375,0.851064815659,00:00:00,10,60,29,510050575,fixed,validated_v2,/gpfs/scratch/acw792/wlnm_roleonly_v2_20260910/result_wlnm_dir_neg_roleonly_trophicv2_100x290_train10-90_Apocrita_20260910_011848/ecological_snapshots/Broadstone_Stream_tax_mass_K10_ratio0.6_exp29_seed510050575_threshold0.5_validated_v2.mat,role_only,2,uniform_without_replacement,uniform_remaining_nonlinks,176,0,176,407,198,198,176,22,0,22,0.111111111111,118,80,0.5,0.818181818182,0.675,0.739726027397,27,6,13,74,0.675,0.925,0.075,0.325,0.818181818182,0.675,0.739726027397,0.841666666667,0.575,0.627450980392,0.633446065972,0.6,99,59,40,0,99,0,59,0,40,23,99,0.195652173913,2.18974518502,8.60869565217,6.6,4.5,4.59979377438,0.534319478842,0.291611769873,4.28989068105,0.996641269334,0.541062801932,2.91445898002,0.677096530713,0.355731225296,1.07629584498,0.491516479791,2.88826011686,2.18974518502,1.07629584498,2.88826011686,0.351612638569,0.458912768647,121,0.0683229813665,0.291765337837,23,23,23,1,0,0.347826086957,0.608695652174,0.0434782608696,23,0.116600790514,2.2431146216,5.13043478261,3.93333333333,3.27777777778,3.22355461375,0.628319967087,0.344141488578,2.50138301666,0.975115413275,0.526160648489,2.35151956589,0.91669406806,0.483419307296,1.12789315743,0.502824575511,3.03357261182,2.36150649032,1.1091016227,3.03357261182,0.300831443689,0.365131578947,37,0.0208921513269,0.177164158593,23,21,21,0.913043478261,0,0.260869565217,0.521739130435,0.130434782609,23,92,0.181818181818,5.25360810486,8,4.84210526316,4.38095238095,4.56269457867,0.570336822333,0.312381852552,3.72948936305,0.932372340762,0.502835538752,3.33030165164,0.83257541291,0.433837429112,2.50716969227,0.477228152963,7.73338105037,5.25360810486,2.50716969227,7.73338105037,0.469713137104,0.473457675753,110,0.0621118012422,0.226285364198,23,23,23,1,0,0.173913043478,0.739130434783,0.0869565217391,-7,-0.0138339920949,3.06386291983,-0.608695652174,-1.75789473684,-0.119047619048,-0.0370991957118,0.0360173434914,0.0207700826793,-0.560401317999,-0.0642689285721,-0.03822726318,0.415842671615,0.155478882197,0.0781062038151,1.43087384729,-0.0142883268281,4.84512093351,3.06386291983,1.43087384729,4.84512093351,0.118100498535,0.0145449071059,-11,-0.00621118012422,-0.0654799736386,-0.173913043478,0.130434782609,0.0434782608696,86,6,13,401,0.868686868687,0.985257985258,0.014742014742,0.131313131313,0.934782608696,0.868686868687,0.900523560209,0.878315492731,0.853944853945,0.819047619048,33,40,0,23,23,23,1,0,8,0,0.0386050732335,0,0,1,3.88826011686,0,16,NaN,1,ok,2.18974518502,0,23,21,21,0.913043478261,0,6,0,0.0295304853168,0,0,1,4.03357261182,0,16,NaN,1,ok,2.36150649032,0,23,23,23,1,0,4,0,0.00754542628898,0,0,1,8.73338105037,0,16,NaN,1,ok,5.25360810486,0,0,0,0
530,WLNM_dir_neg,0.85609375,0.579698172275,00:00:01,10,60,30,510050576,fixed,validated_v2,/gpfs/scratch/acw792/wlnm_roleonly_v2_20260910/result_wlnm_dir_neg_roleonly_trophicv2_100x290_train10-90_Apocrita_20260910_011848/ecological_snapshots/Broadstone_Stream_tax_mass_K10_ratio0.6_exp30_seed510050576_threshold0.5_validated_v2.mat,role_only,2,uniform_without_replacement,uniform_remaining_nonlinks,176,0,176,407,198,198,176,22,0,22,0.111111111111,118,80,0.5,0.771428571429,0.675,0.72,27,8,13,72,0.675,0.9,0.1,0.325,0.771428571429,0.675,0.72,0.825,0.569444444444,0.593548387097,0.596347425668,0.575,99,59,40,0,99,0,59,0,40,23,99,0.195652173913,2.18974518502,8.60869565217,6.6,4.5,4.59979377438,0.534319478842,0.291611769873,4.28989068105,0.996641269334,0.541062801932,2.91445898002,0.677096530713,0.355731225296,1.07629584498,0.491516479791,2.88826011686,2.18974518502,1.07629584498,2.88826011686,0.351612638569,0.458912768647,121,0.0683229813665,0.291765337837,23,23,23,1,0,0.347826086957,0.608695652174,0.0434782608696,23,0.116600790514,2.3412635539,5.13043478261,3.93333333333,2.80952380952,3.00460779207,0.585643891675,0.32645541636,2.62550578602,1.02350225557,0.545320560059,1.99604351739,0.778118659322,0.40972733972,1.24934522946,0.533620073391,3.32761700607,2.40223007908,1.24323381996,3.32761700607,0.23619047619,0.299003322259,30,0.016939582157,0.159208278494,23,22,22,0.95652173913,0,0.304347826087,0.608695652174,0.0434782608696,23,94,0.185770750988,5.41377226266,8.17391304348,4.94736842105,4.27272727273,4.39681882846,0.53790868646,0.301110083256,3.95328452025,0.967293020911,0.510638297872,3.10297574886,0.759238747062,0.405180388529,2.34621922472,0.433379741682,7.30377273775,5.41377226266,2.34621922472,7.30377273775,0.355044231131,0.445054945055,108,0.0609824957651,0.199546698828,23,23,23,1,0,0.173913043478,0.782608695652,0.0434782608696,-5,-0.0098814229249,3.22402707763,-0.434782608696,-1.65263157895,-0.227272727273,-0.20297494592,0.00358920761842,0.0094983133836,-0.3366061608,-0.0293482484227,-0.03042450406,0.188516768837,0.0821422163492,0.0494491632327,1.26992337973,-0.0581367381091,4.4155126209,3.22402707763,1.26992337973,4.4155126209,0.00343159256203,-0.0138578235923,-13,-0.00734048560136,-0.0922186390091,-0.173913043478,0.173913043478,0,86,8,13,399,0.868686868687,0.980343980344,0.019656019656,0.131313131313,0.914893617021,0.868686868687,0.891191709845,0.866015644252,0.849030849031,0.803738317757,35,40,0,23,23,23,1,0,8,0,0.0386050732335,0,0,1,3.88826011686,0,16,NaN,1,ok,2.18974518502,0,23,22,22,0.95652173913,0,7,0,0.0287907099507,0,0,1,4.32761700607,0,16,NaN,1,ok,2.40223007908,0,23,23,23,1,0,4,0,0.00900155087676,0,0,1,8.30377273775,0,16,NaN,1,ok,5.41377226266,0,0,0,0
531,WLNM_dir_neg,0.95,0.720092036441,00:00:00,10,60,31,510050577,fixed,validated_v2,/gpfs/scratch/acw792/wlnm_roleonly_v2_20260910/result_wlnm_dir_neg_roleonly_trophicv2_100x290_train10-90_Apocrita_20260910_011848/ecological_snapshots/Broadstone_Stream_tax_mass_K10_ratio0.6_exp31_seed510050577_threshold0.5_validated_v2.mat,role_only,2,uniform_without_replacement,uniform_remaining_nonlinks,176,0,176,407,198,198,176,22,0,22,0.111111111111,118,80,0.5,0.909090909091,0.75,0.821917808219,30,3,10,77,0.75,0.9625,0.0375,0.25,0.909090909091,0.75,0.821917808219,0.891666666667,0.575,0.745098039216,0.752217203342,0.7125,99,59,40,0,99,0,59,0,40,23,99,0.195652173913,2.18974518502,8.60869565217,6.6,4.5,4.59979377438,0.534319478842,0.291611769873,4.28989068105,0.996641269334,0.541062801932,2.91445898002,0.677096530713,0.355731225296,1.07629584498,0.491516479791,2.88826011686,2.18974518502,1.07629584498,2.88826011686,0.351612638569,0.458912768647,121,0.0683229813665,0.291765337837,23,23,23,1,0,0.347826086957,0.608695652174,0.0434782608696,23,0.116600790514,2.13342243887,5.13043478261,3.93333333333,2.95,3.04965494063,0.594424268089,0.327929255711,2.64276176061,1.03022916091,0.551215917465,2.08514414057,0.812852800561,0.39056742815,1.05981579358,0.496767904127,3.06472957422,2.18494164064,1.05486559547,3.06472957422,0.235714285714,0.269102990033,27,0.0152456239413,0.193681820825,23,22,22,0.95652173913,0,0.304347826087,0.565217391304,0.0869565217391,23,92,0.181818181818,4.96446480567,8,5.75,4.38095238095,4.80530010415,0.600662513018,0.327032136106,4.22115882409,1.05528970602,0.565217391304,2.57611405733,0.644028514332,0.337429111531,3.12868336921,0.630215640896,7.76605718275,4.96446480567,3.12868336921,7.76605718275,0.417861365687,0.439238653001,100,0.0564652738566,0.204576580791,23,23,23,1,0,0.304347826087,0.608695652174,0.0869565217391,-7,-0.0138339920949,2.77471962065,-0.608695652174,-0.85,-0.119047619048,0.205506329769,0.0663430341765,0.0354203662332,-0.0687318569586,0.058648436688,0.024154589372,-0.338344922696,-0.0330680163807,-0.0183021137653,2.05238752423,0.138699161104,4.87779706589,2.77471962065,2.05238752423,4.87779706589,0.0662487271183,-0.0196741156458,-21,-0.0118577075099,-0.087188757046,-0.0434782608696,0,0.0434782608696,89,3,10,404,0.89898989899,0.992628992629,0.00737100737101,0.10101010101,0.967391304348,0.89898989899,0.931937172775,0.917064705646,0.891618891619,0.872549019608,33,40,0,23,23,23,1,0,8,0,0.0386050732335,0,0,1,3.88826011686,0,16,NaN,1,ok,2.18974518502,0,23,22,22,0.95652173913,0,7,0,0.014200602864,0,0,1,4.06472957422,0,16,NaN,1,ok,2.18494164064,0,23,23,23,1,0,7,0,0.00933589692953,0,0,1,8.76605718275,0,16,NaN,1,ok,4.96446480567,0,0,0,0
532,WLNM_dir_neg,0.8840625,0.369311704424,00:00:00,10,60,32,510050578,fixed,validated_v2,/gpfs/scratch/acw792/wlnm_roleonly_v2_20260910/result_wlnm_dir_neg_roleonly_trophicv2_100x290_train10-90_Apocrita_20260910_011848/ecological_snapshots/Broadstone_Stream_tax_mass_K10_ratio0.6_exp32_seed510050578_threshold0.5_validated_v2.mat,role_only,2,uniform_without_replacement,uniform_remaining_nonlinks,176,0,176,407,198,198,176,22,0,22,0.111111111111,118,80,0.5,0.742857142857,0.65,0.693333333333,26,9,14,71,0.65,0.8875,0.1125,0.35,0.742857142857,0.65,0.693333333333,0.808333333333,0.569444444444,0.554838709677,0.557455202255,0.5375,99,59,40,0,99,0,59,0,40,23,99,0.195652173913,2.18974518502,8.60869565217,6.6,4.5,4.59979377438,0.534319478842,0.291611769873,4.28989068105,0.996641269334,0.541062801932,2.91445898002,0.677096530713,0.355731225296,1.07629584498,0.491516479791,2.88826011686,2.18974518502,1.07629584498,2.88826011686,0.351612638569,0.458912768647,121,0.0683229813665,0.291765337837,23,23,23,1,0,0.347826086957,0.608695652174,0.0434782608696,23,0.116600790514,2.1680905689,5.13043478261,3.93333333333,3.10526315789,3.22355461375,0.628319967087,0.342667649226,2.7440197282,1.06970260591,0.568901989683,2.10683060018,0.821306844139,0.446573323508,1.06036953467,0.489079907398,2.98414770608,2.27933728975,1.04277692859,2.98414770608,0.289880952381,0.383606557377,39,0.0220214568041,0.145755514327,23,21,21,0.913043478261,0,0.260869565217,0.565217391304,0.0869565217391,23,94,0.185770750988,2.26255589518,8.17391304348,6.26666666667,4.08695652174,5.2453630944,0.641719953038,0.353376503238,4.62122616037,1.13072554988,0.593894542091,2.7783749907,0.679815157298,0.372802960222,1.11451986012,0.492593293493,2.96527161863,2.26255589518,1.11451986012,2.96527161863,0.578161521019,0.561475409836,137,0.0773574251835,0.209401470767,23,23,23,1,0,0.347826086957,0.652173913043,0,-5,-0.0098814229249,0.0728107101573,-0.434782608696,-0.333333333333,-0.413043478261,0.645569320023,0.107400474197,0.0617647333651,0.331335479324,0.134084280544,0.0528317401583,-0.136083989327,0.00271862658555,0.0170717349256,0.0382240151374,0.00107681370214,0.0770115017675,0.0728107101573,0.0382240151374,0.0770115017675,0.22654888245,0.102562641189,16,0.00903444381705,-0.0823638670697,0,0.0434782608696,-0.0434782608696,85,9,14,398,0.858585858586,0.977886977887,0.022113022113,0.141414141414,0.904255319149,0.858585858586,0.880829015544,0.853206409643,0.836472836473,0.787037037037,35,40,0,23,23,23,1,0,8,0,0.0386050732335,0,0,1,3.88826011686,0,16,NaN,1,ok,2.18974518502,0,23,21,21,0.913043478261,0,6,0,0.0308297932934,0,0,1,3.98414770608,0,16,NaN,1,ok,2.27933728975,0,23,23,23,1,0,8,0,0.0329987232396,0,0,1,3.96527161863,0,16,NaN,1,ok,2.26255589518,0,0,0,0
533,WLNM_dir_neg,0.89421875,0.607343034594,00:00:00,10,60,33,510050579,fixed,validated_v2,/gpfs/scratch/acw792/wlnm_roleonly_v2_20260910/result_wlnm_dir_neg_roleonly_trophicv2_100x290_train10-90_Apocrita_20260910_011848/ecological_snapshots/Broadstone_Stream_tax_mass_K10_ratio0.6_exp33_seed510050579_threshold0.5_validated_v2.mat,role_only,2,uniform_without_replacement,uniform_remaining_nonlinks,176,0,176,407,198,198,176,22,0,22,0.111111111111,118,80,0.5,0.8,0.8,0.8,32,8,8,72,0.8,0.9,0.1,0.2,0.8,0.8,0.8,0.866666666667,0.555555555556,0.7,0.7,0.7,99,59,40,0,99,0,59,0,40,23,99,0.195652173913,2.18974518502,8.60869565217,6.6,4.5,4.59979377438,0.534319478842,0.291611769873,4.28989068105,0.996641269334,0.541062801932,2.91445898002,0.677096530713,0.355731225296,1.07629584498,0.491516479791,2.88826011686,2.18974518502,1.07629584498,2.88826011686,0.351612638569,0.458912768647,121,0.0683229813665,0.291765337837,23,23,23,1,0,0.347826086957,0.608695652174,0.0434782608696,23,0.116600790514,2.05836884881,5.13043478261,4.21428571429,2.80952380952,3.23762465995,0.63106243372,0.333087693441,2.84167183437,1.10777037611,0.583640383198,1.87873475211,0.732388123703,0.355195283714,1.05833079236,0.514159934439,2.95414387884,2.05836884881,1.05833079236,2.95414387884,0.25523415978,0.270903010033,27,0.0152456239413,0.159342367035,23,23,23,1,0,0.391304347826,0.521739130435,0.0869565217391,23,99,0.195652173913,2.68603352582,8.60869565217,6.6,4.71428571429,4.74570744257,0.551269046359,0.302151954326,4.60666298675,1.07023483531,0.569169960474,2.51241974288,0.583693475619,0.307422046552,1.39366937797,0.518857774696,3.38957477365,2.68603352582,1.39366937797,3.38957477365,0.429939384287,0.424280350438,113,0.0638057594579,0.227844592669,23,23,23,1,0,0.347826086957,0.565217391304,0.0869565217391,0,0,0.496288340796,0,0,0.214285714286,0.14591366819,0.016949567517,0.0105401844532,0.316772305706,0.073593565972,0.0281071585419,-0.402039237142,-0.0934030550935,-0.048309178744,0.317373532984,0.0273412949051,0.501314656793,0.496288340796,0.317373532984,0.501314656793,0.0783267457181,-0.0346324182092,-8,-0.00451722190853,-0.063920745168,0,-0.0434782608696,0.0434782608696,91,8,8,399,0.919191919192,0.980343980344,0.019656019656,0.0808080808081,0.919191919192,0.919191919192,0.919191919192,0.899535899536,0.899535899536,0.85046728972,40,40,0,23,23,23,1,0,8,0,0.0386050732335,0,0,1,3.88826011686,0,16,NaN,1,ok,2.18974518502,0,23,23,23,1,0,9,0,0.0305556197744,0,0,1,3.95414387884,0,16,NaN,1,ok,2.05836884881,0,23,23,23,1,0,8,0,0.0391866039411,0,0,1,4.38957477365,0,16,NaN,1,ok,2.68603352582,0,0,0,0
534,WLNM_dir_neg,0.918125,0.798272190767,00:00:00,10,60,34,510050580,fixed,validated_v2,/gpfs/scratch/acw792/wlnm_roleonly_v2_20260910/result_wlnm_dir_neg_roleonly_trophicv2_100x290_train10-90_Apocrita_20260910_011848/ecological_snapshots/Broadstone_Stream_tax_mass_K10_ratio0.6_exp34_seed510050580_threshold0.5_validated_v2.mat,role_only,2,uniform_without_replacement,uniform_remaining_nonlinks,176,0,176,407,198,198,176,22,0,22,0.111111111111,118,80,0.5,0.857142857143,0.45,0.590163934426,18,3,22,77,0.45,0.9625,0.0375,0.55,0.857142857143,0.45,0.590163934426,0.791666666667,0.608333333333,0.468085106383,0.511766315719,0.4125,99,59,40,0,99,0,59,0,40,23,99,0.195652173913,2.18974518502,8.60869565217,6.6,4.5,4.59979377438,0.534319478842,0.291611769873,4.28989068105,0.996641269334,0.541062801932,2.91445898002,0.677096530713,0.355731225296,1.07629584498,0.491516479791,2.88826011686,2.18974518502,1.07629584498,2.88826011686,0.351612638569,0.458912768647,121,0.0683229813665,0.291765337837,23,23,23,1,0,0.347826086957,0.608695652174,0.0434782608696,23,0.116600790514,2.04198161039,5.13043478261,4.21428571429,2.80952380952,2.91242397991,0.56767586049,0.309506263817,2.62550578602,1.02350225557,0.552689756817,1.82970655761,0.713275437712,0.384672070744,1.00084939176,0.490136339457,2.80681596884,2.04198161039,1.00084939176,2.80681596884,0.245436507937,0.293706293706,28,0.0158102766798,0.157505589648,23,23,23,1,0,0.391304347826,0.521739130435,0.0869565217391,23,80,0.158102766798,6.22433803828,6.95652173913,5,3.63636363636,4.42593863563,0.636228678871,0.342391304348,3.57859247619,1.02884533691,0.551086956522,2.46557323627,0.708852305427,0.388043478261,4.34146882719,0.697498882691,10.1546656252,6.22433803828,4.34146882719,10.1546656252,0.373903318903,0.480492813142,78,0.0440429136081,0.17425493488,23,23,23,1,0,0.304347826087,0.652173913043,0.0434782608696,-19,-0.0375494071146,4.03459285325,-1.65217391304,-1.6,-0.863636363636,-0.173855138751,0.101909200029,0.0507795344752,-0.711298204853,0.0322040675716,0.0100241545894,-0.448885743757,0.0317557747142,0.0323122529644,3.2651729822,0.2059824029,7.26640550833,4.03459285325,3.2651729822,7.26640550833,0.0222906803342,0.0215800444944,-43,-0.0242800677583,-0.117510402957,-0.0434782608696,0.0434782608696,0,77,3,22,404,0.777777777778,0.992628992629,0.00737100737101,0.222222222222,0.9625,0.777777777778,0.860335195531,0.837693411325,0.770406770407,0.754901960784,21,40,0,23,23,23,1,0,8,0,0.0386050732335,0,0,1,3.88826011686,0,16,NaN,1,ok,2.18974518502,0,23,23,23,1,0,9,0,0.0358746728289,0,0,1,3.80681596884,0,16,NaN,1,ok,2.04198161039,0,23,23,23,1,0,7,0,0.0122037452014,0,0,1,11.1546656252,0,16,NaN,1,ok,6.22433803828,0,0,0,0
535,WLNM_dir_neg,0.87765625,0.640112125546,00:00:00,10,60,35,510050581,fixed,validated_v2,/gpfs/scratch/acw792/wlnm_roleonly_v2_20260910/result_wlnm_dir_neg_roleonly_trophicv2_100x290_train10-90_Apocrita_20260910_011848/ecological_snapshots/Broadstone_Stream_tax_mass_K10_ratio0.6_exp35_seed510050581_threshold0.5_validated_v2.mat,role_only,2,uniform_without_replacement,uniform_remaining_nonlinks,176,0,176,407,198,198,176,22,0,22,0.111111111111,118,80,0.5,0.862068965517,0.625,0.724637681159,25,4,15,76,0.625,0.95,0.05,0.375,0.862068965517,0.625,0.724637681159,0.841666666667,0.586111111111,0.61744966443,0.633174095642,0.575,99,59,40,0,99,0,59,0,40,23,99,0.195652173913,2.18974518502,8.60869565217,6.6,4.5,4.59979377438,0.534319478842,0.291611769873,4.28989068105,0.996641269334,0.541062801932,2.91445898002,0.677096530713,0.355731225296,1.07629584498,0.491516479791,2.88826011686,2.18974518502,1.07629584498,2.88826011686,0.351612638569,0.458912768647,121,0.0683229813665,0.291765337837,23,23,23,1,0,0.347826086957,0.608695652174,0.0434782608696,23,0.116600790514,2.14043478261,5.13043478261,4.53846153846,2.80952380952,3.16664933079,0.617228259391,0.33677229182,2.92055547264,1.13852162493,0.586588061901,1.99604351739,0.778118659322,0.399410464259,1.16183918764,0.542805226807,2.85714285714,2.14043478261,1.16183918764,2.85714285714,0.302698412698,0.381443298969,37,0.0208921513269,0.16249146153,23,23,23,1,0,0.434782608696,0.478260869565,0.0869565217391,23,88,0.173913043478,2.2855748689,7.65217391304,6.76923076923,4,4.16269903321,0.543989078204,0.29743083004,4.05252080824,1.05918157488,0.568181818182,2.47995919895,0.648171154271,0.343873517787,1.28667605001,0.562955109245,3.06583526338,2.2855748689,1.28667605001,3.06583526338,0.314069264069,0.391517128874,80,0.0451722190853,0.262295165661,23,23,23,1,0,0.434782608696,0.521739130435,0.0434782608696,-11,-0.0217391304348,0.0958296838742,-0.95652173913,0.169230769231,-0.5,-0.437094741165,0.0096695993621,0.00581906016689,-0.237369872811,0.0625403055457,0.0271190162495,-0.434499781074,-0.0289253764416,-0.0118577075099,0.210380205025,0.0714386294534,0.177575146519,0.0958296838742,0.210380205025,0.177575146519,-0.0375433744999,-0.0673956397729,-41,-0.0231507622812,-0.0294701721762,0.0869565217391,-0.0869565217391,0,84,4,15,403,0.848484848485,0.990171990172,0.00982800982801,0.151515151515,0.954545454545,0.848484848485,0.898395721925,0.877747533271,0.838656838657,0.815533980583,29,40,0,23,23,23,1,0,8,0,0.0386050732335,0,0,1,3.88826011686,0,16,NaN,1,ok,2.18974518502,0,23,23,23,1,0,10,0,0.0512104150604,0,0,1,3.85714285714,0,16,NaN,1,ok,2.14043478261,0,23,23,23,1,0,10,0,0.0562665053553,0,0,1,4.06583526338,0,16,NaN,1,ok,2.2855748689,0,0,0,0
536,WLNM_dir_neg,0.86921875,0.728246538296,00:00:00,10,60,36,510050582,fixed,validated_v2,/gpfs/scratch/acw792/wlnm_roleonly_v2_20260910/result_wlnm_dir_neg_roleonly_trophicv2_100x290_train10-90_Apocrita_20260910_011848/ecological_snapshots/Broadstone_Stream_tax_mass_K10_ratio0.6_exp36_seed510050582_threshold0.5_validated_v2.mat,role_only,2,uniform_without_replacement,uniform_remaining_nonlinks,176,0,176,407,198,198,176,22,0,22,0.111111111111,118,80,0.5,0.763157894737,0.725,0.74358974359,29,9,11,71,0.725,0.8875,0.1125,0.275,0.763157894737,0.725,0.74358974359,0.833333333333,0.561111111111,0.620253164557,0.620700875124,0.6125,99,59,40,0,99,0,59,0,40,23,99,0.195652173913,2.18974518502,8.60869565217,6.6,4.5,4.59979377438,0.534319478842,0.291611769873,4.28989068105,0.996641269334,0.541062801932,2.91445898002,0.677096530713,0.355731225296,1.07629584498,0.491516479791,2.88826011686,2.18974518502,1.07629584498,2.88826011686,0.351612638569,0.458912768647,121,0.0683229813665,0.291765337837,23,23,23,1,0,0.347826086957,0.608695652174,0.0434782608696,23,0.116600790514,1.98474980617,5.13043478261,3.93333333333,3.10526315789,2.84931168444,0.555374311374,0.30729550479,2.60813564477,1.01673084457,0.542372881356,2.19143139101,0.854286813444,0.445099484156,0.886722795708,0.446768047516,2.59094650206,1.98474980617,0.886722795708,2.59094650206,0.256096681097,0.342342342342,38,0.0214568040655,0.195784717928,23,23,23,1,0,0.347826086957,0.478260869565,0.173913043478,23,97,0.191699604743,3.48088093456,8.4347826087,6.0625,4.40909090909,4.83195882505,0.572861097815,0.31376064545,4.45131769805,1.05546708304,0.560286866876,2.37327012099,0.5627341524,0.299417301658,1.96495784089,0.564500158963,5.15518576267,3.48088093456,1.96495784089,5.15518576267,0.376125806561,0.462809917355,112,0.0632411067194,0.219367661027,23,23,23,1,0,0.304347826087,0.652173913043,0.0434782608696,-2,-0.00395256916996,1.29113574953,-0.173913043478,-0.5375,-0.0909090909091,0.232165050671,0.0385416189732,0.0221488755778,0.161427017007,0.0588258137096,0.0192240649435,-0.541188859032,-0.114362378313,-0.056313923638,0.888661995904,0.0729836791714,2.26692564581,1.29113574953,0.888661995904,2.26692564581,0.0245131679914,0.00389714870809,-9,-0.00508187464709,-0.0723976768099,-0.0434782608696,0.0434782608696,0,88,9,11,398,0.888888888889,0.977886977887,0.022113022113,0.111111111111,0.907216494845,0.888888888889,0.897959183673,0.873522491579,0.866775866776,0.814814814815,38,40,0,23,23,23,1,0,8,0,0.0386050732335,0,0,1,3.88826011686,0,16,NaN,1,ok,2.18974518502,0,23,23,23,1,0,8,0,0.0282143672667,0,0,1,3.59094650206,0,16,NaN,1,ok,1.98474980617,0,23,23,23,1,0,7,0,0.0225060543046,0,0,1,6.15518576267,0,16,NaN,1,ok,3.48088093456,0,0,0,0
537,WLNM_dir_neg,0.93875,0.700493467216,00:00:00,10,60,37,510050583,fixed,validated_v2,/gpfs/scratch/acw792/wlnm_roleonly_v2_20260910/result_wlnm_dir_neg_roleonly_trophicv2_100x290_train10-90_Apocrita_20260910_011848/ecological_snapshots/Broadstone_Stream_tax_mass_K10_ratio0.6_exp37_seed510050583_threshold0.5_validated_v2.mat,role_only,2,uniform_without_replacement,uniform_remaining_nonlinks,176,0,176,407,198,198,176,22,0,22,0.111111111111,118,80,0.5,0.861111111111,0.775,0.815789473684,31,5,9,75,0.775,0.9375,0.0625,0.225,0.861111111111,0.775,0.815789473684,0.883333333333,0.566666666667,0.730769230769,0.73294091232,0.7125,99,59,40,0,99,0,59,0,40,23,99,0.195652173913,2.18974518502,8.60869565217,6.6,4.5,4.59979377438,0.534319478842,0.291611769873,4.28989068105,0.996641269334,0.541062801932,2.91445898002,0.677096530713,0.355731225296,1.07629584498,0.491516479791,2.88826011686,2.18974518502,1.07629584498,2.88826011686,0.351612638569,0.458912768647,121,0.0683229813665,0.291765337837,23,23,23,1,0,0.347826086957,0.608695652174,0.0434782608696,23,0.116600790514,2.01603830983,5.13043478261,4.53846153846,3.27777777778,3.04965494063,0.594424268089,0.330876934414,2.62550578602,1.02350225557,0.551215917465,2.06322974873,0.804309902048,0.437730287399,1.04212172595,0.516915636408,3.01351351351,2.06222186936,1.0422761517,3.01351351351,0.30753968254,0.315286624204,33,0.0186335403727,0.178655141155,23,22,22,0.95652173913,0,0.391304347826,0.391304347826,0.173913043478,23,95,0.187747035573,6.02276847119,8.26086956522,6.33333333333,4.75,5.02916395821,0.608793531784,0.332723112128,4.25659219037,1.0305433724,0.555606407323,2.94347271442,0.712630236123,0.387185354691,4.2071641423,0.698543230148,10.2598414327,6.25107612898,4.15778170609,10.2598414327,0.418008506645,0.474966170501,117,0.0660643704122,0.23890266052,23,22,22,0.95652173913,0,0.304347826087,0.565217391304,0.0869565217391,-4,-0.00790513833992,3.83302328617,-0.347826086957,-0.266666666667,0.25,0.429370183835,0.0744740529418,0.0411113422555,-0.0332984906796,0.0339021030706,0.0145436053903,0.0290137343987,0.0355337054107,0.0314541293946,3.13086829732,0.207026750357,7.37158131589,4.06133094395,3.08148586111,7.37158131589,0.0663958680757,0.0160534018534,-4,-0.00225861095426,-0.0528626773165,-0.0434782608696,-0.0434782608696,0.0434782608696,90,5,9,402,0.909090909091,0.987714987715,0.012285012285,0.0909090909091,0.947368421053,0.909090909091,0.927835051546,0.91102552166,0.896805896806,0.865384615385,36,40,0,23,23,23,1,0,8,0,0.0386050732335,0,0,1,3.88826011686,0,16,NaN,1,ok,2.18974518502,0,23,22,22,0.95652173913,0,9,0,0.065810904866,0,0,1,4.01351351351,0,16,NaN,1,ok,2.06222186936,0,23,22,22,0.95652173913,0,7,0,0.011954732897,0,0,1,11.2598414327,0,16,NaN,1,ok,6.25107612898,0,0,0,0
538,WLNM_dir_neg,0.8325,0.52166638942,00:00:00,10,60,38,510050584,fixed,validated_v2,/gpfs/scratch/acw792/wlnm_roleonly_v2_20260910/result_wlnm_dir_neg_roleonly_trophicv2_100x290_train10-90_Apocrita_20260910_011848/ecological_snapshots/Broadstone_Stream_tax_mass_K10_ratio0.6_exp38_seed510050584_threshold0.5_validated_v2.mat,role_only,2,uniform_without_replacement,uniform_remaining_nonlinks,176,0,176,407,198,198,176,22,0,22,0.111111111111,118,80,0.5,0.75,0.675,0.710526315789,27,9,13,71,0.675,0.8875,0.1125,0.325,0.75,0.675,0.710526315789,0.816666666667,0.566666666667,0.576923076923,0.578637562358,0.5625,99,59,40,0,99,0,59,0,40,23,99,0.195652173913,2.18974518502,8.60869565217,6.6,4.5,4.59979377438,0.534319478842,0.291611769873,4.28989068105,0.996641269334,0.541062801932,2.91445898002,0.677096530713,0.355731225296,1.07629584498,0.491516479791,2.88826011686,2.18974518502,1.07629584498,2.88826011686,0.351612638569,0.458912768647,121,0.0683229813665,0.291765337837,23,23,23,1,0,0.347826086957,0.608695652174,0.0434782608696,23,0.116600790514,2.02802473646,5.13043478261,4.53846153846,2.68181818182,3.07932028843,0.600206496897,0.33161385409,2.82563085404,1.10151711259,0.582166543847,1.7274807447,0.673424697088,0.352247605011,1.07231202905,0.528747016628,3.00700280112,2.02802473646,1.07231202905,3.00700280112,0.240793650794,0.279310344828,27,0.0152456239413,0.138313822929,23,23,23,1,0,0.434782608696,0.521739130435,0.0434782608696,23,95,0.187747035573,6.17813582123,8.26086956522,5.58823529412,4.31818181818,4.60451745872,0.557388955529,0.310297482838,4.25659219037,1.0305433724,0.553775743707,2.262427253,0.547745545462,0.30114416476,3.42115332873,0.553751718596,8.84415734715,6.17813582123,3.42115332873,8.84415734715,0.400731339368,0.427972027972,102,0.0575945793337,0.152268043855,23,23,23,1,0,0.260869565217,0.695652173913,0.0434782608696,-4,-0.00790513833992,3.98839063621,-0.347826086957,-1.01176470588,-0.181818181818,0.00472368434405,0.0230694766876,0.0186857129649,-0.0332984906796,0.0339021030706,0.0127129417747,-0.652031727028,-0.129350985251,-0.0545870605367,2.34485748375,0.0622352388051,5.95589723029,3.98839063621,2.34485748375,5.95589723029,0.0491187007985,-0.0309407406753,-19,-0.0107284020327,-0.139497293981,-0.0869565217391,0.0869565217391,0,86,9,13,398,0.868686868687,0.977886977887,0.022113022113,0.131313131313,0.905263157895,0.868686868687,0.886597938144,0.85999699929,0.846573846574,0.796296296296,36,40,0,23,23,23,1,0,8,0,0.0386050732335,0,0,1,3.88826011686,0,16,NaN,1,ok,2.18974518502,0,23,23,23,1,0,10,0,0.047427383302,0,0,1,4.00700280112,0,16,NaN,1,ok,2.02802473646,0,23,23,23,1,0,6,0,0.0124340360146,0,0,1,9.84415734715,0,16,NaN,1,ok,6.17813582123,0,0,0,0
539,WLNM_dir_neg,0.8509375,0.753390913798,00:00:00,10,60,39,510050585,fixed,validated_v2,/gpfs/scratch/acw792/wlnm_roleonly_v2_20260910/result_wlnm_dir_neg_roleonly_trophicv2_100x290_train10-90_Apocrita_20260910_011848/ecological_snapshots/Broadstone_Stream_tax_mass_K10_ratio0.6_exp39_seed510050585_threshold0.5_validated_v2.mat,role_only,2,uniform_without_replacement,uniform_remaining_nonlinks,176,0,176,407,198,198,176,22,0,22,0.111111111111,118,80,0.5,0.821428571429,0.575,0.676470588235,23,5,17,75,0.575,0.9375,0.0625,0.425,0.821428571429,0.575,0.676470588235,0.816666666667,0.588888888889,0.554054054054,0.57121016789,0.5125,99,59,40,0,99,0,59,0,40,23,99,0.195652173913,2.18974518502,8.60869565217,6.6,4.5,4.59979377438,0.534319478842,0.291611769873,4.28989068105,0.996641269334,0.541062801932,2.91445898002,0.677096530713,0.355731225296,1.07629584498,0.491516479791,2.88826011686,2.18974518502,1.07629584498,2.88826011686,0.351612638569,0.458912768647,121,0.0683229813665,0.291765337837,23,23,23,1,0,0.347826086957,0.608695652174,0.0434782608696,23,0.116600790514,2.53149875145,5.13043478261,3.93333333333,2.95,3.3616060532,0.655228298505,0.35077376566,2.77695200725,1.082540613,0.573323507738,2.1705903461,0.846162338311,0.450994841562,1.51446871524,0.598249836928,4.1908563135,2.53149875145,1.51446871524,4.1908563135,0.308449153186,0.345047923323,36,0.0203274985884,0.167250500822,23,23,23,1,0,0.347826086957,0.521739130435,0.130434782609,23,87,0.171936758893,4.50031517525,7.5652173913,5.4375,4.14285714286,5.19463085535,0.686646607316,0.370814592704,4.06712453415,1.07521683087,0.567716141929,2.84375746535,0.75179795061,0.40179910045,2.68605709043,0.596859772222,7.28854136648,4.50031517525,2.68605709043,7.28854136648,0.370790825336,0.4512,94,0.0530773574252,0.217174371788,23,23,23,1,0,0.304347826087,0.608695652174,0.0869565217391,-12,-0.0237154150198,2.31056999022,-1.04347826087,-1.1625,-0.357142857143,0.59483708097,0.152327128474,0.079202822831,-0.222766146897,0.078575561533,0.0266533399967,-0.0707015146735,0.0747014198973,0.0460678751533,1.60976124544,0.105343292431,4.40028124962,2.31056999022,1.60976124544,4.40028124962,0.0191781867671,-0.00771276864728,-27,-0.0152456239413,-0.0745909660484,-0.0434782608696,0,0.0434782608696,82,5,17,402,0.828282828283,0.987714987715,0.012285012285,0.171717171717,0.942528735632,0.828282828283,0.881720430108,0.85790097321,0.815997815998,0.788461538462,28,40,0,23,23,23,1,0,8,0,0.0386050732335,0,0,1,3.88826011686,0,16,NaN,1,ok,2.18974518502,0,23,23,23,1,0,8,0,0.0211709444205,0,0,1,5.1908563135,0,16,NaN,1,ok,2.53149875145,0,23,23,23,1,0,7,0,0.0103967601246,0,0,1,8.28854136648,0,16,NaN,1,ok,4.50031517525,0,0,0,0
540,WLNM_dir_neg,0.9078125,0.813577846334,00:00:00,10,60,40,510050586,fixed,validated_v2,/gpfs/scratch/acw792/wlnm_roleonly_v2_20260910/result_wlnm_dir_neg_roleonly_trophicv2_100x290_train10-90_Apocrita_20260910_011848/ecological_snapshots/Broadstone_Stream_tax_mass_K10_ratio0.6_exp40_seed510050586_threshold0.5_validated_v2.mat,role_only,2,uniform_without_replacement,uniform_remaining_nonlinks,176,0,176,407,198,198,176,22,0,22,0.111111111111,118,80,0.5,0.789473684211,0.75,0.769230769231,30,8,10,72,0.75,0.9,0.1,0.25,0.789473684211,0.75,0.769230769231,0.85,0.561111111111,0.658227848101,0.65870296952,0.65,99,59,40,0,99,0,59,0,40,23,99,0.195652173913,2.18974518502,8.60869565217,6.6,4.5,4.59979377438,0.534319478842,0.291611769873,4.28989068105,0.996641269334,0.541062801932,2.91445898002,0.677096530713,0.355731225296,1.07629584498,0.491516479791,2.88826011686,2.18974518502,1.07629584498,2.88826011686,0.351612638569,0.458912768647,121,0.0683229813665,0.291765337837,23,23,23,1,0,0.347826086957,0.608695652174,0.0434782608696,23,0.116600790514,2.46495077933,5.13043478261,3.93333333333,2.95,2.73536349298,0.533164070666,0.289609432572,2.42760800633,0.946355663486,0.514369933677,1.87873475211,0.732388123703,0.386145910096,1.44617856361,0.586696730716,4.22264150943,2.53153945111,1.4436706477,4.22264150943,0.255291005291,0.287822878229,26,0.0146809712027,0.151066446781,23,22,22,0.95652173913,0,0.304347826087,0.565217391304,0.0869565217391,23,97,0.191699604743,1,8.4347826087,5.10526315789,4.61904761905,4.65955603578,0.552421591871,0.305244285074,3.77740316932,0.895672916436,0.491259524877,2.84375746535,0.674293007248,0.363065889736,0,0,0,34.3772460974,14.8860497408,43.9495793674,0.368621277712,0.454787234043,114,0.0643704121965,0.170893149105,23,22,22,0.95652173913,0,0.130434782609,0.782608695652,0.0434782608696,-2,-0.00395256916996,-1.18974518502,-0.173913043478,-1.49473684211,0.119047619048,0.0597622614049,0.0181021130293,0.0136325152013,-0.512487511731,-0.100968352898,-0.0498032770556,-0.0707015146735,-0.00280352346459,0.0073346644391,-1.07629584498,-0.491516479791,-2.88826011686,32.1875009124,13.8097538958,41.0613192505,0.017008639143,-0.00412553460473,-7,-0.00395256916996,-0.120872188732,-0.217391304348,0.173913043478,0,89,8,10,399,0.89898989899,0.980343980344,0.019656019656,0.10101010101,0.917525773196,0.89898989899,0.908163265306,0.886178250513,0.879333879334,0.831775700935,38,40,0,23,23,23,1,0,8,0,0.0386050732335,0,0,1,3.88826011686,0,16,NaN,1,ok,2.18974518502,0,23,22,22,0.95652173913,0,7,0,0.041629566243,0,0,1,5.22264150943,0,16,NaN,1,ok,2.53153945111,0,23,22,22,0.95652173913,0,3,0,0.00251088339756,0,0,1,44.9495793674,1,16,NaN,1,ok,NaN,3,0,0,0
541,WLNM_dir_neg,0.94328125,0.611052708268,00:00:00,10,60,41,510050587,fixed,validated_v2,/gpfs/scratch/acw792/wlnm_roleonly_v2_20260910/result_wlnm_dir_neg_roleonly_trophicv2_100x290_train10-90_Apocrita_20260910_011848/ecological_snapshots/Broadstone_Stream_tax_mass_K10_ratio0.6_exp41_seed510050587_threshold0.5_validated_v2.mat,role_only,2,uniform_without_replacement,uniform_remaining_nonlinks,176,0,176,407,198,198,176,22,0,22,0.111111111111,118,80,0.5,0.842105263158,0.8,0.820512820513,32,6,8,74,0.8,0.925,0.075,0.2,0.842105263158,0.8,0.820512820513,0.883333333333,0.561111111111,0.73417721519,0.73470715831,0.725,99,59,40,0,99,0,59,0,40,23,99,0.195652173913,2.18974518502,8.60869565217,6.6,4.5,4.59979377438,0.534319478842,0.291611769873,4.28989068105,0.996641269334,0.541062801932,2.91445898002,0.677096530713,0.355731225296,1.07629584498,0.491516479791,2.88826011686,2.18974518502,1.07629584498,2.88826011686,0.351612638569,0.458912768647,121,0.0683229813665,0.291765337837,23,23,23,1,0,0.347826086957,0.608695652174,0.0434782608696,23,0.116600790514,2.27017018149,5.13043478261,3.93333333333,2.68181818182,3.06452351073,0.59732237921,0.328666175387,2.65990579048,1.0369124268,0.552689756817,1.92651562428,0.751014565397,0.389093588799,1.17726305265,0.51857920708,3.07022106632,2.27017018149,1.17726305265,3.07022106632,0.26851010101,0.291536050157,31,0.0175042348955,0.14484676699,23,23,23,1,0,0.347826086957,0.608695652174,0.0434782608696,23,97,0.191699604743,4.00541199833,8.4347826087,6.0625,4.40909090909,4.85073646664,0.575087313055,0.318242940385,4.42057710896,1.04817807738,0.562976243837,2.46717581898,0.585000451922,0.31376064545,2.37336786663,0.592540259933,6.90050581836,4.00541199833,2.37336786663,6.90050581836,0.382048386396,0.476446837147,118,0.0666290231508,0.194714364082,23,23,23,1,0,0.304347826087,0.652173913043,0.0434782608696,-2,-0.00395256916996,1.81566681331,-0.173913043478,-0.5375,-0.0909090909091,0.250942692261,0.0407678342133,0.0266311705128,0.130686427915,0.0515368080487,0.0219134419045,-0.447283161049,-0.0920960787906,-0.041970579846,1.29707202164,0.101023780141,4.0122457015,1.81566681331,1.29707202164,4.0122457015,0.0304357478271,0.0175340684994,-3,-0.0016939582157,-0.0970509737551,-0.0434782608696,0.0434782608696,0,91,6,8,401,0.919191919192,0.985257985258,0.014742014742,0.0808080808081,0.938144329897,0.919191919192,0.928571428571,0.911489768379,0.90444990445,0.866666666667,38,40,0,23,23,23,1,0,8,0,0.0386050732335,0,0,1,3.88826011686,0,16,NaN,1,ok,2.18974518502,0,23,23,23,1,0,8,0,0.0379659259487,0,0,1,4.07022106632,0,16,NaN,1,ok,2.27017018149,0,23,23,23,1,0,7,0,0.0164104056441,0,0,1,7.90050581836,0,16,NaN,1,ok,4.00541199833,0,0,0,0
542,WLNM_dir_neg,0.86828125,0.81684903992,00:00:00,10,60,42,510050588,fixed,validated_v2,/gpfs/scratch/acw792/wlnm_roleonly_v2_20260910/result_wlnm_dir_neg_roleonly_trophicv2_100x290_train10-90_Apocrita_20260910_011848/ecological_snapshots/Broadstone_Stream_tax_mass_K10_ratio0.6_exp42_seed510050588_threshold0.5_validated_v2.mat,role_only,2,uniform_without_replacement,uniform_remaining_nonlinks,176,0,176,407,198,198,176,22,0,22,0.111111111111,118,80,0.5,0.833333333333,0.75,0.789473684211,30,6,10,74,0.75,0.925,0.075,0.25,0.833333333333,0.75,0.789473684211,0.866666666667,0.566666666667,0.692307692308,0.694365074829,0.675,99,59,40,0,99,0,59,0,40,23,99,0.195652173913,2.18974518502,8.60869565217,6.6,4.5,4.59979377438,0.534319478842,0.291611769873,4.28989068105,0.996641269334,0.541062801932,2.91445898002,0.677096530713,0.355731225296,1.07629584498,0.491516479791,2.88826011686,2.18974518502,1.07629584498,2.88826011686,0.351612638569,0.458912768647,121,0.0683229813665,0.291765337837,23,23,23,1,0,0.347826086957,0.608695652174,0.0434782608696,23,0.116600790514,1.83119392685,5.13043478261,4.53846153846,2.68181818182,2.70192436181,0.526646273911,0.293294030951,2.79327255052,1.08890285868,0.579218865144,1.77932793637,0.693636314177,0.346352247605,0.851514302194,0.465004983749,2.41538461538,1.83119392685,0.851514302194,2.41538461538,0.230411255411,0.270758122744,25,0.0141163184641,0.160080660081,23,23,23,1,0,0.434782608696,0.521739130435,0.0434782608696,23,95,0.187747035573,2.41881747667,8.26086956522,6.78571428571,4.31818181818,4.6731086724,0.565692102448,0.312128146453,4.61523512477,1.11737271442,0.592219679634,2.43654650957,0.589900733895,0.316704805492,1.31385566548,0.543180987468,3.6767398936,2.41881747667,1.31385566548,3.6767398936,0.350928298754,0.415068493151,101,0.0570299265951,0.239912714895,23,23,23,1,0,0.391304347826,0.565217391304,0.0434782608696,-4,-0.00790513833992,0.229072291642,-0.347826086957,0.185714285714,-0.181818181818,0.0733148980198,0.0313726236063,0.0205163765804,0.325344443723,0.120731445084,0.0511568777015,-0.477912470458,-0.0871957968177,-0.0390264198045,0.237559820498,0.0516645076768,0.78847977674,0.229072291642,0.237559820498,0.78847977674,-0.000684339814775,-0.0438442754966,-20,-0.0112930547713,-0.0518526229419,0.0434782608696,-0.0434782608696,0,89,6,10,401,0.89898989899,0.985257985258,0.014742014742,0.10101010101,0.936842105263,0.89898989899,0.917525773196,0.898268391068,0.884247884248,0.847619047619,36,40,0,23,23,23,1,0,8,0,0.0386050732335,0,0,1,3.88826011686,0,16,NaN,1,ok,2.18974518502,0,23,23,23,1,0,10,0,0.06638798512,0,0,1,3.41538461538,0,16,NaN,1,ok,1.83119392685,0,23,23,23,1,0,9,0,0.0436230370681,0,0,1,4.6767398936,0,16,NaN,1,ok,2.41881747667,0,0,0,0
543,WLNM_dir_neg,0.84859375,0.697595083443,00:00:00,10,60,43,510050589,fixed,validated_v2,/gpfs/scratch/acw792/wlnm_roleonly_v2_20260910/result_wlnm_dir_neg_roleonly_trophicv2_100x290_train10-90_Apocrita_20260910_011848/ecological_snapshots/Broadstone_Stream_tax_mass_K10_ratio0.6_exp43_seed510050589_threshold0.5_validated_v2.mat,role_only,2,uniform_without_replacement,uniform_remaining_nonlinks,176,0,176,407,198,198,176,22,0,22,0.111111111111,118,80,0.5,0.794117647059,0.675,0.72972972973,27,7,13,73,0.675,0.9125,0.0875,0.325,0.794117647059,0.675,0.72972972973,0.833333333333,0.572222222222,0.61038961039,0.614602292635,0.5875,99,59,40,0,99,0,59,0,40,23,99,0.195652173913,2.18974518502,8.60869565217,6.6,4.5,4.59979377438,0.534319478842,0.291611769873,4.28989068105,0.996641269334,0.541062801932,2.91445898002,0.677096530713,0.355731225296,1.07629584498,0.491516479791,2.88826011686,2.18974518502,1.07629584498,2.88826011686,0.351612638569,0.458912768647,121,0.0683229813665,0.291765337837,23,23,23,1,0,0.347826086957,0.608695652174,0.0434782608696,23,0.116600790514,2.12603030205,5.13043478261,4.21428571429,2.95,3.03471352289,0.591511957851,0.321296978629,2.69386655127,1.05015136744,0.563006632277,1.75359596664,0.683605207336,0.372881355932,1.08094374308,0.508432895825,2.87347356664,2.1772134976,1.07747695137,2.87347356664,0.288473167045,0.309608540925,29,0.0163749294184,0.13274237972,23,22,22,0.95652173913,0,0.347826086957,0.521739130435,0.0869565217391,23,93,0.183794466403,11.6733337274,8.08695652174,5.8125,4.42857142857,5.19539169473,0.642440908488,0.354371201496,4.1062951768,1.01553536631,0.547919588593,2.58453901058,0.639187067134,0.35250116877,8.34389259043,0.714782322281,18.9480756063,12.1584852605,8.20149150563,18.9480756063,0.410412567231,0.521739130435,116,0.0654997176736,0.18529380682,23,22,22,0.95652173913,0,0.260869565217,0.652173913043,0.0434782608696,-6,-0.0118577075099,9.48358854237,-0.521739130435,-0.7875,-0.0714285714286,0.595597920352,0.108121429646,0.0627594316234,-0.183595504242,0.0188940969724,0.00685678666043,-0.32991996944,-0.0379094635789,-0.00323005652599,7.26759674544,0.22326584249,16.0598154894,9.96874007543,7.12519566065,16.0598154894,0.0587999286616,0.0628263617875,-5,-0.00282326369283,-0.106471531017,-0.0869565217391,0.0434782608696,0,86,7,13,400,0.868686868687,0.982800982801,0.017199017199,0.131313131313,0.924731182796,0.868686868687,0.895833333333,0.872121027727,0.851487851488,0.811320754717,34,40,0,23,23,23,1,0,8,0,0.0386050732335,0,0,1,3.88826011686,0,16,NaN,1,ok,2.18974518502,0,23,22,22,0.95652173913,0,8,0,0.042394895987,0,0,1,3.87347356664,0,16,NaN,1,ok,2.1772134976,0,23,22,22,0.95652173913,0,6,0,0.00600885195072,0,0,1,19.9480756063,0,16,NaN,1,ok,12.1584852605,0,0,0,0
544,WLNM_dir_neg,0.92125,0.848914493355,00:00:00,10,60,44,510050590,fixed,validated_v2,/gpfs/scratch/acw792/wlnm_roleonly_v2_20260910/result_wlnm_dir_neg_roleonly_trophicv2_100x290_train10-90_Apocrita_20260910_011848/ecological_snapshots/Broadstone_Stream_tax_mass_K10_ratio0.6_exp44_seed510050590_threshold0.5_validated_v2.mat,role_only,2,uniform_without_replacement,uniform_remaining_nonlinks,176,0,176,407,198,198,176,22,0,22,0.111111111111,118,80,0.5,0.9,0.45,0.6,18,2,22,78,0.45,0.975,0.025,0.55,0.9,0.45,0.6,0.8,0.611111111111,0.485714285714,0.537587202229,0.425,99,59,40,0,99,0,59,0,40,23,99,0.195652173913,2.18974518502,8.60869565217,6.6,4.5,4.59979377438,0.534319478842,0.291611769873,4.28989068105,0.996641269334,0.541062801932,2.91445898002,0.677096530713,0.355731225296,1.07629584498,0.491516479791,2.88826011686,2.18974518502,1.07629584498,2.88826011686,0.351612638569,0.458912768647,121,0.0683229813665,0.291765337837,23,23,23,1,0,0.347826086957,0.608695652174,0.0434782608696,23,0.116600790514,2.09631574966,5.13043478261,4.21428571429,2.68181818182,3.07932028843,0.600206496897,0.319086219602,3.04251819979,1.18606641687,0.611643330877,1.59048554498,0.620019788719,0.333087693441,1.13790382998,0.542811277437,3.21526224211,2.09631574966,1.13790382998,3.21526224211,0.277249770432,0.316901408451,30,0.016939582157,0.121278263861,23,23,23,1,0,0.391304347826,0.565217391304,0.0434782608696,23,79,0.156126482213,3.41628121903,6.86956521739,5.26666666667,3.59090909091,4.09327994541,0.595857207243,0.325811777655,3.9637687181,1.15400861413,0.602091359384,2.01868739884,0.587719116118,0.32250963126,2.11450078331,0.618948104017,6.10144230769,3.41628121903,2.11450078331,6.10144230769,0.382448952014,0.496441281139,93,0.0525127046866,0.149479224479,23,23,23,1,0,0.347826086957,0.608695652174,0.0434782608696,-20,-0.0395256916996,1.22653603401,-1.73913043478,-1.33333333333,-0.909090909091,-0.506513828971,0.0615377284009,0.0342000077828,-0.326121962947,0.157367344796,0.0610285574512,-0.895771581186,-0.0893774145952,-0.0332215940361,1.03820493832,0.127431624225,3.21318219083,1.22653603401,1.03820493832,3.21318219083,0.030836313445,0.0375285124915,-28,-0.0158102766798,-0.142286113358,0,0,0,77,2,22,405,0.777777777778,0.995085995086,0.004914004914,0.222222222222,0.974683544304,0.777777777778,0.865168539326,0.844676223316,0.772863772864,0.762376237624,20,40,0,23,23,23,1,0,8,0,0.0386050732335,0,0,1,3.88826011686,0,16,NaN,1,ok,2.18974518502,0,23,23,23,1,0,9,0,0.0489569586569,0,0,1,4.21526224211,0,16,NaN,1,ok,2.09631574966,0,23,23,23,1,0,8,0,0.0276360705798,0,0,1,7.10144230769,0,16,NaN,1,ok,3.41628121903,0,0,0,0
545,WLNM_dir_neg,0.83171875,0.671667856887,00:00:00,10,60,45,510050591,fixed,validated_v2,/gpfs/scratch/acw792/wlnm_roleonly_v2_20260910/result_wlnm_dir_neg_roleonly_trophicv2_100x290_train10-90_Apocrita_20260910_011848/ecological_snapshots/Broadstone_Stream_tax_mass_K10_ratio0.6_exp45_seed510050591_threshold0.5_validated_v2.mat,role_only,2,uniform_without_replacement,uniform_remaining_nonlinks,176,0,176,407,198,198,176,22,0,22,0.111111111111,118,80,0.5,0.833333333333,0.5,0.625,20,4,20,76,0.5,0.95,0.05,0.5,0.833333333333,0.5,0.625,0.8,0.6,0.5,0.53033008589,0.45,99,59,40,0,99,0,59,0,40,23,99,0.195652173913,2.18974518502,8.60869565217,6.6,4.5,4.59979377438,0.534319478842,0.291611769873,4.28989068105,0.996641269334,0.541062801932,2.91445898002,0.677096530713,0.355731225296,1.07629584498,0.491516479791,2.88826011686,2.18974518502,1.07629584498,2.88826011686,0.351612638569,0.458912768647,121,0.0683229813665,0.291765337837,23,23,23,1,0,0.347826086957,0.608695652174,0.0434782608696,23,0.116600790514,2.12061138656,5.13043478261,3.93333333333,2.95,3.18097108995,0.620019788719,0.338983050847,2.64276176061,1.03022916091,0.542372881356,2.35151956589,0.91669406806,0.471628592483,1.0188477731,0.480450015294,3.18323586745,2.17154826777,1.01240559668,3.18323586745,0.330071390598,0.364485981308,39,0.0220214568041,0.178515399944,23,22,22,0.95652173913,0,0.304347826087,0.565217391304,0.0869565217391,23,83,0.164031620553,2.17436605662,7.21739130435,5.53333333333,3.60869565217,4.69967621456,0.65115995744,0.359350445259,4.06469422349,1.12636104988,0.577265584075,2.88789212898,0.800259264657,0.41173389209,1.0760298349,0.494870599929,3.30688957017,2.17436605662,1.0760298349,3.30688957017,0.456931372721,0.450704225352,96,0.0542066629023,0.25820773044,23,23,23,1,0,0.347826086957,0.652173913043,0,-16,-0.0316205533597,-0.0153791284087,-1.39130434783,-1.06666666667,-0.891304347826,0.0998824401869,0.116840478598,0.0677386753867,-0.225196457562,0.129719780547,0.0362027821431,-0.0265668510458,0.123162733944,0.0560026667937,-0.000266010079781,0.00335412013801,0.418629453313,-0.0153791284087,-0.000266010079781,0.418629453313,0.105318734152,-0.00820854329517,-25,-0.0141163184641,-0.0335576073966,0,0.0434782608696,-0.0434782608696,79,4,20,403,0.79797979798,0.990171990172,0.00982800982801,0.20202020202,0.951807228916,0.79797979798,0.868131868132,0.844336253803,0.788151788152,0.766990291262,24,40,0,23,23,23,1,0,8,0,0.0386050732335,0,0,1,3.88826011686,0,16,NaN,1,ok,2.18974518502,0,23,22,22,0.95652173913,0,7,0,0.0272162569206,0,0,1,4.18323586745,0,16,NaN,1,ok,2.17154826777,0,23,23,23,1,0,8,0,0.0345965952669,0,0,1,4.30688957017,0,16,NaN,1,ok,2.17436605662,0,0,0,0
546,WLNM_dir_neg,0.9009375,0.74951144312,00:00:00,10,60,46,510050592,fixed,validated_v2,/gpfs/scratch/acw792/wlnm_roleonly_v2_20260910/result_wlnm_dir_neg_roleonly_trophicv2_100x290_train10-90_Apocrita_20260910_011848/ecological_snapshots/Broadstone_Stream_tax_mass_K10_ratio0.6_exp46_seed510050592_threshold0.5_validated_v2.mat,role_only,2,uniform_without_replacement,uniform_remaining_nonlinks,176,0,176,407,198,198,176,22,0,22,0.111111111111,118,80,0.5,0.815789473684,0.775,0.794871794872,31,7,9,73,0.775,0.9125,0.0875,0.225,0.815789473684,0.775,0.794871794872,0.866666666667,0.561111111111,0.696202531646,0.696705063915,0.6875,99,59,40,0,99,0,59,0,40,23,99,0.195652173913,2.18974518502,8.60869565217,6.6,4.5,4.59979377438,0.534319478842,0.291611769873,4.28989068105,0.996641269334,0.541062801932,2.91445898002,0.677096530713,0.355731225296,1.07629584498,0.491516479791,2.88826011686,2.18974518502,1.07629584498,2.88826011686,0.351612638569,0.458912768647,121,0.0683229813665,0.291765337837,23,23,23,1,0,0.347826086957,0.608695652174,0.0434782608696,23,0.116600790514,2.17130365784,5.13043478261,3.93333333333,2.80952380952,3.13780971418,0.611606978187,0.325718496684,2.71068738274,1.05670864073,0.56595431098,2.27288537,0.88604005949,0.440677966102,1.05925077274,0.487840919398,3.18372646613,2.17130365784,1.05925077274,3.18372646613,0.278681371539,0.320754716981,34,0.0191981931112,0.162791520649,23,23,23,1,0,0.347826086957,0.565217391304,0.0869565217391,23,97,0.191699604743,3.47792935969,8.4347826087,5.38888888889,4.21739130435,4.70807900371,0.558174314872,0.309278350515,4.4410944775,1.05304302044,0.555804571941,2.21475469069,0.525148019441,0.282384580905,1.61240337671,0.463610157065,4.68145657383,3.47792935969,1.61240337671,4.68145657383,0.386785195481,0.451219512195,111,0.0626764539808,0.143811714472,23,23,23,1,0,0.217391304348,0.782608695652,0,-2,-0.00395256916996,1.28818417467,-0.173913043478,-1.21111111111,-0.282608695652,0.108285229329,0.0238548360306,0.0176665806428,0.151203796455,0.0564017511045,0.0147417700085,-0.699704289337,-0.151948511271,-0.073346644391,0.536107531722,-0.0279063227267,1.79319645697,1.28818417467,0.536107531722,1.79319645697,0.0351725569117,-0.00769325645216,-10,-0.00564652738566,-0.147953623365,-0.130434782609,0.173913043478,-0.0434782608696,90,7,9,400,0.909090909091,0.982800982801,0.017199017199,0.0909090909091,0.927835051546,0.909090909091,0.918367346939,0.898834009446,0.891891891892,0.849056603774,38,40,0,23,23,23,1,0,8,0,0.0386050732335,0,0,1,3.88826011686,0,16,NaN,1,ok,2.18974518502,0,23,23,23,1,0,8,0,0.0237460667997,0,0,1,4.18372646613,0,16,NaN,1,ok,2.17130365784,0,23,23,23,1,0,5,0,0.01837218767,0,0,1,5.68145657383,0,16,NaN,1,ok,3.47792935969,0,0,0,0
547,WLNM_dir_neg,0.933125,0.76309503945,00:00:00,10,60,47,510050593,fixed,validated_v2,/gpfs/scratch/acw792/wlnm_roleonly_v2_20260910/result_wlnm_dir_neg_roleonly_trophicv2_100x290_train10-90_Apocrita_20260910_011848/ecological_snapshots/Broadstone_Stream_tax_mass_K10_ratio0.6_exp47_seed510050593_threshold0.5_validated_v2.mat,role_only,2,uniform_without_replacement,uniform_remaining_nonlinks,176,0,176,407,198,198,176,22,0,22,0.111111111111,118,80,0.5,0.911764705882,0.775,0.837837837838,31,3,9,77,0.775,0.9625,0.0375,0.225,0.911764705882,0.775,0.837837837838,0.9,0.572222222222,0.766233766234,0.771522026925,0.7375,99,59,40,0,99,0,59,0,40,23,99,0.195652173913,2.18974518502,8.60869565217,6.6,4.5,4.59979377438,0.534319478842,0.291611769873,4.28989068105,0.996641269334,0.541062801932,2.91445898002,0.677096530713,0.355731225296,1.07629584498,0.491516479791,2.88826011686,2.18974518502,1.07629584498,2.88826011686,0.351612638569,0.458912768647,121,0.0683229813665,0.291765337837,23,23,23,1,0,0.347826086957,0.608695652174,0.0434782608696,23,0.116600790514,2.08930726025,5.13043478261,3.93333333333,3.10526315789,2.91242397991,0.56767586049,0.316875460575,2.69386655127,1.05015136744,0.561532792926,2.08514414057,0.812852800561,0.436256448047,0.98659323693,0.472210696676,2.70909090909,2.08930726025,0.98659323693,2.70909090909,0.215079365079,0.282467532468,29,0.0163749294184,0.156205699063,23,23,23,1,0,0.347826086957,0.478260869565,0.173913043478,23,93,0.183794466403,3.74746079522,8.08695652174,5.8125,4.22727272727,4.50164660257,0.556655225048,0.308087891538,4.18306391481,1.03452118323,0.55352968677,2.7548017726,0.681295062041,0.364656381487,2.17097626475,0.579319273337,6.04389880952,3.74746079522,2.17097626475,6.04389880952,0.416296022818,0.477732793522,118,0.0666290231508,0.233565025661,23,23,23,1,0,0.304347826087,0.652173913043,0.0434782608696,-6,-0.0118577075099,1.5577156102,-0.521739130435,-0.7875,-0.272727272727,-0.0981471718118,0.0223357462066,0.0164761216655,-0.106826766234,0.0378799138992,0.0124668848372,-0.159657207424,0.00419853132829,0.00892515619023,1.09468041976,0.0878027935462,3.15563869267,1.5577156102,1.09468041976,3.15563869267,0.0646833842486,0.018820024875,-3,-0.0016939582157,-0.0582003121762,-0.0434782608696,0.0434782608696,0,90,3,9,404,0.909090909091,0.992628992629,0.00737100737101,0.0909090909091,0.967741935484,0.909090909091,0.9375,0.923570296435,0.90171990172,0.882352941176,34,40,0,23,23,23,1,0,8,0,0.0386050732335,0,0,1,3.88826011686,0,16,NaN,1,ok,2.18974518502,0,23,23,23,1,0,8,0,0.0315781753426,0,0,1,3.70909090909,0,16,NaN,1,ok,2.08930726025,0,23,23,23,1,0,7,0,0.0199404133441,0,0,1,7.04389880952,0,16,NaN,1,ok,3.74746079522,0,0,0,0
548,WLNM_dir_neg,0.853125,0.532905949378,00:00:00,10,60,48,510050594,fixed,validated_v2,/gpfs/scratch/acw792/wlnm_roleonly_v2_20260910/result_wlnm_dir_neg_roleonly_trophicv2_100x290_train10-90_Apocrita_20260910_011848/ecological_snapshots/Broadstone_Stream_tax_mass_K10_ratio0.6_exp48_seed510050594_threshold0.5_validated_v2.mat,role_only,2,uniform_without_replacement,uniform_remaining_nonlinks,176,0,176,407,198,198,176,22,0,22,0.111111111111,118,80,0.5,0.75,0.6,0.666666666667,24,8,16,72,0.6,0.9,0.1,0.4,0.75,0.6,0.666666666667,0.8,0.577777777778,0.526315789474,0.533001790889,0.5,99,59,40,0,99,0,59,0,40,23,99,0.195652173913,2.18974518502,8.60869565217,6.6,4.5,4.59979377438,0.534319478842,0.291611769873,4.28989068105,0.996641269334,0.541062801932,2.91445898002,0.677096530713,0.355731225296,1.07629584498,0.491516479791,2.88826011686,2.18974518502,1.07629584498,2.88826011686,0.351612638569,0.458912768647,121,0.0683229813665,0.291765337837,23,23,23,1,0,0.347826086957,0.608695652174,0.0434782608696,23,0.116600790514,2.15867918314,5.13043478261,3.93333333333,3.10526315789,3.18097108995,0.620019788719,0.346352247605,2.48314476121,0.96800558488,0.523212969786,2.27288537,0.88604005949,0.465733235077,1.04074461662,0.482121023242,2.78900112233,2.21134641873,1.03338841579,2.78900112233,0.19791144528,0.231511254019,24,0.0135516657256,0.180924208067,23,22,22,0.95652173913,0,0.304347826087,0.521739130435,0.130434782609,23,91,0.179841897233,6.27013489896,7.91304347826,4.78947368421,4.13636363636,4.8702533393,0.615471575845,0.339703774486,3.79567051053,0.95934529387,0.509316770186,2.99208441892,0.756241116871,0.401337792642,3.05844103107,0.487779143567,8.50163156783,6.27013489896,3.05844103107,8.50163156783,0.434535834536,0.448854961832,98,0.0553359683794,0.173424016548,23,23,23,1,0,0.173913043478,0.782608695652,0.0434782608696,-8,-0.0158102766798,4.08038971394,-0.695652173913,-1.81052631579,-0.363636363636,0.27045956492,0.0811520970034,0.0480920046137,-0.494220170517,-0.037295975464,-0.031746031746,0.0776254388983,0.0791445861578,0.0456065673457,1.98214518608,-0.00373733622394,5.61337145097,4.08038971394,1.98214518608,5.61337145097,0.0829231959667,-0.0100578068152,-23,-0.012987012987,-0.118341321288,-0.173913043478,0.173913043478,0,83,8,16,399,0.838383838384,0.980343980344,0.019656019656,0.161616161616,0.912087912088,0.838383838384,0.873684210526,0.845686902389,0.818727818728,0.775700934579,32,40,0,23,23,23,1,0,8,0,0.0386050732335,0,0,1,3.88826011686,0,16,NaN,1,ok,2.18974518502,0,23,22,22,0.95652173913,0,7,0,0.0254947092201,0,0,1,3.78900112233,0,16,NaN,1,ok,2.21134641873,0,23,23,23,1,0,4,0,0.00803653399044,0,0,1,9.50163156783,0,16,NaN,1,ok,6.27013489896,0,0,0,0
549,WLNM_dir_neg,0.88671875,0.64221220182,00:00:00,10,60,49,510050595,fixed,validated_v2,/gpfs/scratch/acw792/wlnm_roleonly_v2_20260910/result_wlnm_dir_neg_roleonly_trophicv2_100x290_train10-90_Apocrita_20260910_011848/ecological_snapshots/Broadstone_Stream_tax_mass_K10_ratio0.6_exp49_seed510050595_threshold0.5_validated_v2.mat,role_only,2,uniform_without_replacement,uniform_remaining_nonlinks,176,0,176,407,198,198,176,22,0,22,0.111111111111,118,80,0.5,0.818181818182,0.675,0.739726027397,27,6,13,74,0.675,0.925,0.075,0.325,0.818181818182,0.675,0.739726027397,0.841666666667,0.575,0.627450980392,0.633446065972,0.6,99,59,40,0,99,0,59,0,40,23,99,0.195652173913,2.18974518502,8.60869565217,6.6,4.5,4.59979377438,0.534319478842,0.291611769873,4.28989068105,0.996641269334,0.541062801932,2.91445898002,0.677096530713,0.355731225296,1.07629584498,0.491516479791,2.88826011686,2.18974518502,1.07629584498,2.88826011686,0.351612638569,0.458912768647,121,0.0683229813665,0.291765337837,23,23,23,1,0,0.347826086957,0.608695652174,0.0434782608696,23,0.116600790514,2.24226466279,5.13043478261,3.93333333333,2.80952380952,3.30707709213,0.644599772195,0.325718496684,2.82563085404,1.10151711259,0.573323507738,2.01868739884,0.78694593514,0.40972733972,1.12588545476,0.502119786948,2.92287540606,2.24226466279,1.12588545476,2.92287540606,0.301144094001,0.319852941176,29,0.0163749294184,0.148075152361,23,23,23,1,0,0.347826086957,0.565217391304,0.0869565217391,23,92,0.181818181818,1,8,5.41176470588,4.38095238095,4.5726459418,0.571580742725,0.314744801512,3.93122696553,0.982806741384,0.534026465028,2.74689907813,0.686724769534,0.368620037807,0,0,0,19.4099072993,13.2771519632,30.9575409903,0.366381444642,0.46439628483,100,0.0564652738566,0.186998113982,23,23,23,1,0,0.260869565217,0.652173913043,0.0869565217391,-7,-0.0138339920949,-1.18974518502,-0.608695652174,-1.18823529412,-0.119047619048,-0.0271478325737,0.0372612638836,0.0231330316396,-0.358663715513,-0.0138345279506,-0.00703633690401,-0.16755990189,0.0096282388208,0.0128888125107,-1.07629584498,-0.491516479791,-2.88826011686,17.2201621142,12.2008561182,28.0692808735,0.0147688060732,0.00548351618244,-21,-0.0118577075099,-0.104767223854,-0.0869565217391,0.0434782608696,0.0434782608696,86,6,13,401,0.868686868687,0.985257985258,0.014742014742,0.131313131313,0.934782608696,0.868686868687,0.900523560209,0.878315492731,0.853944853945,0.819047619048,33,40,0,23,23,23,1,0,8,0,0.0386050732335,0,0,1,3.88826011686,0,16,NaN,1,ok,2.18974518502,0,23,23,23,1,0,8,0,0.0222223542615,0,0,1,3.92287540606,0,16,NaN,1,ok,2.24226466279,0,23,23,23,1,0,6,0,0.0028728764839,0,0,1,31.9575409903,1,16,NaN,1,ok,NaN,3,0,0,0
550,WLNM_dir_neg,0.85875,0.658655271434,00:00:01,10,60,50,510050596,fixed,validated_v2,/gpfs/scratch/acw792/wlnm_roleonly_v2_20260910/result_wlnm_dir_neg_roleonly_trophicv2_100x290_train10-90_Apocrita_20260910_011848/ecological_snapshots/Broadstone_Stream_tax_mass_K10_ratio0.6_exp50_seed510050596_threshold0.5_validated_v2.mat,role_only,2,uniform_without_replacement,uniform_remaining_nonlinks,176,0,176,407,198,198,176,22,0,22,0.111111111111,118,80,0.5,0.727272727273,0.6,0.657534246575,24,9,16,71,0.6,0.8875,0.1125,0.4,0.727272727273,0.6,0.657534246575,0.791666666667,0.575,0.509803921569,0.514674928602,0.4875,99,59,40,0,99,0,59,0,40,23,99,0.195652173913,2.18974518502,8.60869565217,6.6,4.5,4.59979377438,0.534319478842,0.291611769873,4.28989068105,0.996641269334,0.541062801932,2.91445898002,0.677096530713,0.355731225296,1.07629584498,0.491516479791,2.88826011686,2.18974518502,1.07629584498,2.88826011686,0.351612638569,0.458912768647,121,0.0683229813665,0.291765337837,23,23,23,1,0,0.347826086957,0.608695652174,0.0434782608696,23,0.116600790514,2.08386746837,5.13043478261,3.93333333333,2.68181818182,2.56381015866,0.499725708891,0.273397199705,2.7274044764,1.06322547385,0.563006632277,1.64665189114,0.641915144003,0.337509211496,0.967376150851,0.464221533057,2.54437344693,2.08386746837,0.967376150851,2.54437344693,0.189215132693,0.207236842105,21,0.0118577075099,0.118390709819,23,23,23,1,0,0.347826086957,0.608695652174,0.0434782608696,23,92,0.181818181818,4.81036144571,8,5.75,4,4.64170814953,0.580213518692,0.313327032136,4.41073071662,1.10268267916,0.584120982987,1.83402190926,0.458505477314,0.251417769376,3.217922452,0.668956478285,8.17670000821,4.81036144571,3.217922452,8.17670000821,0.429326470631,0.445588235294,101,0.0570299265951,0.150290635434,23,23,23,1,0,0.304347826087,0.695652173913,0,-7,-0.0138339920949,2.62061626069,-0.608695652174,-0.85,-0.5,0.0419143751573,0.04589403985,0.0217152622635,0.120840035574,0.106041409821,0.0430581810544,-1.08043707077,-0.218591053398,-0.10431345592,2.14162660702,0.177439998494,5.28843989135,2.62061626069,2.14162660702,5.28843989135,0.0777138320617,-0.0133245333532,-20,-0.0112930547713,-0.141474702403,-0.0434782608696,0.0869565217391,-0.0434782608696,83,9,16,398,0.838383838384,0.977886977887,0.022113022113,0.161616161616,0.902173913043,0.838383838384,0.869109947644,0.839566279816,0.816270816271,0.768518518519,33,40,0,23,23,23,1,0,8,0,0.0386050732335,0,0,1,3.88826011686,0,16,NaN,1,ok,2.18974518502,0,23,23,23,1,0,8,0,0.0336321984936,0,0,1,3.54437344693,0,16,NaN,1,ok,2.08386746837,0,23,23,23,1,0,7,0,0.0130461553542,0,0,1,9.17670000821,0,16,NaN,1,ok,4.81036144571,0,0,0,0
551,WLNM_dir_neg,0.87328125,0.510528011232,00:00:00,10,60,51,510050597,fixed,validated_v2,/gpfs/scratch/acw792/wlnm_roleonly_v2_20260910/result_wlnm_dir_neg_roleonly_trophicv2_100x290_train10-90_Apocrita_20260910_011848/ecological_snapshots/Broadstone_Stream_tax_mass_K10_ratio0.6_exp51_seed510050597_threshold0.5_validated_v2.mat,role_only,2,uniform_without_replacement,uniform_remaining_nonlinks,176,0,176,407,198,198,176,22,0,22,0.111111111111,118,80,0.5,0.771428571429,0.675,0.72,27,8,13,72,0.675,0.9,0.1,0.325,0.771428571429,0.675,0.72,0.825,0.569444444444,0.593548387097,0.596347425668,0.575,99,59,40,0,99,0,59,0,40,23,99,0.195652173913,2.18974518502,8.60869565217,6.6,4.5,4.59979377438,0.534319478842,0.291611769873,4.28989068105,0.996641269334,0.541062801932,2.91445898002,0.677096530713,0.355731225296,1.07629584498,0.491516479791,2.88826011686,2.18974518502,1.07629584498,2.88826011686,0.351612638569,0.458912768647,121,0.0683229813665,0.291765337837,23,23,23,1,0,0.347826086957,0.608695652174,0.0434782608696,23,0.116600790514,2.31780777047,5.13043478261,3.93333333333,2.68181818182,2.83331395793,0.552256110444,0.306558585114,2.7274044764,1.06322547385,0.567428150332,1.4405203276,0.561558771776,0.30213706706,1.28182613665,0.553033842144,3.33579335793,2.31780777047,1.28182613665,3.33579335793,0.152633477633,0.206896551724,18,0.0101637492942,0.117925170068,23,23,23,1,0,0.347826086957,0.608695652174,0.0434782608696,23,94,0.185770750988,3.67878236987,8.17391304348,5.52941176471,4.27272727273,4.03002564748,0.493035052618,0.27428307123,4.0216803756,0.984028177008,0.532839962997,2.2746237147,0.556556866363,0.295097132285,2.13871157575,0.581363984254,6.0071902596,3.67878236987,2.13871157575,6.0071902596,0.352100315144,0.349854227405,80,0.0451722190853,0.172483407198,23,23,23,1,0,0.260869565217,0.695652173913,0.0434782608696,-5,-0.0098814229249,1.48903718484,-0.434782608696,-1.07058823529,-0.227272727273,-0.569768126895,-0.0412844262242,-0.0173286986423,-0.268210305448,-0.0126130923259,-0.00822283893514,-0.639835265324,-0.12053966435,-0.0606340930115,1.06241573077,0.0898475044624,3.11893014274,1.48903718484,1.06241573077,3.11893014274,0.000487676574633,-0.109058541242,-41,-0.0231507622812,-0.119281930639,-0.0869565217391,0.0869565217391,0,86,8,13,399,0.868686868687,0.980343980344,0.019656019656,0.131313131313,0.914893617021,0.868686868687,0.891191709845,0.866015644252,0.849030849031,0.803738317757,35,40,0,23,23,23,1,0,8,0,0.0386050732335,0,0,1,3.88826011686,0,16,NaN,1,ok,2.18974518502,0,23,23,23,1,0,8,0,0.0282037876879,0,0,1,4.33579335793,0,16,NaN,1,ok,2.31780777047,0,23,23,23,1,0,6,0,0.0207652485439,0,0,1,7.0071902596,0,16,NaN,1,ok,3.67878236987,0,0,0,0
552,WLNM_dir_neg,0.8765625,0.769905679165,00:00:00,10,60,52,510050598,fixed,validated_v2,/gpfs/scratch/acw792/wlnm_roleonly_v2_20260910/result_wlnm_dir_neg_roleonly_trophicv2_100x290_train10-90_Apocrita_20260910_011848/ecological_snapshots/Broadstone_Stream_tax_mass_K10_ratio0.6_exp52_seed510050598_threshold0.5_validated_v2.mat,role_only,2,uniform_without_replacement,uniform_remaining_nonlinks,176,0,176,407,198,198,176,22,0,22,0.111111111111,118,80,0.5,0.756097560976,0.775,0.765432098765,31,10,9,70,0.775,0.875,0.125,0.225,0.756097560976,0.775,0.765432098765,0.841666666667,0.552777777778,0.645962732919,0.646074904112,0.65,99,59,40,0,99,0,59,0,40,23,99,0.195652173913,2.18974518502,8.60869565217,6.6,4.5,4.59979377438,0.534319478842,0.291611769873,4.28989068105,0.996641269334,0.541062801932,2.91445898002,0.677096530713,0.355731225296,1.07629584498,0.491516479791,2.88826011686,2.18974518502,1.07629584498,2.88826011686,0.351612638569,0.458912768647,121,0.0683229813665,0.291765337837,23,23,23,1,0,0.347826086957,0.608695652174,0.0434782608696,23,0.116600790514,2.10315188328,5.13043478261,3.93333333333,2.80952380952,3.09404630373,0.603076821914,0.332350773766,2.90495011624,1.13243818091,0.592483419307,2.04108008298,0.795675286585,0.418570375829,0.992943144383,0.47212146316,2.56461675579,2.10315188328,0.992943144383,2.56461675579,0.275912698413,0.352380952381,37,0.0208921513269,0.170464033321,23,23,23,1,0,0.347826086957,0.565217391304,0.0869565217391,23,100,0.197628458498,1,8.69565217391,5.26315789474,4.54545454545,4.5169859481,0.519453384032,0.289130434783,4.19532960729,0.964925809678,0.51652173913,2.60434419685,0.598999165275,0.32,0,0,0,22.1637816008,11.0364499016,29.8675632992,0.431829523134,0.471131639723,136,0.0767927724449,0.165141036932,23,23,23,1,0,0.173913043478,0.782608695652,0.0434782608696,1,0.00197628458498,-1.18974518502,0.0869565217391,-1.33684210526,0.0454545454545,-0.0828078262768,-0.0148660948102,-0.00248133509003,-0.0945610737537,-0.0317154596567,-0.0245410628019,-0.310114783177,-0.0780973654379,-0.0357312252964,-1.07629584498,-0.491516479791,-2.88826011686,19.9740364157,9.96015405659,26.9793031824,0.0802168845647,0.0122188710756,15,0.00846979107849,-0.126624300904,-0.173913043478,0.173913043478,0,90,10,9,397,0.909090909091,0.97542997543,0.02457002457,0.0909090909091,0.9,0.909090909091,0.904522613065,0.881170352573,0.884520884521,0.825688073394,41,40,0,23,23,23,1,0,8,0,0.0386050732335,0,0,1,3.88826011686,0,16,NaN,1,ok,2.18974518502,0,23,23,23,1,0,8,0,0.0162896668421,0,0,1,3.56461675579,0,16,NaN,1,ok,2.10315188328,0,23,23,23,1,0,4,0,0.00270340883702,0,0,1,30.8675632992,1,16,NaN,1,ok,NaN,3,0,0,0
553,WLNM_dir_neg,0.948125,0.86909017117,00:00:00,10,60,53,510050599,fixed,validated_v2,/gpfs/scratch/acw792/wlnm_roleonly_v2_20260910/result_wlnm_dir_neg_roleonly_trophicv2_100x290_train10-90_Apocrita_20260910_011848/ecological_snapshots/Broadstone_Stream_tax_mass_K10_ratio0.6_exp53_seed510050599_threshold0.5_validated_v2.mat,role_only,2,uniform_without_replacement,uniform_remaining_nonlinks,176,0,176,407,198,198,176,22,0,22,0.111111111111,118,80,0.5,0.871794871795,0.85,0.860759493671,34,5,6,75,0.85,0.9375,0.0625,0.15,0.871794871795,0.85,0.860759493671,0.908333333333,0.558333333333,0.792452830189,0.792593923901,0.7875,99,59,40,0,99,0,59,0,40,23,99,0.195652173913,2.18974518502,8.60869565217,6.6,4.5,4.59979377438,0.534319478842,0.291611769873,4.28989068105,0.996641269334,0.541062801932,2.91445898002,0.677096530713,0.355731225296,1.07629584498,0.491516479791,2.88826011686,2.18974518502,1.07629584498,2.88826011686,0.351612638569,0.458912768647,121,0.0683229813665,0.291765337837,23,23,23,1,0,0.347826086957,0.608695652174,0.0434782608696,23,0.116600790514,2.18997284301,5.13043478261,4.21428571429,2.80952380952,3.23762465995,0.63106243372,0.336035372144,2.67694002644,1.04355289166,0.560058953574,1.97313979039,0.769190087778,0.40972733972,1.14498564231,0.522830977546,3.05740406081,2.18997284301,1.14498564231,3.05740406081,0.308618326118,0.335403726708,36,0.0203274985884,0.152201370059,23,23,23,1,0,0.391304347826,0.521739130435,0.0869565217391,23,98,0.193675889328,2.50087972005,8.52173913043,6.53333333333,4.66666666667,4.83236781052,0.567063569602,0.309228039042,4.36116530825,1.02353879683,0.55190771961,2.68357616394,0.629818895619,0.345164152618,1.32568488279,0.530087421703,3.54027070272,2.50087972005,1.32568488279,3.54027070272,0.49594487638,0.48046875,123,0.0694522868436,0.227944409105,23,23,23,1,0,0.347826086957,0.565217391304,0.0869565217391,-1,-0.00197628458498,0.311134535024,-0.0869565217391,-0.0666666666667,0.166666666667,0.23257403614,0.0327440907598,0.0176162691691,0.0712746271989,0.0268975274991,0.0108449176772,-0.230882816084,-0.0472776350941,-0.0105670726789,0.249389037808,0.0385709419121,0.652010585859,0.311134535024,0.249389037808,0.652010585859,0.14433223781,0.0215559813527,2,0.00112930547713,-0.0638209287314,0,-0.0434782608696,0.0434782608696,93,5,6,402,0.939393939394,0.987714987715,0.012285012285,0.0606060606061,0.948979591837,0.939393939394,0.944162436548,0.93068442365,0.927108927109,0.894230769231,39,40,0,23,23,23,1,0,8,0,0.0386050732335,0,0,1,3.88826011686,0,16,NaN,1,ok,2.18974518502,0,23,23,23,1,0,9,0,0.0314295974976,0,0,1,4.05740406081,0,16,NaN,1,ok,2.18997284301,0,23,23,23,1,0,8,0,0.0487114595873,0,0,1,4.54027070272,0,16,NaN,1,ok,2.50087972005,0,0,0,0
554,WLNM_dir_neg,0.91109375,0.752107281029,00:00:00,10,60,54,510050600,fixed,validated_v2,/gpfs/scratch/acw792/wlnm_roleonly_v2_20260910/result_wlnm_dir_neg_roleonly_trophicv2_100x290_train10-90_Apocrita_20260910_011848/ecological_snapshots/Broadstone_Stream_tax_mass_K10_ratio0.6_exp54_seed510050600_threshold0.5_validated_v2.mat,role_only,2,uniform_without_replacement,uniform_remaining_nonlinks,176,0,176,407,198,198,176,22,0,22,0.111111111111,118,80,0.5,0.828571428571,0.725,0.773333333333,29,6,11,74,0.725,0.925,0.075,0.275,0.828571428571,0.725,0.773333333333,0.858333333333,0.569444444444,0.670967741935,0.674131872494,0.65,99,59,40,0,99,0,59,0,40,23,99,0.195652173913,2.18974518502,8.60869565217,6.6,4.5,4.59979377438,0.534319478842,0.291611769873,4.28989068105,0.996641269334,0.541062801932,2.91445898002,0.677096530713,0.355731225296,1.07629584498,0.491516479791,2.88826011686,2.18974518502,1.07629584498,2.88826011686,0.351612638569,0.458912768647,121,0.0683229813665,0.291765337837,23,23,23,1,0,0.347826086957,0.608695652174,0.0434782608696,23,0.116600790514,1.93418832912,5.13043478261,4.53846153846,2.95,2.8810406552,0.561558771776,0.314664701548,2.77695200725,1.082540613,0.576271186441,1.82970655761,0.713275437712,0.394988946205,0.962157095796,0.497447472571,2.51311728395,1.97665143498,0.962487890378,2.51311728395,0.253095238095,0.290625,31,0.0175042348955,0.157702482702,23,22,22,0.95652173913,0,0.391304347826,0.478260869565,0.0869565217391,23,94,0.185770750988,2.06766592103,8.17391304348,6.26666666667,4.7,4.52922002028,0.554106704609,0.309435707678,4.44064945576,1.08654188811,0.575393154487,2.67841614457,0.655357141756,0.349676225717,0.932793776889,0.451133699792,2.53673163418,2.06766592103,0.932793776889,2.53673163418,0.43863585909,0.470437017995,122,0.068887634105,0.251730738916,23,23,23,1,0,0.347826086957,0.521739130435,0.130434782609,-5,-0.0098814229249,-0.122079263992,-0.434782608696,-0.333333333333,0.2,-0.0705737540982,0.0197872257668,0.0178239378054,0.150758774712,0.089900618777,0.0343303525542,-0.236042835457,-0.0217393889569,-0.00605499957951,-0.143502068094,-0.0403827799996,-0.351528482675,-0.122079263992,-0.143502068094,-0.351528482675,0.0870232205212,0.0115242493476,1,0.000564652738566,-0.0400345989212,0,-0.0869565217391,0.0869565217391,88,6,11,401,0.888888888889,0.985257985258,0.014742014742,0.111111111111,0.936170212766,0.888888888889,0.911917098446,0.891634113471,0.874146874147,0.838095238095,35,40,0,23,23,23,1,0,8,0,0.0386050732335,0,0,1,3.88826011686,0,16,NaN,1,ok,2.18974518502,0,23,22,22,0.95652173913,0,9,0,0.0617951065941,0,0,1,3.51311728395,0,16,NaN,1,ok,1.97665143498,0,23,23,23,1,0,8,0,0.0240968791863,0,0,1,3.53673163418,0,16,NaN,1,ok,2.06766592103,0,0,0,0
555,WLNM_dir_neg,0.9203125,0.811727957244,00:00:00,10,60,55,510050601,fixed,validated_v2,/gpfs/scratch/acw792/wlnm_roleonly_v2_20260910/result_wlnm_dir_neg_roleonly_trophicv2_100x290_train10-90_Apocrita_20260910_011848/ecological_snapshots/Broadstone_Stream_tax_mass_K10_ratio0.6_exp55_seed510050601_threshold0.5_validated_v2.mat,role_only,2,uniform_without_replacement,uniform_remaining_nonlinks,176,0,176,407,198,198,176,22,0,22,0.111111111111,118,80,0.5,0.838709677419,0.65,0.732394366197,26,5,14,75,0.65,0.9375,0.0625,0.35,0.838709677419,0.65,0.732394366197,0.841666666667,0.580555555556,0.622516556291,0.632713367289,0.5875,99,59,40,0,99,0,59,0,40,23,99,0.195652173913,2.18974518502,8.60869565217,6.6,4.5,4.59979377438,0.534319478842,0.291611769873,4.28989068105,0.996641269334,0.541062801932,2.91445898002,0.677096530713,0.355731225296,1.07629584498,0.491516479791,2.88826011686,2.18974518502,1.07629584498,2.88826011686,0.351612638569,0.458912768647,121,0.0683229813665,0.291765337837,23,23,23,1,0,0.347826086957,0.608695652174,0.0434782608696,23,0.116600790514,2.27087750324,5.13043478261,3.93333333333,3.27777777778,3.22355461375,0.628319967087,0.347089167281,2.40881122994,0.939028106588,0.512896094326,2.53746629098,0.98918177445,0.523212969786,1.17865647507,0.519031287857,3.18604113705,2.27087750324,1.17865647507,3.18604113705,0.308563074353,0.37987012987,39,0.0220214568041,0.185249433107,23,23,23,1,0,0.347826086957,0.434782608696,0.217391304348,23,90,0.177865612648,2.73004340906,7.82608695652,5,3.91304347826,4.74487449698,0.606289519059,0.338647342995,3.72842939731,0.95282084598,0.514975845411,3.27404453069,0.836700268954,0.424154589372,1.14470441687,0.419298980036,3.41890372144,2.73004340906,1.14470441687,3.41890372144,0.365332815333,0.465361445783,103,0.0581592320723,0.236604502017,23,23,23,1,0,0.217391304348,0.782608695652,0,-9,-0.0177865612648,0.540298224034,-0.782608695652,-1.6,-0.586956521739,0.145080722603,0.0719700402168,0.0470355731225,-0.561461283734,-0.0438204233541,-0.0260869565217,0.359585550664,0.159603738241,0.0684233640755,0.0684085718877,-0.0722174997557,0.530643604577,0.540298224034,0.0684085718877,0.530643604577,0.0137201767637,0.00644867713585,-18,-0.0101637492942,-0.0551608358199,-0.130434782609,0.173913043478,-0.0434782608696,85,5,14,402,0.858585858586,0.987714987715,0.012285012285,0.141414141414,0.944444444444,0.858585858586,0.899470899471,0.877953788155,0.846300846301,0.817307692308,31,40,0,23,23,23,1,0,8,0,0.0386050732335,0,0,1,3.88826011686,0,16,NaN,1,ok,2.18974518502,0,23,23,23,1,0,8,0,0.0283934131171,0,0,1,4.18604113705,0,16,NaN,1,ok,2.27087750324,0,23,23,23,1,0,5,0,0.0182361491114,0,0,1,4.41890372144,0,16,NaN,1,ok,2.73004340906,0,0,0,0
556,WLNM_dir_neg,0.83625,0.698780292119,00:00:00,10,60,56,510050602,fixed,validated_v2,/gpfs/scratch/acw792/wlnm_roleonly_v2_20260910/result_wlnm_dir_neg_roleonly_trophicv2_100x290_train10-90_Apocrita_20260910_011848/ecological_snapshots/Broadstone_Stream_tax_mass_K10_ratio0.6_exp56_seed510050602_threshold0.5_validated_v2.mat,role_only,2,uniform_without_replacement,uniform_remaining_nonlinks,176,0,176,407,198,198,176,22,0,22,0.111111111111,118,80,0.5,0.694444444444,0.625,0.657894736842,25,11,15,69,0.625,0.8625,0.1375,0.375,0.694444444444,0.625,0.657894736842,0.783333333333,0.566666666667,0.5,0.501485887377,0.4875,99,59,40,0,99,0,59,0,40,23,99,0.195652173913,2.18974518502,8.60869565217,6.6,4.5,4.59979377438,0.534319478842,0.291611769873,4.28989068105,0.996641269334,0.541062801932,2.91445898002,0.677096530713,0.355731225296,1.07629584498,0.491516479791,2.88826011686,2.18974518502,1.07629584498,2.88826011686,0.351612638569,0.458912768647,121,0.0683229813665,0.291765337837,23,23,23,1,0,0.347826086957,0.608695652174,0.0434782608696,23,0.116600790514,2.23712304201,5.13043478261,3.93333333333,2.95,2.95887490636,0.576729854629,0.305821665438,2.69386655127,1.05015136744,0.558585114223,1.97313979039,0.769190087778,0.396462785556,1.2001505893,0.536470532357,3.69318181818,2.23712304201,1.2001505893,3.69318181818,0.232323232323,0.290969899666,29,0.0163749294184,0.141033807462,23,23,23,1,0,0.347826086957,0.521739130435,0.130434782609,23,95,0.187747035573,1,8.26086956522,5.27777777778,4.31818181818,4.49461689443,0.54408520301,0.303432494279,3.98068458966,0.963744690129,0.521739130435,2.65097491203,0.641814978701,0.346910755149,0,0,0,23.2200993432,13.7492111155,33.9168959373,0.356944504771,0.430434782609,99,0.055900621118,0.167984544397,23,23,23,1,0,0.217391304348,0.739130434783,0.0434782608696,-4,-0.00790513833992,-1.18974518502,-0.347826086957,-1.32222222222,-0.181818181818,-0.10517687995,0.00976572416779,0.0118207244065,-0.309206091385,-0.0328965792055,-0.0193236714976,-0.263484067999,-0.0352815520118,-0.0088204701477,-1.07629584498,-0.491516479791,-2.88826011686,21.0303541581,12.6729152705,31.0286358204,0.00533186620143,-0.0284779860386,-22,-0.0124223602484,-0.123780793439,-0.130434782609,0.130434782609,0,84,11,15,396,0.848484848485,0.972972972973,0.027027027027,0.151515151515,0.884210526316,0.848484848485,0.865979381443,0.834482738105,0.821457821458,0.763636363636,36,40,0,23,23,23,1,0,8,0,0.0386050732335,0,0,1,3.88826011686,0,16,NaN,1,ok,2.18974518502,0,23,23,23,1,0,8,0,0.0313473293696,0,0,1,4.69318181818,0,16,NaN,1,ok,2.23712304201,0,23,23,23,1,0,5,0,0.00242582089485,0,0,1,34.9168959373,1,16,NaN,1,ok,NaN,3,0,0,0
557,WLNM_dir_neg,0.90984375,0.81249211399,00:00:00,10,60,57,510050603,fixed,validated_v2,/gpfs/scratch/acw792/wlnm_roleonly_v2_20260910/result_wlnm_dir_neg_roleonly_trophicv2_100x290_train10-90_Apocrita_20260910_011848/ecological_snapshots/Broadstone_Stream_tax_mass_K10_ratio0.6_exp57_seed510050603_threshold0.5_validated_v2.mat,role_only,2,uniform_without_replacement,uniform_remaining_nonlinks,176,0,176,407,198,198,176,22,0,22,0.111111111111,118,80,0.5,0.8,0.8,0.8,32,8,8,72,0.8,0.9,0.1,0.2,0.8,0.8,0.8,0.866666666667,0.555555555556,0.7,0.7,0.7,99,59,40,0,99,0,59,0,40,23,99,0.195652173913,2.18974518502,8.60869565217,6.6,4.5,4.59979377438,0.534319478842,0.291611769873,4.28989068105,0.996641269334,0.541062801932,2.91445898002,0.677096530713,0.355731225296,1.07629584498,0.491516479791,2.88826011686,2.18974518502,1.07629584498,2.88826011686,0.351612638569,0.458912768647,121,0.0683229813665,0.291765337837,23,23,23,1,0,0.347826086957,0.608695652174,0.0434782608696,23,0.116600790514,2.1330994119,5.13043478261,4.21428571429,2.95,2.84931168444,0.555374311374,0.300663227708,2.7440197282,1.06970260591,0.568901989683,1.82970655761,0.713275437712,0.381724392041,1.11765654192,0.523958956479,2.81546263152,2.18460393062,1.11567108116,2.81546263152,0.188397581255,0.21724137931,21,0.0118577075099,0.151474319331,23,22,22,0.95652173913,0,0.347826086957,0.521739130435,0.0869565217391,23,99,0.195652173913,3.1821128455,8.60869565217,5.82352941176,4.5,4.40804151971,0.512045227038,0.279754062363,4.10581386693,0.953875948883,0.513833992095,3.06645757436,0.712409335457,0.369784804567,1.50006655671,0.471405833025,3.92876809254,3.1821128455,1.50006655671,3.92876809254,0.398621909491,0.437984496124,113,0.0638057594579,0.240500106713,23,23,23,1,0,0.260869565217,0.695652173913,0.0434782608696,0,0,0.992367660479,0,-0.776470588235,0,-0.191752254663,-0.0222742518043,-0.0118577075099,-0.184076814116,-0.0427653204513,-0.0272288098375,0.151998594333,0.0353128047441,0.014053579271,0.423770711729,-0.0201106467668,1.04050797568,0.992367660479,0.423770711729,1.04050797568,0.0470092709223,-0.0209282725233,-8,-0.00451722190853,-0.0512652311235,-0.0869565217391,0.0869565217391,0,91,8,8,399,0.919191919192,0.980343980344,0.019656019656,0.0808080808081,0.919191919192,0.919191919192,0.919191919192,0.899535899536,0.899535899536,0.85046728972,40,40,0,23,23,23,1,0,8,0,0.0386050732335,0,0,1,3.88826011686,0,16,NaN,1,ok,2.18974518502,0,23,22,22,0.95652173913,0,8,0,0.0328947611152,0,0,1,3.81546263152,0,16,NaN,1,ok,2.18460393062,0,23,23,23,1,0,6,0,0.018242464614,0,0,1,4.92876809254,0,16,NaN,1,ok,3.1821128455,0,0,0,0
558,WLNM_dir_neg,0.87546875,0.428339685834,00:00:00,10,60,58,510050604,fixed,validated_v2,/gpfs/scratch/acw792/wlnm_roleonly_v2_20260910/result_wlnm_dir_neg_roleonly_trophicv2_100x290_train10-90_Apocrita_20260910_011848/ecological_snapshots/Broadstone_Stream_tax_mass_K10_ratio0.6_exp58_seed510050604_threshold0.5_validated_v2.mat,role_only,2,uniform_without_replacement,uniform_remaining_nonlinks,176,0,176,407,198,198,176,22,0,22,0.111111111111,118,80,0.5,0.810810810811,0.75,0.779220779221,30,7,10,73,0.75,0.9125,0.0875,0.25,0.810810810811,0.75,0.779220779221,0.858333333333,0.563888888889,0.675159235669,0.67627131024,0.6625,99,59,40,0,99,0,59,0,40,23,99,0.195652173913,2.18974518502,8.60869565217,6.6,4.5,4.59979377438,0.534319478842,0.291611769873,4.28989068105,0.996641269334,0.541062801932,2.91445898002,0.677096530713,0.355731225296,1.07629584498,0.491516479791,2.88826011686,2.18974518502,1.07629584498,2.88826011686,0.351612638569,0.458912768647,121,0.0683229813665,0.291765337837,23,23,23,1,0,0.347826086957,0.608695652174,0.0434782608696,23,0.116600790514,1.96066252588,5.13043478261,4.21428571429,2.80952380952,3.13780971418,0.611606978187,0.329403095063,2.95151866852,1.15059202332,0.596904937362,1.67402853665,0.652587395641,0.36109064112,0.926640727441,0.472616126034,2.61111111111,1.96066252588,0.926640727441,2.61111111111,0.268650793651,0.338870431894,34,0.0191981931112,0.129413138754,23,23,23,1,0,0.391304347826,0.521739130435,0.0869565217391,23,96,0.189723320158,3.36322169698,8.34782608696,6.4,4.17391304348,4.30231117226,0.515381025843,0.286231884058,4.23891253114,1.01557279392,0.547101449275,2.22898619256,0.534027941968,0.283514492754,1.9671093507,0.584888398069,5.35018931628,3.36322169698,1.9671093507,5.35018931628,0.416281544542,0.441301272984,104,0.0587238848108,0.219399378817,23,23,23,1,0,0.347826086957,0.652173913043,0,-3,-0.00592885375494,1.17347651196,-0.260869565217,-0.2,-0.326086956522,-0.29748260212,-0.0189384529985,-0.00537988581467,-0.0509781499091,0.0189315245843,0.006038647343,-0.685472787461,-0.143068588744,-0.0722167325428,0.890813505717,0.0933719182781,2.46192919942,1.17347651196,0.890813505717,2.46192919942,0.0646689059733,-0.0176114956628,-17,-0.00959909655562,-0.0723659590201,0,0.0434782608696,-0.0434782608696,89,7,10,400,0.89898989899,0.982800982801,0.017199017199,0.10101010101,0.927083333333,0.89898989899,0.912820512821,0.89218077502,0.881790881791,0.839622641509,37,40,0,23,23,23,1,0,8,0,0.0386050732335,0,0,1,3.88826011686,0,16,NaN,1,ok,2.18974518502,0,23,23,23,1,0,9,0,0.0445714580557,0,0,1,3.61111111111,0,16,NaN,1,ok,1.96066252588,0,23,23,23,1,0,8,0,0.0270571824841,0,0,1,6.35018931628,0,16,NaN,1,ok,3.36322169698,0,0,0,0
559,WLNM_dir_neg,0.8478125,0.680270741483,00:00:00,10,60,59,510050605,fixed,validated_v2,/gpfs/scratch/acw792/wlnm_roleonly_v2_20260910/result_wlnm_dir_neg_roleonly_trophicv2_100x290_train10-90_Apocrita_20260910_011848/ecological_snapshots/Broadstone_Stream_tax_mass_K10_ratio0.6_exp59_seed510050605_threshold0.5_validated_v2.mat,role_only,2,uniform_without_replacement,uniform_remaining_nonlinks,176,0,176,407,198,198,176,22,0,22,0.111111111111,118,80,0.5,0.717948717949,0.7,0.708860759494,28,11,12,69,0.7,0.8625,0.1375,0.3,0.717948717949,0.7,0.708860759494,0.808333333333,0.558333333333,0.566037735849,0.566138517072,0.5625,99,59,40,0,99,0,59,0,40,23,99,0.195652173913,2.18974518502,8.60869565217,6.6,4.5,4.59979377438,0.534319478842,0.291611769873,4.28989068105,0.996641269334,0.541062801932,2.91445898002,0.677096530713,0.355731225296,1.07629584498,0.491516479791,2.88826011686,2.18974518502,1.07629584498,2.88826011686,0.351612638569,0.458912768647,121,0.0683229813665,0.291765337837,23,23,23,1,0,0.347826086957,0.608695652174,0.0434782608696,23,0.116600790514,2.13140343094,5.13043478261,3.93333333333,2.80952380952,2.84931168444,0.555374311374,0.306558585114,2.51948925121,0.982173775895,0.532056005895,2.01868739884,0.78694593514,0.400884303611,1.03074635169,0.483599836958,2.82176870748,2.13140343094,1.03074635169,2.82176870748,0.207323232323,0.249134948097,24,0.0135516657256,0.167054770626,23,23,23,1,0,0.347826086957,0.565217391304,0.0869565217391,23,98,0.193675889328,1,8.52173913043,5.15789473684,4.26086956522,4.17644439051,0.490092964193,0.273735581189,4.00246959337,0.939355108648,0.50842945874,2.64948350549,0.62181755741,0.335403726708,0,0,0,50.7631843072,25.6210704068,70.4269616632,0.341748106965,0.387362637363,94,0.0530773574252,0.170663702679,23,23,23,1,0,0.173913043478,0.826086956522,0,-1,-0.00197628458498,-1.18974518502,-0.0869565217391,-1.44210526316,-0.239130434783,-0.423349383866,-0.0442265146491,-0.0178761886836,-0.287421087677,-0.0572861606862,-0.0326333431923,-0.264975474537,-0.0552789733024,-0.0203274985884,-1.07629584498,-0.491516479791,-2.88826011686,48.5734391222,24.5447745618,67.5387015463,-0.00986453160366,-0.0715501312846,-27,-0.0152456239413,-0.121101635158,-0.173913043478,0.217391304348,-0.0434782608696,87,11,12,396,0.878787878788,0.972972972973,0.027027027027,0.121212121212,0.887755102041,0.878787878788,0.883248730964,0.855045760244,0.851760851761,0.790909090909,39,40,0,23,23,23,1,0,8,0,0.0386050732335,0,0,1,3.88826011686,0,16,NaN,1,ok,2.18974518502,0,23,23,23,1,0,8,0,0.0310608297788,0,0,1,3.82176870748,0,16,NaN,1,ok,2.13140343094,0,23,23,23,1,0,4,0,0.00081641174499,0,0,1,71.4269616632,1,16,NaN,1,ok,NaN,3,0,0,0
560,WLNM_dir_neg,0.89625,0.50343501211,00:00:00,10,60,60,510050606,fixed,validated_v2,/gpfs/scratch/acw792/wlnm_roleonly_v2_20260910/result_wlnm_dir_neg_roleonly_trophicv2_100x290_train10-90_Apocrita_20260910_011848/ecological_snapshots/Broadstone_Stream_tax_mass_K10_ratio0.6_exp60_seed510050606_threshold0.5_validated_v2.mat,role_only,2,uniform_without_replacement,uniform_remaining_nonlinks,176,0,176,407,198,198,176,22,0,22,0.111111111111,118,80,0.5,0.738095238095,0.775,0.756097560976,31,11,9,69,0.775,0.8625,0.1375,0.225,0.738095238095,0.775,0.756097560976,0.833333333333,0.55,0.62962962963,0.630061919162,0.6375,99,59,40,0,99,0,59,0,40,23,99,0.195652173913,2.18974518502,8.60869565217,6.6,4.5,4.59979377438,0.534319478842,0.291611769873,4.28989068105,0.996641269334,0.541062801932,2.91445898002,0.677096530713,0.355731225296,1.07629584498,0.491516479791,2.88826011686,2.18974518502,1.07629584498,2.88826011686,0.351612638569,0.458912768647,121,0.0683229813665,0.291765337837,23,23,23,1,0,0.347826086957,0.608695652174,0.0434782608696,23,0.116600790514,2.27056261038,5.13043478261,3.93333333333,2.95,3.123290046,0.608776873373,0.338246131172,2.79327255052,1.08890285868,0.570375829035,2.04108008298,0.795675286585,0.422991893884,1.15458221673,0.508500497388,2.91965183752,2.3283154563,1.14724544101,2.91965183752,0.257619047619,0.285714285714,28,0.0158102766798,0.146679008822,23,22,22,0.95652173913,0,0.304347826087,0.565217391304,0.0869565217391,23,101,0.199604743083,1,8.78260869565,4.80952380952,4.59090909091,4.90784642402,0.558814196794,0.311235471373,3.99703447383,0.910215771268,0.484718037021,3.36747991065,0.766851860841,0.37365475678,0,0,0,71.3341092221,22.9124598933,81.9438666019,0.580740756828,0.461538461538,126,0.0711462450593,0.221442037842,23,23,23,1,0,0.0869565217391,0.869565217391,0.0434782608696,2,0.00395256916996,-1.18974518502,0.173913043478,-1.79047619048,0.0909090909091,0.30805264964,0.0244947179523,0.0196237015006,-0.292856207218,-0.0864254980661,-0.0563447649113,0.453020930623,0.0897553301278,0.0179235314836,-1.07629584498,-0.491516479791,-2.88826011686,69.1443640371,21.8361640483,79.055606485,0.229128118259,0.00262569289118,5,0.00282326369283,-0.0703232999944,-0.260869565217,0.260869565217,0,90,11,9,396,0.909090909091,0.972972972973,0.027027027027,0.0909090909091,0.891089108911,0.909090909091,0.9,0.875440517151,0.882063882064,0.818181818182,42,40,0,23,23,23,1,0,8,0,0.0386050732335,0,0,1,3.88826011686,0,16,NaN,1,ok,2.18974518502,0,23,22,22,0.95652173913,0,7,0,0.0280152303353,0,0,1,3.91965183752,0,16,NaN,1,ok,2.3283154563,0,23,23,23,1,0,2,0,0.000408942545023,0,0,1,82.9438666019,1,16,NaN,1,ok,NaN,3,0,0,0
561,WLNM_dir_neg,0.92,0.734584362367,00:00:00,10,60,61,510050607,fixed,validated_v2,/gpfs/scratch/acw792/wlnm_roleonly_v2_20260910/result_wlnm_dir_neg_roleonly_trophicv2_100x290_train10-90_Apocrita_20260910_011848/ecological_snapshots/Broadstone_Stream_tax_mass_K10_ratio0.6_exp61_seed510050607_threshold0.5_validated_v2.mat,role_only,2,uniform_without_replacement,uniform_remaining_nonlinks,176,0,176,407,198,198,176,22,0,22,0.111111111111,118,80,0.5,0.789473684211,0.75,0.769230769231,30,8,10,72,0.75,0.9,0.1,0.25,0.789473684211,0.75,0.769230769231,0.85,0.561111111111,0.658227848101,0.65870296952,0.65,99,59,40,0,99,0,59,0,40,23,99,0.195652173913,2.18974518502,8.60869565217,6.6,4.5,4.59979377438,0.534319478842,0.291611769873,4.28989068105,0.996641269334,0.541062801932,2.91445898002,0.677096530713,0.355731225296,1.07629584498,0.491516479791,2.88826011686,2.18974518502,1.07629584498,2.88826011686,0.351612638569,0.458912768647,121,0.0683229813665,0.291765337837,23,23,23,1,0,0.347826086957,0.608695652174,0.0434782608696,23,0.116600790514,2.07194415577,5.13043478261,4.21428571429,3.10526315789,2.94347271442,0.573727732472,0.316138540899,2.85762277166,1.11398853811,0.582166543847,1.90277517318,0.741759813275,0.397936624908,1.0127840919,0.488808585444,2.52529182879,2.12066889012,1.00864834361,2.52529182879,0.222448979592,0.272727272727,28,0.0158102766798,0.142888857175,23,22,22,0.95652173913,0,0.347826086957,0.478260869565,0.130434782609,23,97,0.191699604743,2.33031030449,8.4347826087,6.0625,4.40909090909,4.36750487283,0.51779696946,0.288211564321,4.29541533328,1.01850054294,0.547736441058,2.84375746535,0.674293007248,0.352308381892,1.07393973828,0.460856966651,3.12395642668,2.33031030449,1.07393973828,3.12395642668,0.403867871259,0.432950191571,113,0.0638057594579,0.238410547105,23,23,23,1,0,0.304347826087,0.652173913043,0.0434782608696,-2,-0.00395256916996,0.140565119464,-0.173913043478,-0.5375,-0.0909090909091,-0.232288901543,-0.0165225093821,-0.00340020555171,0.00552465223259,0.0218592736084,0.00667363912545,-0.0707015146735,-0.00280352346459,-0.00342284340491,-0.00235610670134,-0.0306595131404,0.235696309822,0.140565119464,-0.00235610670134,0.235696309822,0.05225523269,-0.0259625770764,-8,-0.00451722190853,-0.0533547907314,-0.0434782608696,0.0434782608696,0,89,8,10,399,0.89898989899,0.980343980344,0.019656019656,0.10101010101,0.917525773196,0.89898989899,0.908163265306,0.886178250513,0.879333879334,0.831775700935,38,40,0,23,23,23,1,0,8,0,0.0386050732335,0,0,1,3.88826011686,0,16,NaN,1,ok,2.18974518502,0,23,22,22,0.95652173913,0,8,0,0.0347216603132,0,0,1,3.52529182879,0,16,NaN,1,ok,2.12066889012,0,23,23,23,1,0,7,0,0.0232788908475,0,0,1,4.12395642668,0,16,NaN,1,ok,2.33031030449,0,0,0,0
562,WLNM_dir_neg,0.9134375,0.837144297913,00:00:00,10,60,62,510050608,fixed,validated_v2,/gpfs/scratch/acw792/wlnm_roleonly_v2_20260910/result_wlnm_dir_neg_roleonly_trophicv2_100x290_train10-90_Apocrita_20260910_011848/ecological_snapshots/Broadstone_Stream_tax_mass_K10_ratio0.6_exp62_seed510050608_threshold0.5_validated_v2.mat,role_only,2,uniform_without_replacement,uniform_remaining_nonlinks,176,0,176,407,198,198,176,22,0,22,0.111111111111,118,80,0.5,0.756756756757,0.7,0.727272727273,28,9,12,71,0.7,0.8875,0.1125,0.3,0.756756756757,0.7,0.727272727273,0.825,0.563888888889,0.59872611465,0.599712293986,0.5875,99,59,40,0,99,0,59,0,40,23,99,0.195652173913,2.18974518502,8.60869565217,6.6,4.5,4.59979377438,0.534319478842,0.291611769873,4.28989068105,0.996641269334,0.541062801932,2.91445898002,0.677096530713,0.355731225296,1.07629584498,0.491516479791,2.88826011686,2.18974518502,1.07629584498,2.88826011686,0.351612638569,0.458912768647,121,0.0683229813665,0.291765337837,23,23,23,1,0,0.347826086957,0.608695652174,0.0434782608696,23,0.116600790514,2.06975263697,5.13043478261,4.21428571429,2.95,2.78476941801,0.542794039103,0.300663227708,2.71068738274,1.05670864073,0.567428150332,2.04108008298,0.795675286585,0.411201179071,1.01708421826,0.491403755258,2.67118553961,2.06975263697,1.01708421826,2.67118553961,0.248968253968,0.245551601423,23,0.012987012987,0.155605902034,23,23,23,1,0,0.391304347826,0.478260869565,0.130434782609,23,96,0.189723320158,8.99998514783,8.34782608696,5.33333333333,4.8,4.43753305393,0.531579480419,0.296648550725,4.03002564748,0.965526978043,0.521739130435,2.80668315913,0.672434506874,0.365942028986,4.61608274669,0.512898929372,12.1039619417,8.99998514783,4.61608274669,12.1039619417,0.41459424414,0.476821192053,120,0.0677583286279,0.180739636074,23,23,23,1,0,0.217391304348,0.652173913043,0.130434782609,-3,-0.00592885375494,6.81023996281,-0.260869565217,-1.26666666667,0.3,-0.162260720445,-0.00273999842279,0.005036780852,-0.259865033565,-0.0311142912915,-0.0193236714976,-0.107775820897,-0.00466202383839,0.0102108036891,3.5397869017,0.0213824495806,9.21570182481,6.81023996281,3.5397869017,9.21570182481,0.0629816055705,0.0179084234057,-1,-0.000564652738566,-0.111025701763,-0.130434782609,0.0434782608696,0.0869565217391,87,9,12,398,0.878787878788,0.977886977887,0.022113022113,0.121212121212,0.90625,0.878787878788,0.892307692308,0.866768814865,0.856674856675,0.805555555556,37,40,0,23,23,23,1,0,8,0,0.0386050732335,0,0,1,3.88826011686,0,16,NaN,1,ok,2.18974518502,0,23,23,23,1,0,9,0,0.0426675667267,0,0,1,3.67118553961,0,16,NaN,1,ok,2.06975263697,0,23,23,23,1,0,5,0,0.00608774070073,0,0,1,13.1039619417,0,16,NaN,1,ok,8.99998514783,0,0,0,0
563,WLNM_dir_neg,0.91125,0.853463419851,00:00:00,10,60,63,510050609,fixed,validated_v2,/gpfs/scratch/acw792/wlnm_roleonly_v2_20260910/result_wlnm_dir_neg_roleonly_trophicv2_100x290_train10-90_Apocrita_20260910_011848/ecological_snapshots/Broadstone_Stream_tax_mass_K10_ratio0.6_exp63_seed510050609_threshold0.5_validated_v2.mat,role_only,2,uniform_without_replacement,uniform_remaining_nonlinks,176,0,176,407,198,198,176,22,0,22,0.111111111111,118,80,0.5,0.896551724138,0.65,0.753623188406,26,3,14,77,0.65,0.9625,0.0375,0.35,0.896551724138,0.65,0.753623188406,0.858333333333,0.586111111111,0.657718120805,0.674468058401,0.6125,99,59,40,0,99,0,59,0,40,23,99,0.195652173913,2.18974518502,8.60869565217,6.6,4.5,4.59979377438,0.534319478842,0.291611769873,4.28989068105,0.996641269334,0.541062801932,2.91445898002,0.677096530713,0.355731225296,1.07629584498,0.491516479791,2.88826011686,2.18974518502,1.07629584498,2.88826011686,0.351612638569,0.458912768647,121,0.0683229813665,0.291765337837,23,23,23,1,0,0.347826086957,0.608695652174,0.0434782608696,23,0.116600790514,2.11207839596,5.13043478261,3.93333333333,2.80952380952,3.3616060532,0.655228298505,0.361827560796,2.82563085404,1.10151711259,0.580692704495,2.08514414057,0.812852800561,0.417096536478,1.00316104707,0.474963926051,2.87588652482,2.11207839596,1.00316104707,2.87588652482,0.346208513709,0.382436260623,45,0.0254093732355,0.137643441215,23,23,23,1,0,0.347826086957,0.565217391304,0.0869565217391,23,88,0.173913043478,2.41450914816,7.65217391304,5.5,4,4.75402887179,0.621265136655,0.340909090909,4.08603134764,1.06794001132,0.566205533597,2.69093045606,0.703311369198,0.361660079051,1.16432626385,0.482220688515,3.16706936014,2.41450914816,1.16432626385,3.16706936014,0.367939065765,0.490740740741,106,0.059853190288,0.202600273501,23,23,23,1,0,0.304347826087,0.652173913043,0.0434782608696,-11,-0.0217391304348,0.224763963131,-0.95652173913,-1.1,-0.5,0.154235097415,0.0869456578129,0.0492973210365,-0.203859333405,0.0712987419813,0.0251427316645,-0.223528523961,0.0262148384855,0.00592885375494,0.0880304188667,-0.00929579127606,0.278809243279,0.224763963131,0.0880304188667,0.278809243279,0.016326427196,0.0318279720935,-15,-0.00846979107849,-0.0891650643358,-0.0434782608696,0.0434782608696,0,85,3,14,404,0.858585858586,0.992628992629,0.00737100737101,0.141414141414,0.965909090909,0.858585858586,0.909090909091,0.890890888261,0.851214851215,0.833333333333,29,40,0,23,23,23,1,0,8,0,0.0386050732335,0,0,1,3.88826011686,0,16,NaN,1,ok,2.18974518502,0,23,23,23,1,0,8,0,0.0360633338322,0,0,1,3.87588652482,0,16,NaN,1,ok,2.11207839596,0,23,23,23,1,0,7,0,0.0240337393348,0,0,1,4.16706936014,0,16,NaN,1,ok,2.41450914816,0,0,0,0
564,WLNM_dir_neg,0.845625,0.723960207775,00:00:00,10,60,64,510050610,fixed,validated_v2,/gpfs/scratch/acw792/wlnm_roleonly_v2_20260910/result_wlnm_dir_neg_roleonly_trophicv2_100x290_train10-90_Apocrita_20260910_011848/ecological_snapshots/Broadstone_Stream_tax_mass_K10_ratio0.6_exp64_seed510050610_threshold0.5_validated_v2.mat,role_only,2,uniform_without_replacement,uniform_remaining_nonlinks,176,0,176,407,198,198,176,22,0,22,0.111111111111,118,80,0.5,0.806451612903,0.625,0.704225352113,25,6,15,74,0.625,0.925,0.075,0.375,0.806451612903,0.625,0.704225352113,0.825,0.580555555556,0.582781456954,0.592327407675,0.55,99,59,40,0,99,0,59,0,40,23,99,0.195652173913,2.18974518502,8.60869565217,6.6,4.5,4.59979377438,0.534319478842,0.291611769873,4.28989068105,0.996641269334,0.541062801932,2.91445898002,0.677096530713,0.355731225296,1.07629584498,0.491516479791,2.88826011686,2.18974518502,1.07629584498,2.88826011686,0.351612638569,0.458912768647,121,0.0683229813665,0.291765337837,23,23,23,1,0,0.347826086957,0.608695652174,0.0434782608696,23,0.116600790514,2.27203538738,5.13043478261,3.93333333333,2.68181818182,2.76839874667,0.539603145537,0.299189388357,2.77695200725,1.082540613,0.573323507738,1.61881232998,0.63106243372,0.337509211496,1.22481278574,0.539081738137,3.49436090226,2.27203538738,1.22481278574,3.49436090226,0.205194805195,0.291044776119,26,0.0146809712027,0.119768511911,23,23,23,1,0,0.347826086957,0.608695652174,0.0434782608696,23,90,0.177865612648,4.65595821439,7.82608695652,5.625,4.09090909091,4.29219348366,0.548446945135,0.304347826087,4.0216803756,1.02776276265,0.552657004831,2.42923563508,0.620804662299,0.333333333333,3.05755174821,0.656696561141,7.57262745071,4.65595821439,3.05755174821,7.57262745071,0.362158800795,0.403278688525,82,0.0463015245624,0.186412562576,23,23,23,1,0,0.304347826087,0.652173913043,0.0434782608696,-9,-0.0177865612648,2.46621302937,-0.782608695652,-0.975,-0.409090909091,-0.307600290716,0.0141274662927,0.0127360562143,-0.268210305448,0.0311214933189,0.0115942028986,-0.485223344943,-0.0562918684141,-0.0223978919631,1.98125590322,0.16518008135,4.68436733386,2.46621302937,1.98125590322,4.68436733386,0.010546162226,-0.0556340801227,-39,-0.0220214568041,-0.10535277526,-0.0434782608696,0.0434782608696,0,84,6,15,401,0.848484848485,0.985257985258,0.014742014742,0.151515151515,0.933333333333,0.848484848485,0.888888888889,0.864926086783,0.833742833743,0.8,31,40,0,23,23,23,1,0,8,0,0.0386050732335,0,0,1,3.88826011686,0,16,NaN,1,ok,2.18974518502,0,23,23,23,1,0,8,0,0.0261471316793,0,0,1,4.49436090226,0,16,NaN,1,ok,2.27203538738,0,23,23,23,1,0,7,0,0.0119797842855,0,0,1,8.57262745071,0,16,NaN,1,ok,4.65595821439,0,0,0,0
565,WLNM_dir_neg,0.8659375,0.590171054949,00:00:00,10,60,65,510050611,fixed,validated_v2,/gpfs/scratch/acw792/wlnm_roleonly_v2_20260910/result_wlnm_dir_neg_roleonly_trophicv2_100x290_train10-90_Apocrita_20260910_011848/ecological_snapshots/Broadstone_Stream_tax_mass_K10_ratio0.6_exp65_seed510050611_threshold0.5_validated_v2.mat,role_only,2,uniform_without_replacement,uniform_remaining_nonlinks,176,0,176,407,198,198,176,22,0,22,0.111111111111,118,80,0.5,0.8,0.8,0.8,32,8,8,72,0.8,0.9,0.1,0.2,0.8,0.8,0.8,0.866666666667,0.555555555556,0.7,0.7,0.7,99,59,40,0,99,0,59,0,40,23,99,0.195652173913,2.18974518502,8.60869565217,6.6,4.5,4.59979377438,0.534319478842,0.291611769873,4.28989068105,0.996641269334,0.541062801932,2.91445898002,0.677096530713,0.355731225296,1.07629584498,0.491516479791,2.88826011686,2.18974518502,1.07629584498,2.88826011686,0.351612638569,0.458912768647,121,0.0683229813665,0.291765337837,23,23,23,1,0,0.347826086957,0.608695652174,0.0434782608696,23,0.116600790514,2.19734328204,5.13043478261,3.93333333333,2.95,3.22355461375,0.628319967087,0.342667649226,2.60813564477,1.01673084457,0.548268238762,2.14954724528,0.837959095617,0.42888725129,1.1513557075,0.523976256651,3.30967933492,2.19734328204,1.1513557075,3.30967933492,0.234693877551,0.3074204947,29,0.0163749294184,0.157910607911,23,23,23,1,0,0.347826086957,0.521739130435,0.130434782609,23,99,0.195652173913,4.39279513765,8.60869565217,6.1875,4.30434782609,4.81228664637,0.559002994275,0.310496267018,3.93625089981,0.914482532279,0.503293807642,2.94548626343,0.684304889484,0.35836627141,2.57628857389,0.586480473858,6.58447934308,4.39279513765,2.57628857389,6.58447934308,0.346954012171,0.434659090909,102,0.0575945793337,0.239129650306,23,23,23,1,0,0.304347826087,0.695652173913,0,0,0,2.20304995262,0,-0.4125,-0.195652173913,0.21249287199,0.0246835154331,0.0188844971454,-0.353639781239,-0.0821587370554,-0.0377689942907,0.031027283407,0.00720835877132,0.00263504611331,1.4999927289,0.0949639940665,3.69621922623,2.20304995262,1.4999927289,3.69621922623,-0.00465862639776,-0.0242536777382,-19,-0.0107284020327,-0.0526356875306,-0.0434782608696,0.0869565217391,-0.0434782608696,91,8,8,399,0.919191919192,0.980343980344,0.019656019656,0.0808080808081,0.919191919192,0.919191919192,0.919191919192,0.899535899536,0.899535899536,0.85046728972,40,40,0,23,23,23,1,0,8,0,0.0386050732335,0,0,1,3.88826011686,0,16,NaN,1,ok,2.18974518502,0,23,23,23,1,0,8,0,0.0329693918576,0,0,1,4.30967933492,0,16,NaN,1,ok,2.19734328204,0,23,23,23,1,0,7,0,0.0234541441678,0,0,1,7.58447934308,0,16,NaN,1,ok,4.39279513765,0,0,0,0
566,WLNM_dir_neg,0.89828125,0.805195716146,00:00:00,10,60,66,510050612,fixed,validated_v2,/gpfs/scratch/acw792/wlnm_roleonly_v2_20260910/result_wlnm_dir_neg_roleonly_trophicv2_100x290_train10-90_Apocrita_20260910_011848/ecological_snapshots/Broadstone_Stream_tax_mass_K10_ratio0.6_exp66_seed510050612_threshold0.5_validated_v2.mat,role_only,2,uniform_without_replacement,uniform_remaining_nonlinks,176,0,176,407,198,198,176,22,0,22,0.111111111111,118,80,0.5,0.785714285714,0.55,0.647058823529,22,6,18,74,0.55,0.925,0.075,0.45,0.785714285714,0.55,0.647058823529,0.8,0.588888888889,0.513513513514,0.529414301947,0.475,99,59,40,0,99,0,59,0,40,23,99,0.195652173913,2.18974518502,8.60869565217,6.6,4.5,4.59979377438,0.534319478842,0.291611769873,4.28989068105,0.996641269334,0.541062801932,2.91445898002,0.677096530713,0.355731225296,1.07629584498,0.491516479791,2.88826011686,2.18974518502,1.07629584498,2.88826011686,0.351612638569,0.458912768647,121,0.0683229813665,0.291765337837,23,23,23,1,0,0.347826086957,0.608695652174,0.0434782608696,23,0.116600790514,2.05283998884,5.13043478261,4.21428571429,3.10526315789,3.37510064262,0.657858599833,0.360353721444,2.82563085404,1.10151711259,0.58511422255,1.87873475211,0.732388123703,0.393515106853,1.05512264596,0.513981923432,2.98461042623,2.10069635197,1.05409375253,2.98461042623,0.295158350422,0.301886792453,32,0.0180688876341,0.149827126475,23,22,22,0.95652173913,0,0.347826086957,0.478260869565,0.130434782609,23,87,0.171936758893,4.66200318511,7.5652173913,5.11764705882,4.35,4.69841450004,0.621054790236,0.345827086457,4.05593304745,1.07225816197,0.566716641679,2.44868279506,0.647352922832,0.359820089955,2.78315248921,0.596986398057,7.67264102902,4.66200318511,2.78315248921,7.67264102902,0.399113109113,0.483253588517,101,0.0570299265951,0.15458018589,23,23,23,1,0,0.260869565217,0.608695652174,0.130434782609,-12,-0.0237154150198,2.47225800009,-1.04347826087,-1.48235294118,-0.15,0.0986207256675,0.086735311394,0.0542153165841,-0.2339576336,0.0756168926346,0.0256538397468,-0.465776184963,-0.0297436078804,0.00408886465858,1.70685664422,0.105469918265,4.78438091216,2.47225800009,1.70685664422,4.78438091216,0.0475004705439,0.0243408198695,-20,-0.0112930547713,-0.137185151947,-0.0869565217391,0,0.0869565217391,81,6,18,401,0.818181818182,0.985257985258,0.014742014742,0.181818181818,0.931034482759,0.818181818182,0.870967741935,0.844698081016,0.80343980344,0.771428571429,28,40,0,23,23,23,1,0,8,0,0.0386050732335,0,0,1,3.88826011686,0,16,NaN,1,ok,2.18974518502,0,23,22,22,0.95652173913,0,8,0,0.0342590728969,0,0,1,3.98461042623,0,16,NaN,1,ok,2.10069635197,0,23,23,23,1,0,6,0,0.0142482977385,0,0,1,8.67264102902,0,16,NaN,1,ok,4.66200318511,0,0,0,0
567,WLNM_dir_neg,0.9303125,0.69965870626,00:00:00,10,60,67,510050613,fixed,validated_v2,/gpfs/scratch/acw792/wlnm_roleonly_v2_20260910/result_wlnm_dir_neg_roleonly_trophicv2_100x290_train10-90_Apocrita_20260910_011848/ecological_snapshots/Broadstone_Stream_tax_mass_K10_ratio0.6_exp67_seed510050613_threshold0.5_validated_v2.mat,role_only,2,uniform_without_replacement,uniform_remaining_nonlinks,176,0,176,407,198,198,176,22,0,22,0.111111111111,118,80,0.5,0.794871794872,0.775,0.784810126582,31,8,9,72,0.775,0.9,0.1,0.225,0.794871794872,0.775,0.784810126582,0.858333333333,0.558333333333,0.679245283019,0.679366220487,0.675,99,59,40,0,99,0,59,0,40,23,99,0.195652173913,2.18974518502,8.60869565217,6.6,4.5,4.59979377438,0.534319478842,0.291611769873,4.28989068105,0.996641269334,0.541062801932,2.91445898002,0.677096530713,0.355731225296,1.07629584498,0.491516479791,2.88826011686,2.18974518502,1.07629584498,2.88826011686,0.351612638569,0.458912768647,121,0.0683229813665,0.291765337837,23,23,23,1,0,0.347826086957,0.608695652174,0.0434782608696,23,0.116600790514,2.09384704969,5.13043478261,3.93333333333,3.27777777778,3.07932028843,0.600206496897,0.33161385409,2.71068738274,1.05670864073,0.561532792926,2.23252989304,0.870308263389,0.462785556374,0.980807847437,0.468423826651,2.9375,2.14356737013,0.97376933186,2.9375,0.345629767058,0.353448275862,41,0.0231507622812,0.164282489997,23,22,22,0.95652173913,0,0.304347826087,0.478260869565,0.173913043478,23,98,0.193675889328,3.81066357351,8.52173913043,6.125,4.26086956522,4.65998015229,0.546834405626,0.303016858917,4.01381015206,0.94201666834,0.513753327418,2.75049402677,0.645524108324,0.324755989352,2.17195519643,0.569967711537,5.64989620455,3.81066357351,2.17195519643,5.64989620455,0.364152996762,0.452830188679,104,0.0587238848108,0.232276927865,23,23,23,1,0,0.304347826087,0.695652173913,0,-1,-0.00197628458498,1.62091838848,-0.0869565217391,-0.475,-0.239130434783,0.0601863779157,0.0125149267844,0.0114050890448,-0.27608052899,-0.0546246009942,-0.0273094745144,-0.163964953253,-0.0315724223889,-0.0309752359442,1.09565935145,0.0784512317456,2.76163608769,1.62091838848,1.09565935145,2.76163608769,0.0125403581925,-0.00608257996804,-17,-0.00959909655562,-0.0594884099716,-0.0434782608696,0.0869565217391,-0.0434782608696,90,8,9,399,0.909090909091,0.980343980344,0.019656019656,0.0909090909091,0.918367346939,0.909090909091,0.913705583756,0.892865091947,0.889434889435,0.841121495327,39,40,0,23,23,23,1,0,8,0,0.0386050732335,0,0,1,3.88826011686,0,16,NaN,1,ok,2.18974518502,0,23,22,22,0.95652173913,0,7,0,0.0305752901416,0,0,1,3.9375,0,16,NaN,1,ok,2.14356737013,0,23,23,23,1,0,7,0,0.0195052542042,0,0,1,6.64989620455,0,16,NaN,1,ok,3.81066357351,0,0,0,0
568,WLNM_dir_neg,0.8728125,0.737984740295,00:00:00,10,60,68,510050614,fixed,validated_v2,/gpfs/scratch/acw792/wlnm_roleonly_v2_20260910/result_wlnm_dir_neg_roleonly_trophicv2_100x290_train10-90_Apocrita_20260910_011848/ecological_snapshots/Broadstone_Stream_tax_mass_K10_ratio0.6_exp68_seed510050614_threshold0.5_validated_v2.mat,role_only,2,uniform_without_replacement,uniform_remaining_nonlinks,176,0,176,407,198,198,176,22,0,22,0.111111111111,118,80,0.5,0.675675675676,0.625,0.649350649351,25,12,15,68,0.625,0.85,0.15,0.375,0.675675675676,0.625,0.649350649351,0.775,0.563888888889,0.484076433121,0.484873769606,0.475,99,59,40,0,99,0,59,0,40,23,99,0.195652173913,2.18974518502,8.60869565217,6.6,4.5,4.59979377438,0.534319478842,0.291611769873,4.28989068105,0.996641269334,0.541062801932,2.91445898002,0.677096530713,0.355731225296,1.07629584498,0.491516479791,2.88826011686,2.18974518502,1.07629584498,2.88826011686,0.351612638569,0.458912768647,121,0.0683229813665,0.291765337837,23,23,23,1,0,0.347826086957,0.608695652174,0.0434782608696,23,0.116600790514,2.18752011393,5.13043478261,3.93333333333,2.95,2.89677481828,0.564625600173,0.310243183493,2.62550578602,1.02350225557,0.548268238762,2.31253672121,0.901497365896,0.462785556374,1.09403029223,0.500123534986,3.31347150259,2.18752011393,1.09403029223,3.31347150259,0.267006802721,0.309375,33,0.0186335403727,0.172768844912,23,23,23,1,0,0.347826086957,0.521739130435,0.130434782609,23,96,0.189723320158,4.19735087726,8.34782608696,4.57142857143,4.17391304348,4.32338982799,0.517906073144,0.284420289855,3.56309586931,0.853658385356,0.460144927536,3.12834800891,0.7495000438,0.393115942029,1.51074170073,0.359927426825,4.82297089505,4.19735087726,1.51074170073,4.82297089505,0.396014372101,0.395472703063,99,0.055900621118,0.206356183888,23,23,23,1,0,0.0869565217391,0.913043478261,0,-3,-0.00592885375494,2.00760569223,-0.260869565217,-2.02857142857,-0.326086956522,-0.27640394639,-0.0164134056975,-0.00719148001757,-0.726794811735,-0.142982883978,-0.0809178743961,0.213889028881,0.0724035130875,0.0373847167325,0.434445855749,-0.131589052966,1.93471077819,2.00760569223,0.434445855749,1.93471077819,0.0444017335322,-0.0634400655847,-22,-0.0124223602484,-0.0854091539491,-0.260869565217,0.304347826087,-0.0434782608696,84,12,15,395,0.848484848485,0.970515970516,0.029484029484,0.151515151515,0.875,0.848484848485,0.861538461538,0.828650874632,0.819000819001,0.756756756757,37,40,0,23,23,23,1,0,8,0,0.0386050732335,0,0,1,3.88826011686,0,16,NaN,1,ok,2.18974518502,0,23,23,23,1,0,8,0,0.0304556879269,0,0,1,4.31347150259,0,16,NaN,1,ok,2.18752011393,0,23,23,23,1,0,2,0,0.0096338811047,0,0,1,5.82297089505,0,16,NaN,1,ok,4.19735087726,0,0,0,0
569,WLNM_dir_neg,0.886875,0.726842076572,00:00:00,10,60,69,510050615,fixed,validated_v2,/gpfs/scratch/acw792/wlnm_roleonly_v2_20260910/result_wlnm_dir_neg_roleonly_trophicv2_100x290_train10-90_Apocrita_20260910_011848/ecological_snapshots/Broadstone_Stream_tax_mass_K10_ratio0.6_exp69_seed510050615_threshold0.5_validated_v2.mat,role_only,2,uniform_without_replacement,uniform_remaining_nonlinks,176,0,176,407,198,198,176,22,0,22,0.111111111111,118,80,0.5,0.888888888889,0.6,0.716417910448,24,3,16,77,0.6,0.9625,0.0375,0.4,0.888888888889,0.6,0.716417910448,0.841666666667,0.591666666667,0.612244897959,0.635000635001,0.5625,99,59,40,0,99,0,59,0,40,23,99,0.195652173913,2.18974518502,8.60869565217,6.6,4.5,4.59979377438,0.534319478842,0.291611769873,4.28989068105,0.996641269334,0.541062801932,2.91445898002,0.677096530713,0.355731225296,1.07629584498,0.491516479791,2.88826011686,2.18974518502,1.07629584498,2.88826011686,0.351612638569,0.458912768647,121,0.0683229813665,0.291765337837,23,23,23,1,0,0.347826086957,0.608695652174,0.0434782608696,23,0.116600790514,2.19068322981,5.13043478261,4.21428571429,2.80952380952,3.19522865629,0.622798805888,0.345615327929,2.9360778872,1.14457273569,0.592483419307,1.87873475211,0.732388123703,0.393515106853,1.14874989484,0.524379736514,2.9,2.19068322981,1.14874989484,2.9,0.303759398496,0.297124600639,31,0.0175042348955,0.139432118553,23,23,23,1,0,0.391304347826,0.521739130435,0.0869565217391,23,86,0.169960474308,2.18154585708,7.47826086957,6.14285714286,3.90909090909,4.7277667726,0.632201370755,0.346814964611,4.26633109682,1.14099552589,0.600606673407,2.41618390526,0.646188718848,0.349848331648,1.11866833675,0.512786991443,2.78920056969,2.18154585708,1.11866833675,2.78920056969,0.362383992819,0.452188006483,93,0.0525127046866,0.206709240088,23,23,23,1,0,0.391304347826,0.565217391304,0.0434782608696,-13,-0.0256916996047,-0.00819932794435,-1.13043478261,-0.457142857143,-0.590909090909,0.127972998226,0.0978818919132,0.0552031947381,-0.0235595842302,0.144354256559,0.0595438714751,-0.498275074766,-0.0309078118645,-0.00588289364831,0.0423724917629,0.0212705116513,-0.0990595471631,-0.00819932794435,0.0423724917629,-0.0990595471631,0.0107713542496,-0.0067247621643,-28,-0.0158102766798,-0.0850560977484,0.0434782608696,-0.0434782608696,0,83,3,16,404,0.838383838384,0.992628992629,0.00737100737101,0.161616161616,0.96511627907,0.838383838384,0.897297297297,0.877705178103,0.831012831013,0.813725490196,27,40,0,23,23,23,1,0,8,0,0.0386050732335,0,0,1,3.88826011686,0,16,NaN,1,ok,2.18974518502,0,23,23,23,1,0,9,0,0.0467056277388,0,0,1,3.9,0,16,NaN,1,ok,2.19068322981,0,23,23,23,1,0,9,0,0.0389505154688,0,0,1,3.78920056969,0,16,NaN,1,ok,2.18154585708,0,0,0,0
570,WLNM_dir_neg,0.8759375,0.760422638095,00:00:00,10,60,70,510050616,fixed,validated_v2,/gpfs/scratch/acw792/wlnm_roleonly_v2_20260910/result_wlnm_dir_neg_roleonly_trophicv2_100x290_train10-90_Apocrita_20260910_011848/ecological_snapshots/Broadstone_Stream_tax_mass_K10_ratio0.6_exp70_seed510050616_threshold0.5_validated_v2.mat,role_only,2,uniform_without_replacement,uniform_remaining_nonlinks,176,0,176,407,198,198,176,22,0,22,0.111111111111,118,80,0.5,0.8125,0.65,0.722222222222,26,6,14,74,0.65,0.925,0.075,0.35,0.8125,0.65,0.722222222222,0.833333333333,0.577777777778,0.605263157895,0.612952059522,0.575,99,59,40,0,99,0,59,0,40,23,99,0.195652173913,2.18974518502,8.60869565217,6.6,4.5,4.59979377438,0.534319478842,0.291611769873,4.28989068105,0.996641269334,0.541062801932,2.91445898002,0.677096530713,0.355731225296,1.07629584498,0.491516479791,2.88826011686,2.18974518502,1.07629584498,2.88826011686,0.351612638569,0.458912768647,121,0.0683229813665,0.291765337837,23,23,23,1,0,0.347826086957,0.608695652174,0.0434782608696,23,0.116600790514,2.38669670099,5.13043478261,3.93333333333,2.68181818182,3.01969817616,0.588585237726,0.318349299926,2.76053497708,1.07614075378,0.564480471629,1.75359596664,0.683605207336,0.368459837878,1.30498039852,0.546772615881,3.65789473684,2.38669670099,1.30498039852,3.65789473684,0.282474403903,0.298076923077,31,0.0175042348955,0.136754673898,23,23,23,1,0,0.347826086957,0.608695652174,0.0434782608696,23,91,0.179841897233,4.54344075481,7.91304347826,5.6875,4.13636363636,4.31606979763,0.545437392008,0.293836598184,4.15033690713,1.04898625125,0.562828475872,2.22543684924,0.562473049808,0.311514572384,2.94905284415,0.649079189826,7.39081111741,4.54344075481,2.94905284415,7.39081111741,0.367108736674,0.452914798206,101,0.0570299265951,0.169915528192,23,23,23,1,0,0.304347826087,0.652173913043,0.0434782608696,-8,-0.0158102766798,2.35369556978,-0.695652173913,-0.9125,-0.363636363636,-0.283723976746,0.0111179131665,0.00222482831178,-0.139553773917,0.0523449819185,0.0217656739396,-0.689022130783,-0.114623480905,-0.0442166529123,1.87275699917,0.157562710035,4.50255100056,2.35369556978,1.87275699917,4.50255100056,0.0154960981048,-0.005997970441,-20,-0.0112930547713,-0.121849809644,-0.0434782608696,0.0434782608696,0,85,6,14,401,0.858585858586,0.985257985258,0.014742014742,0.141414141414,0.934065934066,0.858585858586,0.894736842105,0.871629948411,0.843843843844,0.809523809524,32,40,0,23,23,23,1,0,8,0,0.0386050732335,0,0,1,3.88826011686,0,16,NaN,1,ok,2.18974518502,0,23,23,23,1,0,8,0,0.0280125425135,0,0,1,4.65789473684,0,16,NaN,1,ok,2.38669670099,0,23,23,23,1,0,7,0,0.0141563670184,0,0,1,8.39081111741,0,16,NaN,1,ok,4.54344075481,0,0,0,0
571,WLNM_dir_neg,0.8453125,0.755771593402,00:00:00,10,60,71,510050617,fixed,validated_v2,/gpfs/scratch/acw792/wlnm_roleonly_v2_20260910/result_wlnm_dir_neg_roleonly_trophicv2_100x290_train10-90_Apocrita_20260910_011848/ecological_snapshots/Broadstone_Stream_tax_mass_K10_ratio0.6_exp71_seed510050617_threshold0.5_validated_v2.mat,role_only,2,uniform_without_replacement,uniform_remaining_nonlinks,176,0,176,407,198,198,176,22,0,22,0.111111111111,118,80,0.5,0.84375,0.675,0.75,27,5,13,75,0.675,0.9375,0.0625,0.325,0.84375,0.675,0.75,0.85,0.577777777778,0.644736842105,0.652927193839,0.6125,99,59,40,0,99,0,59,0,40,23,99,0.195652173913,2.18974518502,8.60869565217,6.6,4.5,4.59979377438,0.534319478842,0.291611769873,4.28989068105,0.996641269334,0.541062801932,2.91445898002,0.677096530713,0.355731225296,1.07629584498,0.491516479791,2.88826011686,2.18974518502,1.07629584498,2.88826011686,0.351612638569,0.458912768647,121,0.0683229813665,0.291765337837,23,23,23,1,0,0.347826086957,0.608695652174,0.0434782608696,23,0.116600790514,2.14482333996,5.13043478261,3.93333333333,3.10526315789,2.89677481828,0.564625600173,0.310980103169,2.62550578602,1.02350225557,0.551215917465,1.87873475211,0.732388123703,0.387619749447,1.07898087728,0.503062819756,3.47701525054,2.19686076451,1.07442564945,3.47701525054,0.302645502646,0.298076923077,31,0.0175042348955,0.134850202707,23,22,22,0.95652173913,0,0.304347826087,0.521739130435,0.130434782609,23,91,0.179841897233,1,7.91304347826,5.6875,4.78947368421,4.52179613828,0.571435775717,0.315336837076,3.83142817983,0.968382946552,0.528428093645,3.11124442904,0.786358482065,0.414715719064,0,0,0,NaN,NaN,NaN,0.395559743287,0.459090909091,101,0.0570299265951,0.232289407216,23,22,0,0.95652173913,7,0.260869565217,0.565217391304,0.130434782609,-8,-0.0158102766798,-1.18974518502,-0.695652173913,-0.9125,0.289473684211,-0.0779976360925,0.0371162968755,0.0237250672033,-0.458462501212,-0.0282583227825,-0.0126347082869,0.196785449016,0.109261951352,0.0589844937671,-1.07629584498,-0.491516479791,-2.88826011686,NaN,NaN,NaN,0.0439471047179,0.000178140443627,-20,-0.0112930547713,-0.0594759306209,-0.0869565217391,-0.0434782608696,0.0869565217391,86,5,13,402,0.868686868687,0.987714987715,0.012285012285,0.131313131313,0.945054945055,0.868686868687,0.905263157895,0.884601471422,0.856401856402,0.826923076923,32,40,0,23,23,23,1,0,8,0,0.0386050732335,0,0,1,3.88826011686,0,16,NaN,1,ok,2.18974518502,0,23,22,22,0.95652173913,0,7,0,0.0266174402804,0,0,1,4.47701525054,0,16,NaN,1,ok,2.19686076451,0,23,22,0,0.95652173913,7,6,3,NaN,NaN,NaN,NaN,NaN,0,0,NaN,0,basal_unreachable_in_lcc,NaN,2,0,0,0
572,WLNM_dir_neg,0.909375,0.661531652751,00:00:00,10,60,72,510050618,fixed,validated_v2,/gpfs/scratch/acw792/wlnm_roleonly_v2_20260910/result_wlnm_dir_neg_roleonly_trophicv2_100x290_train10-90_Apocrita_20260910_011848/ecological_snapshots/Broadstone_Stream_tax_mass_K10_ratio0.6_exp72_seed510050618_threshold0.5_validated_v2.mat,role_only,2,uniform_without_replacement,uniform_remaining_nonlinks,176,0,176,407,198,198,176,22,0,22,0.111111111111,118,80,0.5,0.810810810811,0.75,0.779220779221,30,7,10,73,0.75,0.9125,0.0875,0.25,0.810810810811,0.75,0.779220779221,0.858333333333,0.563888888889,0.675159235669,0.67627131024,0.6625,99,59,40,0,99,0,59,0,40,23,99,0.195652173913,2.18974518502,8.60869565217,6.6,4.5,4.59979377438,0.534319478842,0.291611769873,4.28989068105,0.996641269334,0.541062801932,2.91445898002,0.677096530713,0.355731225296,1.07629584498,0.491516479791,2.88826011686,2.18974518502,1.07629584498,2.88826011686,0.351612638569,0.458912768647,121,0.0683229813665,0.291765337837,23,23,23,1,0,0.347826086957,0.608695652174,0.0434782608696,23,0.116600790514,2.04608936446,5.13043478261,4.21428571429,2.80952380952,3.01969817616,0.588585237726,0.329403095063,2.79327255052,1.08890285868,0.579218865144,2.01868739884,0.78694593514,0.403831982314,0.981754187802,0.479819799104,2.53478712357,2.04608936446,0.981754187802,2.53478712357,0.260833333333,0.246710526316,25,0.0141163184641,0.154085596943,23,23,23,1,0,0.391304347826,0.521739130435,0.0869565217391,23,96,0.189723320158,2.63714495354,8.34782608696,6,4.17391304348,4.51873570062,0.541306880803,0.299365942029,4.00740421439,0.960107259699,0.524456521739,2.58759582893,0.619944834015,0.332427536232,1.2538803124,0.475468862913,3.24449200236,2.63714495354,1.2538803124,3.24449200236,0.319198917025,0.420268256334,94,0.0530773574252,0.20439544252,23,23,23,1,0,0.304347826087,0.695652173913,0,-3,-0.00592885375494,0.447399768518,-0.260869565217,-0.6,-0.326086956522,-0.0810580737617,0.0069874019611,0.00775417215635,-0.282486466652,-0.0365340096354,-0.0166062801932,-0.326863151091,-0.0571516966975,-0.0233036890646,0.177584467413,-0.0160476168787,0.356231885507,0.447399768518,0.177584467413,0.356231885507,-0.0324137215442,-0.0386445123135,-27,-0.0152456239413,-0.0873698953163,-0.0434782608696,0.0869565217391,-0.0434782608696,89,7,10,400,0.89898989899,0.982800982801,0.017199017199,0.10101010101,0.927083333333,0.89898989899,0.912820512821,0.89218077502,0.881790881791,0.839622641509,37,40,0,23,23,23,1,0,8,0,0.0386050732335,0,0,1,3.88826011686,0,16,NaN,1,ok,2.18974518502,0,23,23,23,1,0,9,0,0.0464825049848,0,0,1,3.53478712357,0,16,NaN,1,ok,2.04608936446,0,23,23,23,1,0,7,0,0.0384021670463,0,0,1,4.24449200236,0,16,NaN,1,ok,2.63714495354,0,0,0,0
573,WLNM_dir_neg,0.813125,0.584969792244,00:00:00,10,60,73,510050619,fixed,validated_v2,/gpfs/scratch/acw792/wlnm_roleonly_v2_20260910/result_wlnm_dir_neg_roleonly_trophicv2_100x290_train10-90_Apocrita_20260910_011848/ecological_snapshots/Broadstone_Stream_tax_mass_K10_ratio0.6_exp73_seed510050619_threshold0.5_validated_v2.mat,role_only,2,uniform_without_replacement,uniform_remaining_nonlinks,176,0,176,407,198,198,176,22,0,22,0.111111111111,118,80,0.5,0.777777777778,0.525,0.626865671642,21,6,19,74,0.525,0.925,0.075,0.475,0.777777777778,0.525,0.626865671642,0.791666666667,0.591666666667,0.489795918367,0.508000508001,0.45,99,59,40,0,99,0,59,0,40,23,99,0.195652173913,2.18974518502,8.60869565217,6.6,4.5,4.59979377438,0.534319478842,0.291611769873,4.28989068105,0.996641269334,0.541062801932,2.91445898002,0.677096530713,0.355731225296,1.07629584498,0.491516479791,2.88826011686,2.18974518502,1.07629584498,2.88826011686,0.351612638569,0.458912768647,121,0.0683229813665,0.291765337837,23,23,23,1,0,0.347826086957,0.608695652174,0.0434782608696,23,0.116600790514,1.96490625505,5.13043478261,4.21428571429,2.80952380952,2.83331395793,0.552256110444,0.308032424466,2.65990579048,1.0369124268,0.558585114223,2.04108008298,0.795675286585,0.420044215181,0.910804785296,0.463535999723,2.48048327138,1.96490625505,0.910804785296,2.48048327138,0.235714285714,0.263736263736,24,0.0135516657256,0.157733139876,23,23,23,1,0,0.391304347826,0.521739130435,0.0869565217391,23,86,0.169960474308,7.27078973705,7.47826086957,4.3,4.09523809524,4.2519467757,0.568574278146,0.315975733064,3.50606476246,0.937668482984,0.501516683519,2.91106652284,0.778541046806,0.427704752275,2.99779153164,0.412306178565,9.52563427927,7.27078973705,2.99779153164,9.52563427927,0.448451043906,0.425,85,0.0479954827781,0.150084827453,23,23,23,1,0,0.130434782609,0.782608695652,0.0869565217391,-13,-0.0256916996047,5.08104455203,-1.13043478261,-2.3,-0.404761904762,-0.347846998676,0.0342547993044,0.0243639631911,-0.783825918585,-0.0589727863502,-0.0395461184137,-0.00339245718521,0.101444516093,0.0719735269786,1.92149568665,-0.079210301226,6.63737416241,5.08104455203,1.92149568665,6.63737416241,0.0968384053364,-0.0339127686473,-36,-0.0203274985884,-0.141680510384,-0.217391304348,0.173913043478,0.0434782608696,80,6,19,401,0.808080808081,0.985257985258,0.014742014742,0.191919191919,0.93023255814,0.808080808081,0.864864864865,0.837914338885,0.793338793339,0.761904761905,27,40,0,23,23,23,1,0,8,0,0.0386050732335,0,0,1,3.88826011686,0,16,NaN,1,ok,2.18974518502,0,23,23,23,1,0,9,0,0.0408730859196,0,0,1,3.48048327138,0,16,NaN,1,ok,1.96490625505,0,23,23,23,1,0,3,0,0.0115023684651,0,0,1,10.5256342793,0,16,NaN,1,ok,7.27078973705,0,0,0,0
574,WLNM_dir_neg,0.9678125,0.889973304438,00:00:00,10,60,74,510050620,fixed,validated_v2,/gpfs/scratch/acw792/wlnm_roleonly_v2_20260910/result_wlnm_dir_neg_roleonly_trophicv2_100x290_train10-90_Apocrita_20260910_011848/ecological_snapshots/Broadstone_Stream_tax_mass_K10_ratio0.6_exp74_seed510050620_threshold0.5_validated_v2.mat,role_only,2,uniform_without_replacement,uniform_remaining_nonlinks,176,0,176,407,198,198,176,22,0,22,0.111111111111,118,80,0.5,0.868421052632,0.825,0.846153846154,33,5,7,75,0.825,0.9375,0.0625,0.175,0.868421052632,0.825,0.846153846154,0.9,0.561111111111,0.772151898734,0.772709252706,0.7625,99,59,40,0,99,0,59,0,40,23,99,0.195652173913,2.18974518502,8.60869565217,6.6,4.5,4.59979377438,0.534319478842,0.291611769873,4.28989068105,0.996641269334,0.541062801932,2.91445898002,0.677096530713,0.355731225296,1.07629584498,0.491516479791,2.88826011686,2.18974518502,1.07629584498,2.88826011686,0.351612638569,0.458912768647,121,0.0683229813665,0.291765337837,23,23,23,1,0,0.347826086957,0.608695652174,0.0434782608696,23,0.116600790514,2.17780674413,5.13043478261,3.93333333333,2.80952380952,2.61645749103,0.509987477065,0.283714075166,2.65990579048,1.0369124268,0.552689756817,1.82970655761,0.713275437712,0.353721444363,1.10312410613,0.506529842052,3.11744301288,2.17780674413,1.10312410613,3.11744301288,0.211183261183,0.254901960784,26,0.0146809712027,0.145251573823,23,23,23,1,0,0.347826086957,0.565217391304,0.0869565217391,23,97,0.191699604743,3.45914485839,8.4347826087,5.70588235294,4.40909090909,4.39861638325,0.521485447498,0.285970416853,4.18825763012,0.99309201539,0.536978933214,2.59293658968,0.61482001611,0.33168982519,1.71747986245,0.496504174517,4.65806723975,3.45914485839,1.71747986245,4.65806723975,0.323382897296,0.401351351351,99,0.055900621118,0.187505784657,23,23,23,1,0,0.260869565217,0.695652173913,0.0434782608696,-2,-0.00395256916996,1.26939967337,-0.173913043478,-0.894117647059,-0.0909090909091,-0.201177391132,-0.0128340313436,-0.00564135301921,-0.101633050924,-0.00354925394419,-0.00408386871856,-0.321522390344,-0.062276514603,-0.0240414001059,0.641184017465,0.00498769472528,1.76980712289,1.26939967337,0.641184017465,1.76980712289,-0.0282297412732,-0.0575614172959,-22,-0.0124223602484,-0.10425955318,-0.0869565217391,0.0869565217391,0,92,5,7,402,0.929292929293,0.987714987715,0.012285012285,0.0707070707071,0.948453608247,0.929292929293,0.938775510204,0.924145527312,0.917007917008,0.884615384615,38,40,0,23,23,23,1,0,8,0,0.0386050732335,0,0,1,3.88826011686,0,16,NaN,1,ok,2.18974518502,0,23,23,23,1,0,8,0,0.030212189814,0,0,1,4.11744301288,0,16,NaN,1,ok,2.17780674413,0,23,23,23,1,0,6,0,0.0178841064988,0,0,1,5.65806723975,0,16,NaN,1,ok,3.45914485839,0,0,0,0
575,WLNM_dir_neg,0.8246875,0.702033926577,00:00:00,10,60,75,510050621,fixed,validated_v2,/gpfs/scratch/acw792/wlnm_roleonly_v2_20260910/result_wlnm_dir_neg_roleonly_trophicv2_100x290_train10-90_Apocrita_20260910_011848/ecological_snapshots/Broadstone_Stream_tax_mass_K10_ratio0.6_exp75_seed510050621_threshold0.5_validated_v2.mat,role_only,2,uniform_without_replacement,uniform_remaining_nonlinks,176,0,176,407,198,198,176,22,0,22,0.111111111111,118,80,0.5,0.742857142857,0.65,0.693333333333,26,9,14,71,0.65,0.8875,0.1125,0.35,0.742857142857,0.65,0.693333333333,0.808333333333,0.569444444444,0.554838709677,0.557455202255,0.5375,99,59,40,0,99,0,59,0,40,23,99,0.195652173913,2.18974518502,8.60869565217,6.6,4.5,4.59979377438,0.534319478842,0.291611769873,4.28989068105,0.996641269334,0.541062801932,2.91445898002,0.677096530713,0.355731225296,1.07629584498,0.491516479791,2.88826011686,2.18974518502,1.07629584498,2.88826011686,0.351612638569,0.458912768647,121,0.0683229813665,0.291765337837,23,23,23,1,0,0.347826086957,0.608695652174,0.0434782608696,23,0.116600790514,2.08642394103,5.13043478261,4.53846153846,3.27777777778,3.49420751616,0.681074346371,0.371407516581,2.80949828838,1.09522814632,0.579218865144,1.87873475211,0.732388123703,0.402358142962,1.11337221163,0.533627030314,2.98279628618,2.18989288779,1.11098363522,2.98279628618,0.29626984127,0.338181818182,31,0.0175042348955,0.151972564473,23,21,21,0.913043478261,0,0.347826086957,0.434782608696,0.130434782609,23,94,0.185770750988,5.69353491669,8.17391304348,5.875,4.7,5.09591791993,0.6234367668,0.344588344126,4.0103620725,0.981258804974,0.531914893617,2.84306242502,0.695642933782,0.385753931545,3.33329930557,0.585453387805,8.35515499452,6.14053824209,3.13197112272,8.35515499452,0.444020701521,0.531746031746,134,0.0756634669678,0.203466232841,23,21,21,0.913043478261,0,0.217391304348,0.652173913043,0.0434782608696,-5,-0.0098814229249,3.50378973167,-0.434782608696,-0.725,0.2,0.496124145551,0.0891172879579,0.0529765742532,-0.279528608544,-0.0153824643601,-0.00914790831535,-0.0713965550029,0.0185464030691,0.0300227062484,2.25700346058,0.0939369080139,5.46689487767,3.95079305707,2.05567527774,5.46689487767,0.0924080629515,0.0728332630987,13,0.00734048560136,-0.0882991049955,-0.130434782609,0.0434782608696,0,85,9,14,398,0.858585858586,0.977886977887,0.022113022113,0.141414141414,0.904255319149,0.858585858586,0.880829015544,0.853206409643,0.836472836473,0.787037037037,35,40,0,23,23,23,1,0,8,0,0.0386050732335,0,0,1,3.88826011686,0,16,NaN,1,ok,2.18974518502,0,23,21,21,0.913043478261,0,8,0,0.0788981365524,0,0,1,3.98279628618,0,16,NaN,1,ok,2.18989288779,0,23,21,21,0.913043478261,0,5,0,0.0163847391811,0,0,1,9.35515499452,0,16,NaN,1,ok,6.14053824209,0,0,0,0
576,WLNM_dir_neg,0.8478125,0.670974585166,00:00:00,10,60,76,510050622,fixed,validated_v2,/gpfs/scratch/acw792/wlnm_roleonly_v2_20260910/result_wlnm_dir_neg_roleonly_trophicv2_100x290_train10-90_Apocrita_20260910_011848/ecological_snapshots/Broadstone_Stream_tax_mass_K10_ratio0.6_exp76_seed510050622_threshold0.5_validated_v2.mat,role_only,2,uniform_without_replacement,uniform_remaining_nonlinks,176,0,176,407,198,198,176,22,0,22,0.111111111111,118,80,0.5,0.84375,0.675,0.75,27,5,13,75,0.675,0.9375,0.0625,0.325,0.84375,0.675,0.75,0.85,0.577777777778,0.644736842105,0.652927193839,0.6125,99,59,40,0,99,0,59,0,40,23,99,0.195652173913,2.18974518502,8.60869565217,6.6,4.5,4.59979377438,0.534319478842,0.291611769873,4.28989068105,0.996641269334,0.541062801932,2.91445898002,0.677096530713,0.355731225296,1.07629584498,0.491516479791,2.88826011686,2.18974518502,1.07629584498,2.88826011686,0.351612638569,0.458912768647,121,0.0683229813665,0.291765337837,23,23,23,1,0,0.347826086957,0.608695652174,0.0434782608696,23,0.116600790514,2.01653016582,5.13043478261,4.21428571429,2.80952380952,2.80104441278,0.545966283847,0.30213706706,2.69386655127,1.05015136744,0.560058953574,1.90277517318,0.741759813275,0.402358142962,0.954811379794,0.473492237298,2.62959644232,2.06273608245,0.950596846987,2.62959644232,0.21746031746,0.240802675585,24,0.0135516657256,0.153620646753,23,22,22,0.95652173913,0,0.347826086957,0.565217391304,0.0434782608696,23,91,0.179841897233,2.18260615,7.91304347826,6.5,4.33333333333,4.68957299353,0.592638345336,0.327759197324,4.20474040783,1.06273658659,0.569517439083,2.94615714062,0.744633123454,0.408026755853,1.10332397468,0.505507589943,2.74718148129,2.236360975,1.09802843566,2.74718148129,0.525476639762,0.540915395284,130,0.0734048560136,0.262433195441,23,22,22,0.95652173913,0,0.347826086957,0.565217391304,0.0434782608696,-8,-0.0158102766798,-0.00713903502445,-0.695652173913,-0.1,-0.166666666667,0.0897792191544,0.0583188664946,0.0361474274518,-0.0851502732179,0.06609531726,0.0284546371503,0.0316981605968,0.067536592741,0.0522955305564,0.027028129699,0.0139911101521,-0.14107863557,0.0466157899756,0.0217325906737,-0.14107863557,0.173864001193,0.082002626637,9,0.00508187464709,-0.0293321423961,0,-0.0434782608696,0,86,5,13,402,0.868686868687,0.987714987715,0.012285012285,0.131313131313,0.945054945055,0.868686868687,0.905263157895,0.884601471422,0.856401856402,0.826923076923,32,40,0,23,23,23,1,0,8,0,0.0386050732335,0,0,1,3.88826011686,0,16,NaN,1,ok,2.18974518502,0,23,22,22,0.95652173913,0,8,0,0.0392393883769,0,0,1,3.62959644232,0,16,NaN,1,ok,2.06273608245,0,23,22,22,0.95652173913,0,8,0,0.0368068061907,0,0,1,3.74718148129,0,16,NaN,1,ok,2.236360975,0,0,0,0
577,WLNM_dir_neg,0.903125,0.840134922068,00:00:00,10,60,77,510050623,fixed,validated_v2,/gpfs/scratch/acw792/wlnm_roleonly_v2_20260910/result_wlnm_dir_neg_roleonly_trophicv2_100x290_train10-90_Apocrita_20260910_011848/ecological_snapshots/Broadstone_Stream_tax_mass_K10_ratio0.6_exp77_seed510050623_threshold0.5_validated_v2.mat,role_only,2,uniform_without_replacement,uniform_remaining_nonlinks,176,0,176,407,198,198,176,22,0,22,0.111111111111,118,80,0.5,0.866666666667,0.65,0.742857142857,26,4,14,76,0.65,0.95,0.05,0.35,0.866666666667,0.65,0.742857142857,0.85,0.583333333333,0.64,0.653197264742,0.6,99,59,40,0,99,0,59,0,40,23,99,0.195652173913,2.18974518502,8.60869565217,6.6,4.5,4.59979377438,0.534319478842,0.291611769873,4.28989068105,0.996641269334,0.541062801932,2.91445898002,0.677096530713,0.355731225296,1.07629584498,0.491516479791,2.88826011686,2.18974518502,1.07629584498,2.88826011686,0.351612638569,0.458912768647,121,0.0683229813665,0.291765337837,23,23,23,1,0,0.347826086957,0.608695652174,0.0434782608696,23,0.116600790514,2.28869206864,5.13043478261,4.21428571429,2.95,3.26558289139,0.636511919509,0.337509211496,2.65990579048,1.0369124268,0.557111274871,1.7274807447,0.673424697088,0.36109064112,1.28857042769,0.563016076015,3.47915839619,2.28869206864,1.28857042769,3.47915839619,0.229591836735,0.297945205479,29,0.0163749294184,0.136197654604,23,23,23,1,0,0.391304347826,0.478260869565,0.130434782609,23,89,0.175889328063,4.77521993476,7.73913043478,5.5625,4.45,4.74070757381,0.612563338189,0.33561309233,3.86481033083,0.998771209091,0.540302882267,2.473575767,0.63923868136,0.352711284807,2.8684216777,0.600688914204,7.49993119389,4.77521993476,2.8684216777,7.49993119389,0.381933975116,0.481651376147,105,0.0592885375494,0.18152079266,23,23,23,1,0,0.304347826087,0.565217391304,0.130434782609,-10,-0.0197628458498,2.58547474973,-0.869565217391,-1.0375,-0.05,0.140913799435,0.0782438593474,0.0440013224576,-0.425080350218,0.00212993975637,-0.000759919665635,-0.440883213023,-0.0378578493527,-0.00301994048941,1.79212583271,0.109172434413,4.61167107703,2.58547474973,1.79212583271,4.61167107703,0.0303213365466,0.0227386074995,-16,-0.00903444381705,-0.110244545176,-0.0434782608696,-0.0434782608696,0.0869565217391,85,4,14,403,0.858585858586,0.990171990172,0.00982800982801,0.141414141414,0.955056179775,0.858585858586,0.904255319149,0.884373202469,0.848757848758,0.825242718447,30,40,0,23,23,23,1,0,8,0,0.0386050732335,0,0,1,3.88826011686,0,16,NaN,1,ok,2.18974518502,0,23,23,23,1,0,9,0,0.0556762590039,0,0,1,4.47915839619,0,16,NaN,1,ok,2.28869206864,0,23,23,23,1,0,7,0,0.0182503901298,0,0,1,8.49993119389,0,16,NaN,1,ok,4.77521993476,0,0,0,0
578,WLNM_dir_neg,0.87,0.744254739195,00:00:00,10,60,78,510050624,fixed,validated_v2,/gpfs/scratch/acw792/wlnm_roleonly_v2_20260910/result_wlnm_dir_neg_roleonly_trophicv2_100x290_train10-90_Apocrita_20260910_011848/ecological_snapshots/Broadstone_Stream_tax_mass_K10_ratio0.6_exp78_seed510050624_threshold0.5_validated_v2.mat,role_only,2,uniform_without_replacement,uniform_remaining_nonlinks,176,0,176,407,198,198,176,22,0,22,0.111111111111,118,80,0.5,0.702127659574,0.825,0.758620689655,33,14,7,66,0.825,0.825,0.175,0.175,0.702127659574,0.825,0.758620689655,0.825,0.536111111111,0.622754491018,0.627737374704,0.65,99,59,40,0,99,0,59,0,40,23,99,0.195652173913,2.18974518502,8.60869565217,6.6,4.5,4.59979377438,0.534319478842,0.291611769873,4.28989068105,0.996641269334,0.541062801932,2.91445898002,0.677096530713,0.355731225296,1.07629584498,0.491516479791,2.88826011686,2.18974518502,1.07629584498,2.88826011686,0.351612638569,0.458912768647,121,0.0683229813665,0.291765337837,23,23,23,1,0,0.347826086957,0.608695652174,0.0434782608696,23,0.116600790514,1.91864014801,5.13043478261,4.21428571429,2.68181818182,2.81722538915,0.54912020297,0.302873986735,2.84167183437,1.10777037611,0.586588061901,1.85438269456,0.722894948725,0.355195283714,0.873965431639,0.455512948869,2.47375886525,1.91864014801,0.873965431639,2.47375886525,0.177633477633,0.178217821782,18,0.0101637492942,0.146684481575,23,23,23,1,0,0.391304347826,0.565217391304,0.0434782608696,23,106,0.209486166008,1,9.21739130435,5.3,4.60869565217,4.6019415047,0.499267238717,0.271534044299,3.97422525823,0.862331895654,0.470877768663,3.24372303541,0.703826696362,0.346185397867,0,0,0,48.9805857408,20.3154154724,59.8465682734,0.477490384012,0.447272727273,123,0.0694522868436,0.2157100141,23,23,23,1,0,0.130434782609,0.869565217391,0,7,0.0138339920949,-1.18974518502,0.608695652174,-1.3,0.108695652174,0.00214773031938,-0.0350522401247,-0.020077725574,-0.315665422816,-0.13430937368,-0.0701850332695,0.329264055383,0.0267301656493,-0.00954582742934,-1.07629584498,-0.491516479791,-2.88826011686,46.7908405558,19.2391196274,56.9583081566,0.125877745443,-0.0116400413746,2,0.00112930547713,-0.0760553237367,-0.217391304348,0.260869565217,-0.0434782608696,92,14,7,393,0.929292929293,0.965601965602,0.034398034398,0.0707070707071,0.867924528302,0.929292929293,0.89756097561,0.872376391743,0.894894894895,0.814159292035,47,40,0,23,23,23,1,0,8,0,0.0386050732335,0,0,1,3.88826011686,0,16,NaN,1,ok,2.18974518502,0,23,23,23,1,0,9,0,0.0412957140443,0,0,1,3.47375886525,0,16,NaN,1,ok,1.91864014801,0,23,23,23,1,0,3,0,0.000518591026259,0,0,1,60.8465682734,1,16,NaN,1,ok,NaN,3,0,0,0
579,WLNM_dir_neg,0.931875,0.754982685109,00:00:00,10,60,79,510050625,fixed,validated_v2,/gpfs/scratch/acw792/wlnm_roleonly_v2_20260910/result_wlnm_dir_neg_roleonly_trophicv2_100x290_train10-90_Apocrita_20260910_011848/ecological_snapshots/Broadstone_Stream_tax_mass_K10_ratio0.6_exp79_seed510050625_threshold0.5_validated_v2.mat,role_only,2,uniform_without_replacement,uniform_remaining_nonlinks,176,0,176,407,198,198,176,22,0,22,0.111111111111,118,80,0.5,0.851851851852,0.575,0.686567164179,23,4,17,76,0.575,0.95,0.05,0.425,0.851851851852,0.575,0.686567164179,0.825,0.591666666667,0.571428571429,0.592667259334,0.525,99,59,40,0,99,0,59,0,40,23,99,0.195652173913,2.18974518502,8.60869565217,6.6,4.5,4.59979377438,0.534319478842,0.291611769873,4.28989068105,0.996641269334,0.541062801932,2.91445898002,0.677096530713,0.355731225296,1.07629584498,0.491516479791,2.88826011686,2.18974518502,1.07629584498,2.88826011686,0.351612638569,0.458912768647,121,0.0683229813665,0.291765337837,23,23,23,1,0,0.347826086957,0.608695652174,0.0434782608696,23,0.116600790514,2.23044181305,5.13043478261,3.93333333333,2.80952380952,3.25163382466,0.633793033619,0.340456890199,2.76053497708,1.07614075378,0.560058953574,2.14954724528,0.837959095617,0.411201179071,1.12448345997,0.504152788648,3.22661122661,2.28637098637,1.11772265257,3.22661122661,0.266402116402,0.241258741259,23,0.012987012987,0.164100396958,23,22,22,0.95652173913,0,0.304347826087,0.608695652174,0.0434782608696,23,86,0.169960474308,3.60030097921,7.47826086957,5.375,4.09523809524,4.06615258419,0.543729706026,0.299797775531,3.46695296274,0.9272083505,0.506572295248,2.94212958284,0.786848609364,0.399393326593,2.04781070475,0.568788753101,5.3037936513,3.71849647826,2.01410173716,5.3037936513,0.329906204906,0.38127090301,76,0.042913608131,0.238658193658,23,22,22,0.95652173913,0,0.260869565217,0.652173913043,0.0434782608696,-13,-0.0256916996047,1.41055579418,-1.13043478261,-1.225,-0.404761904762,-0.533641190183,0.00941022718411,0.0081860056582,-0.822937718308,-0.069432918834,-0.0344905066846,0.0276706028141,0.109752078651,0.0436621012961,0.97151485977,0.0772722733101,2.41553353444,1.52875129324,0.937805892181,2.41553353444,-0.021706433663,-0.0776418656372,-45,-0.0254093732355,-0.0531071441786,-0.0869565217391,0.0434782608696,0,82,4,17,403,0.828282828283,0.990171990172,0.00982800982801,0.171717171717,0.953488372093,0.828282828283,0.886486486486,0.86444156503,0.818454818455,0.796116504854,27,40,0,23,23,23,1,0,8,0,0.0386050732335,0,0,1,3.88826011686,0,16,NaN,1,ok,2.18974518502,0,23,22,22,0.95652173913,0,7,0,0.0311198428918,0,0,1,4.22661122661,0,16,NaN,1,ok,2.28637098637,0,23,22,22,0.95652173913,0,6,0,0.0197604872557,0,0,1,6.3037936513,0,16,NaN,1,ok,3.71849647826,0,0,0,0
580,WLNM_dir_neg,0.87421875,0.633406161108,00:00:00,10,60,80,510050626,fixed,validated_v2,/gpfs/scratch/acw792/wlnm_roleonly_v2_20260910/result_wlnm_dir_neg_roleonly_trophicv2_100x290_train10-90_Apocrita_20260910_011848/ecological_snapshots/Broadstone_Stream_tax_mass_K10_ratio0.6_exp80_seed510050626_threshold0.5_validated_v2.mat,role_only,2,uniform_without_replacement,uniform_remaining_nonlinks,176,0,176,407,198,198,176,22,0,22,0.111111111111,118,80,0.5,0.764705882353,0.65,0.702702702703,26,8,14,72,0.65,0.9,0.1,0.35,0.764705882353,0.65,0.702702702703,0.816666666667,0.572222222222,0.571428571429,0.575372359063,0.55,99,59,40,0,99,0,59,0,40,23,99,0.195652173913,2.18974518502,8.60869565217,6.6,4.5,4.59979377438,0.534319478842,0.291611769873,4.28989068105,0.996641269334,0.541062801932,2.91445898002,0.677096530713,0.355731225296,1.07629584498,0.491516479791,2.88826011686,2.18974518502,1.07629584498,2.88826011686,0.351612638569,0.458912768647,121,0.0683229813665,0.291765337837,23,23,23,1,0,0.347826086957,0.608695652174,0.0434782608696,23,0.116600790514,2.16754980056,5.13043478261,3.93333333333,3.27777777778,2.98944123429,0.582687698209,0.320560058954,2.40881122994,0.939028106588,0.509948415623,2.48314476121,0.96800558488,0.512896094326,1.04518213355,0.482195211052,2.84422921711,2.16754980056,1.04518213355,2.84422921711,0.260770975057,0.30303030303,30,0.016939582157,0.20067271353,23,23,23,1,0,0.347826086957,0.434782608696,0.217391304348,23,93,0.183794466403,12.1673425964,8.08695652174,4.89473684211,4.65,4.5518532038,0.562863568212,0.302945301543,3.39087359178,0.838603146354,0.463768115942,3.21188504365,0.794337161332,0.424497428705,7.09929928497,0.583471635545,17.5777927992,12.1673425964,7.09929928497,17.5777927992,0.382397795441,0.437025796662,96,0.0542066629023,0.191784075917,23,23,23,1,0,0.173913043478,0.695652173913,0.130434782609,-6,-0.0118577075099,9.97759741141,-0.521739130435,-1.70526315789,0.15,-0.0479405705784,0.0285440893699,0.0113335316701,-0.89901708927,-0.158038122981,-0.0772946859903,0.297426063622,0.117240630619,0.0687662034086,6.02300343999,0.0919551557534,14.6895326823,9.97759741141,6.02300343999,14.6895326823,0.0307851568721,-0.0218869719857,-25,-0.0141163184641,-0.0999812619196,-0.173913043478,0.0869565217391,0.0869565217391,85,8,14,399,0.858585858586,0.980343980344,0.019656019656,0.141414141414,0.913978494624,0.858585858586,0.885416666667,0.85925871055,0.83892983893,0.794392523364,34,40,0,23,23,23,1,0,8,0,0.0386050732335,0,0,1,3.88826011686,0,16,NaN,1,ok,2.18974518502,0,23,23,23,1,0,8,0,0.0370031334885,0,0,1,3.84422921711,0,16,NaN,1,ok,2.16754980056,0,23,23,23,1,0,4,0,0.00526944685284,0,0,1,18.5777927992,0,16,NaN,1,ok,12.1673425964,0,0,0,0
581,WLNM_dir_neg,0.82328125,0.758286232841,00:00:00,10,60,81,510050627,fixed,validated_v2,/gpfs/scratch/acw792/wlnm_roleonly_v2_20260910/result_wlnm_dir_neg_roleonly_trophicv2_100x290_train10-90_Apocrita_20260910_011848/ecological_snapshots/Broadstone_Stream_tax_mass_K10_ratio0.6_exp81_seed510050627_threshold0.5_validated_v2.mat,role_only,2,uniform_without_replacement,uniform_remaining_nonlinks,176,0,176,407,198,198,176,22,0,22,0.111111111111,118,80,0.5,0.875,0.525,0.65625,21,3,19,77,0.525,0.9625,0.0375,0.475,0.875,0.525,0.65625,0.816666666667,0.6,0.541666666667,0.574524259714,0.4875,99,59,40,0,99,0,59,0,40,23,99,0.195652173913,2.18974518502,8.60869565217,6.6,4.5,4.59979377438,0.534319478842,0.291611769873,4.28989068105,0.996641269334,0.541062801932,2.91445898002,0.677096530713,0.355731225296,1.07629584498,0.491516479791,2.88826011686,2.18974518502,1.07629584498,2.88826011686,0.351612638569,0.458912768647,121,0.0683229813665,0.291765337837,23,23,23,1,0,0.347826086957,0.608695652174,0.0434782608696,23,0.116600790514,2.15866257186,5.13043478261,4.21428571429,3.47058823529,3.38854149137,0.660478426284,0.360353721444,2.80949828838,1.09522814632,0.570375829035,2.25279799677,0.878209388569,0.476050110538,1.16798797191,0.541070191856,2.94879703886,2.26901138823,1.16343452454,2.94879703886,0.340952380952,0.407665505226,39,0.0220214568041,0.186748812848,23,21,21,0.913043478261,0,0.304347826087,0.434782608696,0.173913043478,23,83,0.164031620553,4.40224311868,7.21739130435,5.53333333333,3.95238095238,4.27419872064,0.592208256475,0.328444211629,3.83452178404,1.0625783257,0.563645887899,2.48155249124,0.68765912408,0.371922472499,3.00159773197,0.681833704102,7.4343283144,4.40224311868,3.00159773197,7.4343283144,0.407575757576,0.493150684932,96,0.0542066629023,0.20230896088,23,23,23,1,0,0.347826086957,0.565217391304,0.0869565217391,-16,-0.0316205533597,2.21249793365,-1.39130434783,-1.06666666667,-0.547619047619,-0.325595053733,0.057888777633,0.0368324417565,-0.45536889701,0.0659370563627,0.0225830859671,-0.432906488781,0.0105625933669,0.0161912472022,1.92530188698,0.190317224311,4.54606819754,2.21249793365,1.92530188698,4.54606819754,0.0559631190066,0.0342379162842,-25,-0.0141163184641,-0.0894563769564,0,-0.0434782608696,0.0434782608696,80,3,19,404,0.808080808081,0.992628992629,0.00737100737101,0.191919191919,0.963855421687,0.808080808081,0.879120879121,0.857789481262,0.80070980071,0.78431372549,24,40,0,23,23,23,1,0,8,0,0.0386050732335,0,0,1,3.88826011686,0,16,NaN,1,ok,2.18974518502,0,23,21,21,0.913043478261,0,7,0,0.041615593265,0,0,1,3.94879703886,0,16,NaN,1,ok,2.26901138823,0,23,23,23,1,0,8,0,0.0205198847562,0,0,1,8.4343283144,0,16,NaN,1,ok,4.40224311868,0,0,0,0
582,WLNM_dir_neg,0.88,0.754152093304,00:00:00,10,60,82,510050628,fixed,validated_v2,/gpfs/scratch/acw792/wlnm_roleonly_v2_20260910/result_wlnm_dir_neg_roleonly_trophicv2_100x290_train10-90_Apocrita_20260910_011848/ecological_snapshots/Broadstone_Stream_tax_mass_K10_ratio0.6_exp82_seed510050628_threshold0.5_validated_v2.mat,role_only,2,uniform_without_replacement,uniform_remaining_nonlinks,176,0,176,407,198,198,176,22,0,22,0.111111111111,118,80,0.5,0.777777777778,0.525,0.626865671642,21,6,19,74,0.525,0.925,0.075,0.475,0.777777777778,0.525,0.626865671642,0.791666666667,0.591666666667,0.489795918367,0.508000508001,0.45,99,59,40,0,99,0,59,0,40,23,99,0.195652173913,2.18974518502,8.60869565217,6.6,4.5,4.59979377438,0.534319478842,0.291611769873,4.28989068105,0.996641269334,0.541062801932,2.91445898002,0.677096530713,0.355731225296,1.07629584498,0.491516479791,2.88826011686,2.18974518502,1.07629584498,2.88826011686,0.351612638569,0.458912768647,121,0.0683229813665,0.291765337837,23,23,23,1,0,0.347826086957,0.608695652174,0.0434782608696,23,0.116600790514,2.26439918339,5.13043478261,3.93333333333,2.80952380952,3.38854149137,0.660478426284,0.35593220339,2.95151866852,1.15059202332,0.579218865144,2.12829609518,0.82967474897,0.427413411938,1.19524118606,0.527840318452,3.59501100514,2.26439918339,1.19524118606,3.59501100514,0.342664835165,0.326283987915,36,0.0203274985884,0.155333608191,23,23,23,1,0,0.347826086957,0.565217391304,0.0869565217391,23,86,0.169960474308,1,7.47826086957,5.05882352941,3.90909090909,4.39906565717,0.588247151831,0.319009100101,3.82833207575,1.02385625282,0.543983822042,2.64948350549,0.708582797979,0.372093023256,0,0,0,NaN,NaN,NaN,0.403696303696,0.461148648649,91,0.0513833992095,0.187880546261,23,23,0,1,7,0.260869565217,0.695652173913,0.0434782608696,-13,-0.0256916996047,-1.18974518502,-1.13043478261,-1.54117647059,-0.590909090909,-0.200728117203,0.0539276729896,0.0273973302285,-0.461558605298,0.0272149834826,0.0029210201101,-0.264975474537,0.0314862672664,0.0163617979594,-1.07629584498,-0.491516479791,-2.88826011686,NaN,NaN,NaN,0.0520836651271,0.00223588000137,-30,-0.016939582157,-0.103884791576,-0.0869565217391,0.0869565217391,0,80,6,19,401,0.808080808081,0.985257985258,0.014742014742,0.191919191919,0.93023255814,0.808080808081,0.864864864865,0.837914338885,0.793338793339,0.761904761905,27,40,0,23,23,23,1,0,8,0,0.0386050732335,0,0,1,3.88826011686,0,16,NaN,1,ok,2.18974518502,0,23,23,23,1,0,8,0,0.0268808129063,0,0,1,4.59501100514,0,16,NaN,1,ok,2.26439918339,0,23,23,0,1,7,6,2,NaN,NaN,NaN,NaN,NaN,0,0,NaN,0,basal_unreachable_in_lcc,NaN,2,0,0,0
583,WLNM_dir_neg,0.8921875,0.673429514034,00:00:00,10,60,83,510050629,fixed,validated_v2,/gpfs/scratch/acw792/wlnm_roleonly_v2_20260910/result_wlnm_dir_neg_roleonly_trophicv2_100x290_train10-90_Apocrita_20260910_011848/ecological_snapshots/Broadstone_Stream_tax_mass_K10_ratio0.6_exp83_seed510050629_threshold0.5_validated_v2.mat,role_only,2,uniform_without_replacement,uniform_remaining_nonlinks,176,0,176,407,198,198,176,22,0,22,0.111111111111,118,80,0.5,0.787878787879,0.65,0.712328767123,26,7,14,73,0.65,0.9125,0.0875,0.35,0.787878787879,0.65,0.712328767123,0.825,0.575,0.588235294118,0.593855686849,0.5625,99,59,40,0,99,0,59,0,40,23,99,0.195652173913,2.18974518502,8.60869565217,6.6,4.5,4.59979377438,0.534319478842,0.291611769873,4.28989068105,0.996641269334,0.541062801932,2.91445898002,0.677096530713,0.355731225296,1.07629584498,0.491516479791,2.88826011686,2.18974518502,1.07629584498,2.88826011686,0.351612638569,0.458912768647,121,0.0683229813665,0.291765337837,23,23,23,1,0,0.347826086957,0.608695652174,0.0434782608696,23,0.116600790514,2.25256001923,5.13043478261,3.93333333333,2.68181818182,2.81722538915,0.54912020297,0.304347826087,2.71068738274,1.05670864073,0.549742078113,1.47173635721,0.573727732472,0.305084745763,1.21429088006,0.539071487416,3.43331029717,2.25256001923,1.21429088006,3.43331029717,0.202453102453,0.246575342466,24,0.0135516657256,0.128253439682,23,23,23,1,0,0.347826086957,0.608695652174,0.0434782608696,23,92,0.181818181818,3.48020483106,8,5.75,4.18181818182,4.77683805652,0.597104757065,0.331758034026,4.07876986803,1.01969246701,0.54347826087,2.44948974278,0.612372435696,0.328922495274,2.07882315146,0.59732781614,5.49057479042,3.48020483106,2.07882315146,5.49057479042,0.437012745708,0.496987951807,110,0.0621118012422,0.196307581308,23,23,23,1,0,0.304347826087,0.652173913043,0.0434782608696,-7,-0.0138339920949,1.29045964604,-0.608695652174,-0.85,-0.318181818182,0.177044282139,0.0627852782227,0.0401462641538,-0.211120813016,0.0230511976737,0.0024154589372,-0.464969237241,-0.064724095017,-0.0268087300223,1.00252730648,0.105811336349,2.60231467357,1.29045964604,1.00252730648,2.60231467357,0.0854001071392,0.0380751831599,-11,-0.00621118012422,-0.0954577565292,-0.0434782608696,0.0434782608696,0,85,7,14,400,0.858585858586,0.982800982801,0.017199017199,0.141414141414,0.923913043478,0.858585858586,0.890052356021,0.865399088426,0.841386841387,0.801886792453,33,40,0,23,23,23,1,0,8,0,0.0386050732335,0,0,1,3.88826011686,0,16,NaN,1,ok,2.18974518502,0,23,23,23,1,0,8,0,0.0428579658283,0,0,1,4.43331029717,0,16,NaN,1,ok,2.25256001923,0,23,23,23,1,0,7,0,0.0280754544076,0,0,1,6.49057479042,0,16,NaN,1,ok,3.48020483106,0,0,0,0
584,WLNM_dir_neg,0.868125,0.6651603957,00:00:00,10,60,84,510050630,fixed,validated_v2,/gpfs/scratch/acw792/wlnm_roleonly_v2_20260910/result_wlnm_dir_neg_roleonly_trophicv2_100x290_train10-90_Apocrita_20260910_011848/ecological_snapshots/Broadstone_Stream_tax_mass_K10_ratio0.6_exp84_seed510050630_threshold0.5_validated_v2.mat,role_only,2,uniform_without_replacement,uniform_remaining_nonlinks,176,0,176,407,198,198,176,22,0,22,0.111111111111,118,80,0.5,0.818181818182,0.675,0.739726027397,27,6,13,74,0.675,0.925,0.075,0.325,0.818181818182,0.675,0.739726027397,0.841666666667,0.575,0.627450980392,0.633446065972,0.6,99,59,40,0,99,0,59,0,40,23,99,0.195652173913,2.18974518502,8.60869565217,6.6,4.5,4.59979377438,0.534319478842,0.291611769873,4.28989068105,0.996641269334,0.541062801932,2.91445898002,0.677096530713,0.355731225296,1.07629584498,0.491516479791,2.88826011686,2.18974518502,1.07629584498,2.88826011686,0.351612638569,0.458912768647,121,0.0683229813665,0.291765337837,23,23,23,1,0,0.347826086957,0.608695652174,0.0434782608696,23,0.116600790514,2.09106545628,5.13043478261,3.93333333333,2.95,3.10870256225,0.605933550269,0.329403095063,2.50138301666,0.975115413275,0.529108327192,2.40881122994,0.939028106588,0.478997789241,0.982979628136,0.470085537104,2.82857142857,2.14065934066,0.976215795847,2.82857142857,0.267878028404,0.294117647059,30,0.016939582157,0.198719957291,23,22,22,0.95652173913,0,0.304347826087,0.565217391304,0.0869565217391,23,92,0.181818181818,2.76394601167,8,5.11111111111,4.18181818182,3.98862017609,0.498577522011,0.271739130435,3.81385035698,0.953462589246,0.514177693762,2.81231059968,0.703077649921,0.369565217391,1.20895776971,0.437402816337,3.4660026576,2.76394601167,1.20895776971,3.4660026576,0.33280101541,0.41393442623,101,0.0570299265951,0.201028480722,23,23,23,1,0,0.217391304348,0.739130434783,0.0434782608696,-7,-0.0138339920949,0.574200826649,-0.608695652174,-1.48888888889,-0.318181818182,-0.61117359829,-0.0357419568309,-0.0198726394379,-0.476040324065,-0.0431786800886,-0.0268851081706,-0.102148380341,0.0259811192081,0.0138339920949,0.132661924726,-0.0541136634544,0.577742540743,0.574200826649,0.132661924726,0.577742540743,-0.0188116231594,-0.0449783424178,-20,-0.0112930547713,-0.090736857115,-0.130434782609,0.130434782609,0,86,6,13,401,0.868686868687,0.985257985258,0.014742014742,0.131313131313,0.934782608696,0.868686868687,0.900523560209,0.878315492731,0.853944853945,0.819047619048,33,40,0,23,23,23,1,0,8,0,0.0386050732335,0,0,1,3.88826011686,0,16,NaN,1,ok,2.18974518502,0,23,22,22,0.95652173913,0,7,0,0.0327014438137,0,0,1,3.82857142857,0,16,NaN,1,ok,2.14065934066,0,23,23,23,1,0,5,0,0.028448613039,0,0,1,4.4660026576,0,16,NaN,1,ok,2.76394601167,0,0,0,0
585,WLNM_dir_neg,0.9,0.760882858291,00:00:00,10,60,85,510050631,fixed,validated_v2,/gpfs/scratch/acw792/wlnm_roleonly_v2_20260910/result_wlnm_dir_neg_roleonly_trophicv2_100x290_train10-90_Apocrita_20260910_011848/ecological_snapshots/Broadstone_Stream_tax_mass_K10_ratio0.6_exp85_seed510050631_threshold0.5_validated_v2.mat,role_only,2,uniform_without_replacement,uniform_remaining_nonlinks,176,0,176,407,198,198,176,22,0,22,0.111111111111,118,80,0.5,0.896551724138,0.65,0.753623188406,26,3,14,77,0.65,0.9625,0.0375,0.35,0.896551724138,0.65,0.753623188406,0.858333333333,0.586111111111,0.657718120805,0.674468058401,0.6125,99,59,40,0,99,0,59,0,40,23,99,0.195652173913,2.18974518502,8.60869565217,6.6,4.5,4.59979377438,0.534319478842,0.291611769873,4.28989068105,0.996641269334,0.541062801932,2.91445898002,0.677096530713,0.355731225296,1.07629584498,0.491516479791,2.88826011686,2.18974518502,1.07629584498,2.88826011686,0.351612638569,0.458912768647,121,0.0683229813665,0.291765337837,23,23,23,1,0,0.347826086957,0.608695652174,0.0434782608696,23,0.116600790514,2.11169438019,5.13043478261,4.21428571429,2.68181818182,2.8810406552,0.561558771776,0.31245394252,2.67694002644,1.04355289166,0.561532792926,1.87873475211,0.732388123703,0.386145910096,1.08813103048,0.515288121564,2.80911778081,2.11169438019,1.08813103048,2.80911778081,0.24630952381,0.304347826087,28,0.0158102766798,0.147743129886,23,23,23,1,0,0.391304347826,0.565217391304,0.0434782608696,23,88,0.173913043478,2.20336166835,7.65217391304,5.86666666667,4,4.6280635618,0.604803760916,0.330533596838,4.04128887983,1.05624595723,0.566205533597,2.91784749295,0.762619231111,0.398221343874,1.08536955637,0.492597094686,2.9220636663,2.20336166835,1.08536955637,2.9220636663,0.434206614641,0.489329268293,107,0.0604178430265,0.252432418966,23,23,23,1,0,0.347826086957,0.608695652174,0.0434782608696,-11,-0.0217391304348,0.0136164833299,-0.95652173913,-0.733333333333,-0.5,0.028269787418,0.0704842820746,0.0389218269653,-0.248601801212,0.0596046878954,0.0251427316645,0.00338851292218,0.0855227003983,0.0424901185771,0.00907371139105,0.00108061489488,0.0338035494429,0.0136164833299,0.00907371139105,0.0338035494429,0.0825939760722,0.0304164996454,-14,-0.00790513833992,-0.0393329188707,0,0,0,85,3,14,404,0.858585858586,0.992628992629,0.00737100737101,0.141414141414,0.965909090909,0.858585858586,0.909090909091,0.890890888261,0.851214851215,0.833333333333,29,40,0,23,23,23,1,0,8,0,0.0386050732335,0,0,1,3.88826011686,0,16,NaN,1,ok,2.18974518502,0,23,23,23,1,0,9,0,0.0407892836653,0,0,1,3.80911778081,0,16,NaN,1,ok,2.11169438019,0,23,23,23,1,0,8,0,0.0200292743189,0,0,1,3.9220636663,0,16,NaN,1,ok,2.20336166835,0,0,0,0
586,WLNM_dir_neg,0.80890625,0.726555294282,00:00:00,10,60,86,510050632,fixed,validated_v2,/gpfs/scratch/acw792/wlnm_roleonly_v2_20260910/result_wlnm_dir_neg_roleonly_trophicv2_100x290_train10-90_Apocrita_20260910_011848/ecological_snapshots/Broadstone_Stream_tax_mass_K10_ratio0.6_exp86_seed510050632_threshold0.5_validated_v2.mat,role_only,2,uniform_without_replacement,uniform_remaining_nonlinks,176,0,176,407,198,198,176,22,0,22,0.111111111111,118,80,0.5,0.791666666667,0.475,0.59375,19,5,21,75,0.475,0.9375,0.0625,0.525,0.791666666667,0.475,0.59375,0.783333333333,0.6,0.458333333333,0.486135912066,0.4125,99,59,40,0,99,0,59,0,40,23,99,0.195652173913,2.18974518502,8.60869565217,6.6,4.5,4.59979377438,0.534319478842,0.291611769873,4.28989068105,0.996641269334,0.541062801932,2.91445898002,0.677096530713,0.355731225296,1.07629584498,0.491516479791,2.88826011686,2.18974518502,1.07629584498,2.88826011686,0.351612638569,0.458912768647,121,0.0683229813665,0.291765337837,23,23,23,1,0,0.347826086957,0.608695652174,0.0434782608696,23,0.116600790514,2.05151589877,5.13043478261,3.93333333333,2.95,3.06452351073,0.59732237921,0.330140014738,2.79327255052,1.08890285868,0.576271186441,2.25279799677,0.878209388569,0.453942520265,0.943991381553,0.460143341867,2.59044776119,2.05151589877,0.943991381553,2.59044776119,0.299433621934,0.397476340694,42,0.0237154150198,0.1771001221,23,23,23,1,0,0.347826086957,0.521739130435,0.130434782609,23,83,0.164031620553,2.12602733011,7.21739130435,5.53333333333,3.77272727273,4.30598443753,0.596612301586,0.321110529073,3.95128437617,1.09493422472,0.574122577266,2.6239999036,0.727132503406,0.371922472499,0.995842970448,0.468405535689,2.7174257719,2.12602733011,0.995842970448,2.7174257719,0.339426515513,0.430107526882,80,0.0451722190853,0.263352123085,23,23,23,1,0,0.347826086957,0.608695652174,0.0434782608696,-16,-0.0316205533597,-0.063717854919,-1.39130434783,-1.06666666667,-0.727272727273,-0.293809336843,0.0622928227442,0.0294987592002,-0.33860630488,0.0982929553869,0.0330597753332,-0.290459076429,0.0500359726933,0.0161912472022,-0.0804528745349,-0.0231109441019,-0.170834344954,-0.063717854919,-0.0804528745349,-0.170834344954,-0.0121861230557,-0.0288052417656,-41,-0.0231507622812,-0.0284132147522,0,0,0,78,5,21,402,0.787878787879,0.987714987715,0.012285012285,0.212121212121,0.939759036145,0.787878787879,0.857142857143,0.830883026344,0.775593775594,0.75,24,40,0,23,23,23,1,0,8,0,0.0386050732335,0,0,1,3.88826011686,0,16,NaN,1,ok,2.18974518502,0,23,23,23,1,0,8,0,0.0256568925402,0,0,1,3.59044776119,0,16,NaN,1,ok,2.05151589877,0,23,23,23,1,0,8,0,0.0325623932508,0,0,1,3.7174257719,0,16,NaN,1,ok,2.12602733011,0,0,0,0
587,WLNM_dir_neg,0.85625,0.757281273321,00:00:00,10,60,87,510050633,fixed,validated_v2,/gpfs/scratch/acw792/wlnm_roleonly_v2_20260910/result_wlnm_dir_neg_roleonly_trophicv2_100x290_train10-90_Apocrita_20260910_011848/ecological_snapshots/Broadstone_Stream_tax_mass_K10_ratio0.6_exp87_seed510050633_threshold0.5_validated_v2.mat,role_only,2,uniform_without_replacement,uniform_remaining_nonlinks,176,0,176,407,198,198,176,22,0,22,0.111111111111,118,80,0.5,0.688888888889,0.775,0.729411764706,31,14,9,66,0.775,0.825,0.175,0.225,0.688888888889,0.775,0.729411764706,0.808333333333,0.541666666667,0.581818181818,0.584237394672,0.6,99,59,40,0,99,0,59,0,40,23,99,0.195652173913,2.18974518502,8.60869565217,6.6,4.5,4.59979377438,0.534319478842,0.291611769873,4.28989068105,0.996641269334,0.541062801932,2.91445898002,0.677096530713,0.355731225296,1.07629584498,0.491516479791,2.88826011686,2.18974518502,1.07629584498,2.88826011686,0.351612638569,0.458912768647,121,0.0683229813665,0.291765337837,23,23,23,1,0,0.347826086957,0.608695652174,0.0434782608696,23,0.116600790514,2.12779588784,5.13043478261,3.93333333333,2.95,3.04965494063,0.594424268089,0.324244657332,2.50138301666,0.975115413275,0.529108327192,2.27288537,0.88604005949,0.461311717023,1.00954289927,0.474454765628,2.83544303797,2.17905933729,1.00219171173,2.83544303797,0.300264550265,0.34375,33,0.0186335403727,0.160885384457,23,22,22,0.95652173913,0,0.304347826087,0.565217391304,0.0869565217391,23,104,0.205533596838,6.45539305477,9.04347826087,6.11764705882,4.72727272727,4.85684391414,0.537054855891,0.29347826087,4.04373325729,0.89428716267,0.494147157191,3.01314642581,0.666368921094,0.367892976589,3.70345329911,0.573699117573,9.70219547938,6.45539305477,3.70345329911,9.70219547938,0.417784488239,0.502358490566,142,0.0801806888763,0.213627845386,23,23,23,1,0,0.260869565217,0.695652173913,0.0434782608696,5,0.0098814229249,4.26564786975,0.434782608696,-0.482352941176,0.227272727273,0.257050139763,0.00273537704876,0.00186649099693,-0.246157423756,-0.102354106664,-0.0469156447417,0.0986874457902,-0.0107276096191,0.0121617512922,2.62715745413,0.082182637782,6.81393536253,4.26564786975,2.62715745413,6.81393536253,0.0661718496699,0.0434457219188,21,0.0118577075099,-0.0781374924507,-0.0869565217391,0.0869565217391,0,90,14,9,393,0.909090909091,0.965601965602,0.034398034398,0.0909090909091,0.865384615385,0.909090909091,0.886699507389,0.858698480636,0.874692874693,0.796460176991,45,40,0,23,23,23,1,0,8,0,0.0386050732335,0,0,1,3.88826011686,0,16,NaN,1,ok,2.18974518502,0,23,22,22,0.95652173913,0,7,0,0.0325877816795,0,0,1,3.83544303797,0,16,NaN,1,ok,2.17905933729,0,23,23,23,1,0,6,0,0.0134481329697,0,0,1,10.7021954794,0,16,NaN,1,ok,6.45539305477,0,0,0,0
588,WLNM_dir_neg,0.85359375,0.749894491821,00:00:00,10,60,88,510050634,fixed,validated_v2,/gpfs/scratch/acw792/wlnm_roleonly_v2_20260910/result_wlnm_dir_neg_roleonly_trophicv2_100x290_train10-90_Apocrita_20260910_011848/ecological_snapshots/Broadstone_Stream_tax_mass_K10_ratio0.6_exp88_seed510050634_threshold0.5_validated_v2.mat,role_only,2,uniform_without_replacement,uniform_remaining_nonlinks,176,0,176,407,198,198,176,22,0,22,0.111111111111,118,80,0.5,0.766666666667,0.575,0.657142857143,23,7,17,73,0.575,0.9125,0.0875,0.425,0.766666666667,0.575,0.657142857143,0.8,0.583333333333,0.52,0.530722777603,0.4875,99,59,40,0,99,0,59,0,40,23,99,0.195652173913,2.18974518502,8.60869565217,6.6,4.5,4.59979377438,0.534319478842,0.291611769873,4.28989068105,0.996641269334,0.541062801932,2.91445898002,0.677096530713,0.355731225296,1.07629584498,0.491516479791,2.88826011686,2.18974518502,1.07629584498,2.88826011686,0.351612638569,0.458912768647,121,0.0683229813665,0.291765337837,23,23,23,1,0,0.347826086957,0.608695652174,0.0434782608696,23,0.116600790514,2.08039466038,5.13043478261,4.21428571429,2.95,3.45496148941,0.673424697088,0.369933677229,2.9360778872,1.14457273569,0.59543109801,2.04108008298,0.795675286585,0.422991893884,1.05513607232,0.507180725086,2.961451041,2.18328938994,1.04728286072,2.961451041,0.226900584795,0.269896193772,26,0.0146809712027,0.172715013924,23,21,21,0.913043478261,0,0.304347826087,0.565217391304,0.0434782608696,23,89,0.175889328063,5.09160651991,7.73913043478,4.68421052632,4.45,4.80735602351,0.621175216521,0.341963849536,4.00345700416,1.03460124827,0.541279921837,2.71869533928,0.702584188803,0.386907669761,2.2421394168,0.440359915487,6.3231873125,5.27758863445,2.10550245185,6.3231873125,0.371564824065,0.450479233227,94,0.0530773574252,0.152996037426,23,22,22,0.95652173913,0,0.130434782609,0.739130434783,0.0869565217391,-10,-0.0197628458498,2.90186133488,-0.869565217391,-1.91578947368,-0.05,0.207562249131,0.0868557376789,0.0503520796633,-0.286433676883,0.0379599789329,0.000217119904467,-0.195763640744,0.0254876580901,0.0311764444642,1.16584357182,-0.0511565643043,3.43492719565,3.08784344942,1.02920660687,3.43492719565,0.0199521854957,-0.00843353542044,-27,-0.0152456239413,-0.138769300411,-0.217391304348,0.130434782609,0.0434782608696,82,7,17,400,0.828282828283,0.982800982801,0.017199017199,0.171717171717,0.921348314607,0.828282828283,0.872340425532,0.84511829673,0.811083811084,0.77358490566,30,40,0,23,23,23,1,0,8,0,0.0386050732335,0,0,1,3.88826011686,0,16,NaN,1,ok,2.18974518502,0,23,21,21,0.913043478261,0,7,0,0.0242202440499,0,0,1,3.961451041,0,16,NaN,1,ok,2.18328938994,0,23,22,22,0.95652173913,0,3,0,0.0130888853118,0,0,1,7.3231873125,0,16,NaN,1,ok,5.27758863445,0,0,0,0
589,WLNM_dir_neg,0.8640625,0.581210765886,00:00:00,10,60,89,510050635,fixed,validated_v2,/gpfs/scratch/acw792/wlnm_roleonly_v2_20260910/result_wlnm_dir_neg_roleonly_trophicv2_100x290_train10-90_Apocrita_20260910_011848/ecological_snapshots/Broadstone_Stream_tax_mass_K10_ratio0.6_exp89_seed510050635_threshold0.5_validated_v2.mat,role_only,2,uniform_without_replacement,uniform_remaining_nonlinks,176,0,176,407,198,198,176,22,0,22,0.111111111111,118,80,0.5,0.75,0.825,0.785714285714,33,11,7,69,0.825,0.8625,0.1375,0.175,0.75,0.825,0.785714285714,0.85,0.544444444444,0.670731707317,0.672534483561,0.6875,99,59,40,0,99,0,59,0,40,23,99,0.195652173913,2.18974518502,8.60869565217,6.6,4.5,4.59979377438,0.534319478842,0.291611769873,4.28989068105,0.996641269334,0.541062801932,2.91445898002,0.677096530713,0.355731225296,1.07629584498,0.491516479791,2.88826011686,2.18974518502,1.07629584498,2.88826011686,0.351612638569,0.458912768647,121,0.0683229813665,0.291765337837,23,23,23,1,0,0.347826086957,0.608695652174,0.0434782608696,23,0.116600790514,2.17937148538,5.13043478261,3.93333333333,2.95,2.94347271442,0.573727732472,0.321296978629,2.57304359848,1.00305089432,0.532056005895,2.01868739884,0.78694593514,0.42888725129,1.11947078941,0.513666805738,3.05785426584,2.17937148538,1.11947078941,3.05785426584,0.332579365079,0.383838383838,38,0.0214568040655,0.172567855425,23,23,23,1,0,0.347826086957,0.521739130435,0.130434782609,23,103,0.203557312253,3.45444806127,8.95652173913,6.05882352941,4.68181818182,4.76233576066,0.531717099491,0.295905445336,4.0995516963,0.915433873932,0.502321654707,3.28729738701,0.734056698071,0.388349514563,1.75563798007,0.508225322521,4.55392080809,3.45444806127,1.75563798007,4.55392080809,0.477413890457,0.533568904594,151,0.0852625635234,0.244173283344,23,23,23,1,0,0.260869565217,0.695652173913,0.0434782608696,4,0.00790513833992,1.26470287624,0.347826086957,-0.541176470588,0.181818181818,0.16254198628,-0.00260237935095,0.00429367546295,-0.190338984743,-0.0812073954022,-0.0387411472257,0.37283840699,0.0569601673584,0.0326182892667,0.679342135089,0.0167088427302,1.66566069123,1.26470287624,0.679342135089,1.66566069123,0.125801251888,0.0746561359464,30,0.016939582157,-0.0475920544929,-0.0869565217391,0.0869565217391,0,92,11,7,396,0.929292929293,0.972972972973,0.027027027027,0.0707070707071,0.893203883495,0.929292929293,0.910891089109,0.888951795883,0.902265902266,0.836363636364,44,40,0,23,23,23,1,0,8,0,0.0386050732335,0,0,1,3.88826011686,0,16,NaN,1,ok,2.18974518502,0,23,23,23,1,0,8,0,0.0335640222031,0,0,1,4.05785426584,0,16,NaN,1,ok,2.17937148538,0,23,23,23,1,0,6,0,0.0213537649385,0,0,1,5.55392080809,0,16,NaN,1,ok,3.45444806127,0,0,0,0
590,WLNM_dir_neg,0.933125,0.82792139859,00:00:00,10,60,90,510050636,fixed,validated_v2,/gpfs/scratch/acw792/wlnm_roleonly_v2_20260910/result_wlnm_dir_neg_roleonly_trophicv2_100x290_train10-90_Apocrita_20260910_011848/ecological_snapshots/Broadstone_Stream_tax_mass_K10_ratio0.6_exp90_seed510050636_threshold0.5_validated_v2.mat,role_only,2,uniform_without_replacement,uniform_remaining_nonlinks,176,0,176,407,198,198,176,22,0,22,0.111111111111,118,80,0.5,0.842105263158,0.8,0.820512820513,32,6,8,74,0.8,0.925,0.075,0.2,0.842105263158,0.8,0.820512820513,0.883333333333,0.561111111111,0.73417721519,0.73470715831,0.725,99,59,40,0,99,0,59,0,40,23,99,0.195652173913,2.18974518502,8.60869565217,6.6,4.5,4.59979377438,0.534319478842,0.291611769873,4.28989068105,0.996641269334,0.541062801932,2.91445898002,0.677096530713,0.355731225296,1.07629584498,0.491516479791,2.88826011686,2.18974518502,1.07629584498,2.88826011686,0.351612638569,0.458912768647,121,0.0683229813665,0.291765337837,23,23,23,1,0,0.347826086957,0.608695652174,0.0434782608696,23,0.116600790514,2.03540080023,5.13043478261,4.21428571429,2.95,2.98944123429,0.582687698209,0.321296978629,2.87348516545,1.12017218314,0.591009579956,1.94996706165,0.76015665115,0.405305821665,0.982849859812,0.482877799646,2.52979066023,2.03540080023,0.982849859812,2.52979066023,0.279444444444,0.263843648208,27,0.0152456239413,0.1526241768,23,23,23,1,0,0.391304347826,0.478260869565,0.130434782609,23,97,0.191699604743,2.32031335634,8.4347826087,6.46666666667,4.40909090909,4.65955603578,0.552421591871,0.307037203048,4.46151749295,1.05788559111,0.566562079785,2.39234616185,0.567257337345,0.302106678619,1.11243471783,0.479432967443,2.81888753055,2.32031335634,1.11243471783,2.81888753055,0.415651980869,0.421326397919,108,0.0609824957651,0.207287289798,23,23,23,1,0,0.347826086957,0.608695652174,0.0434782608696,-2,-0.00395256916996,0.130568171319,-0.173913043478,-0.133333333333,-0.0909090909091,0.0597622614049,0.0181021130293,0.0154254331753,0.171626811905,0.0612443217782,0.0254992778525,-0.522112818178,-0.109839193368,-0.053624546677,0.0361388728458,-0.0120835123484,-0.0693725863122,0.130568171319,0.0361388728458,-0.0693725863122,0.0640393423002,-0.0375863707279,-13,-0.00734048560136,-0.0844780480384,0,0,0,91,6,8,401,0.919191919192,0.985257985258,0.014742014742,0.0808080808081,0.938144329897,0.919191919192,0.928571428571,0.911489768379,0.90444990445,0.866666666667,38,40,0,23,23,23,1,0,8,0,0.0386050732335,0,0,1,3.88826011686,0,16,NaN,1,ok,2.18974518502,0,23,23,23,1,0,9,0,0.0401017908771,0,0,1,3.52979066023,0,16,NaN,1,ok,2.03540080023,0,23,23,23,1,0,8,0,0.0388049792934,0,0,1,3.81888753055,0,16,NaN,1,ok,2.32031335634,0,0,0,0
591,WLNM_dir_neg,0.90453125,0.513053383431,00:00:00,10,60,91,510050637,fixed,validated_v2,/gpfs/scratch/acw792/wlnm_roleonly_v2_20260910/result_wlnm_dir_neg_roleonly_trophicv2_100x290_train10-90_Apocrita_20260910_011848/ecological_snapshots/Broadstone_Stream_tax_mass_K10_ratio0.6_exp91_seed510050637_threshold0.5_validated_v2.mat,role_only,2,uniform_without_replacement,uniform_remaining_nonlinks,176,0,176,407,198,198,176,22,0,22,0.111111111111,118,80,0.5,0.777777777778,0.7,0.736842105263,28,8,12,72,0.7,0.9,0.1,0.3,0.777777777778,0.7,0.736842105263,0.833333333333,0.566666666667,0.615384615385,0.617213399848,0.6,99,59,40,0,99,0,59,0,40,23,99,0.195652173913,2.18974518502,8.60869565217,6.6,4.5,4.59979377438,0.534319478842,0.291611769873,4.28989068105,0.996641269334,0.541062801932,2.91445898002,0.677096530713,0.355731225296,1.07629584498,0.491516479791,2.88826011686,2.18974518502,1.07629584498,2.88826011686,0.351612638569,0.458912768647,121,0.0683229813665,0.291765337837,23,23,23,1,0,0.347826086957,0.608695652174,0.0434782608696,23,0.116600790514,2.23403819631,5.13043478261,3.93333333333,2.95,3.41526450228,0.66568714875,0.372144436256,2.87348516545,1.12017218314,0.58511422255,2.44626035477,0.953626917961,0.481945467944,1.13935063899,0.509996042538,3.15214480307,2.29013084159,1.13319116598,3.15214480307,0.334479717813,0.40866873065,44,0.0248447204969,0.170968978112,23,22,22,0.95652173913,0,0.304347826087,0.565217391304,0.0869565217391,23,95,0.187747035573,2.27220867858,8.26086956522,5.9375,4.31818181818,4.52485450599,0.547745545462,0.303432494279,4.3411806922,1.0510226939,0.561098398169,2.81722538915,0.682065094216,0.356064073227,1.06237307163,0.467550837934,2.93926247016,2.27220867858,1.06237307163,2.93926247016,0.41805719533,0.471204188482,120,0.0677583286279,0.217967151313,23,23,23,1,0,0.304347826087,0.652173913043,0.0434782608696,-4,-0.00790513833992,0.082463493551,-0.347826086957,-0.6625,-0.181818181818,-0.0749392683852,0.0134260666204,0.0118207244065,0.0512900111575,0.054381424568,0.020035596237,-0.0972335908728,0.00496856350291,0.000332847930102,-0.0139227733545,-0.0239656418574,0.0510023533017,0.082463493551,-0.0139227733545,0.0510023533017,0.0664445567608,0.0122914198344,-1,-0.000564652738566,-0.073798186524,-0.0434782608696,0.0434782608696,0,87,8,12,399,0.878787878788,0.980343980344,0.019656019656,0.121212121212,0.915789473684,0.878787878788,0.896907216495,0.872754129883,0.859131859132,0.81308411215,36,40,0,23,23,23,1,0,8,0,0.0386050732335,0,0,1,3.88826011686,0,16,NaN,1,ok,2.18974518502,0,23,22,22,0.95652173913,0,7,0,0.0182792052748,0,0,1,4.15214480307,0,16,NaN,1,ok,2.29013084159,0,23,23,23,1,0,7,0,0.020782464837,0,0,1,3.93926247016,0,16,NaN,1,ok,2.27220867858,0,0,0,0
592,WLNM_dir_neg,0.869375,0.705645781309,00:00:00,10,60,92,510050638,fixed,validated_v2,/gpfs/scratch/acw792/wlnm_roleonly_v2_20260910/result_wlnm_dir_neg_roleonly_trophicv2_100x290_train10-90_Apocrita_20260910_011848/ecological_snapshots/Broadstone_Stream_tax_mass_K10_ratio0.6_exp92_seed510050638_threshold0.5_validated_v2.mat,role_only,2,uniform_without_replacement,uniform_remaining_nonlinks,176,0,176,407,198,198,176,22,0,22,0.111111111111,118,80,0.5,0.78125,0.625,0.694444444444,25,7,15,73,0.625,0.9125,0.0875,0.375,0.78125,0.625,0.694444444444,0.816666666667,0.577777777778,0.565789473684,0.572976925206,0.5375,99,59,40,0,99,0,59,0,40,23,99,0.195652173913,2.18974518502,8.60869565217,6.6,4.5,4.59979377438,0.534319478842,0.291611769873,4.28989068105,0.996641269334,0.541062801932,2.91445898002,0.677096530713,0.355731225296,1.07629584498,0.491516479791,2.88826011686,2.18974518502,1.07629584498,2.88826011686,0.351612638569,0.458912768647,121,0.0683229813665,0.291765337837,23,23,23,1,0,0.347826086957,0.608695652174,0.0434782608696,23,0.116600790514,2.24888100168,5.13043478261,3.93333333333,2.95,2.70192436181,0.526646273911,0.286661753869,2.57304359848,1.00305089432,0.532056005895,1.90277517318,0.741759813275,0.38025055269,1.18574614664,0.527260511231,3.81632653061,2.24888100168,1.18574614664,3.81632653061,0.261950675587,0.262987012987,27,0.0152456239413,0.154771524772,23,23,23,1,0,0.347826086957,0.521739130435,0.130434782609,23,91,0.179841897233,2.14904716882,7.91304347826,6.06666666667,4.33333333333,3.75273286454,0.474246460903,0.260391782131,4.00543109551,1.01236170546,0.544672718586,2.58453901058,0.653235134543,0.326803631151,1.03646730931,0.482291558951,2.95327728131,2.14904716882,1.03646730931,2.95327728131,0.322958442524,0.371134020619,84,0.0474308300395,0.238738220803,23,23,23,1,0,0.347826086957,0.565217391304,0.0869565217391,-8,-0.0158102766798,-0.040698016202,-0.695652173913,-0.533333333333,-0.166666666667,-0.847060909841,-0.0600730179389,-0.0312199877417,-0.284459585538,0.0157204361241,0.00360991665339,-0.32991996944,-0.0238613961694,-0.028927594145,-0.0398285356726,-0.0092249208403,0.0650171644568,-0.040698016202,-0.0398285356726,0.0650171644568,-0.0286541960455,-0.0877787480287,-37,-0.0208921513269,-0.0530271170342,0,-0.0434782608696,0.0434782608696,84,7,15,400,0.848484848485,0.982800982801,0.017199017199,0.151515151515,0.923076923077,0.848484848485,0.884210526316,0.8586584254,0.831285831286,0.792452830189,32,40,0,23,23,23,1,0,8,0,0.0386050732335,0,0,1,3.88826011686,0,16,NaN,1,ok,2.18974518502,0,23,23,23,1,0,8,0,0.0373344515438,0,0,1,4.81632653061,0,16,NaN,1,ok,2.24888100168,0,23,23,23,1,0,8,0,0.0381476534043,0,0,1,3.95327728131,0,16,NaN,1,ok,2.14904716882,0,0,0,0
593,WLNM_dir_neg,0.929375,0.686816211414,00:00:00,10,60,93,510050639,fixed,validated_v2,/gpfs/scratch/acw792/wlnm_roleonly_v2_20260910/result_wlnm_dir_neg_roleonly_trophicv2_100x290_train10-90_Apocrita_20260910_011848/ecological_snapshots/Broadstone_Stream_tax_mass_K10_ratio0.6_exp93_seed510050639_threshold0.5_validated_v2.mat,role_only,2,uniform_without_replacement,uniform_remaining_nonlinks,176,0,176,407,198,198,176,22,0,22,0.111111111111,118,80,0.5,0.875,0.875,0.875,35,5,5,75,0.875,0.9375,0.0625,0.125,0.875,0.875,0.875,0.916666666667,0.555555555556,0.8125,0.8125,0.8125,99,59,40,0,99,0,59,0,40,23,99,0.195652173913,2.18974518502,8.60869565217,6.6,4.5,4.59979377438,0.534319478842,0.291611769873,4.28989068105,0.996641269334,0.541062801932,2.91445898002,0.677096530713,0.355731225296,1.07629584498,0.491516479791,2.88826011686,2.18974518502,1.07629584498,2.88826011686,0.351612638569,0.458912768647,121,0.0683229813665,0.291765337837,23,23,23,1,0,0.347826086957,0.608695652174,0.0434782608696,23,0.116600790514,2.2541353782,5.13043478261,3.93333333333,2.80952380952,2.8810406552,0.561558771776,0.30729550479,2.60813564477,1.01673084457,0.54679439941,1.94996706165,0.76015665115,0.392041267502,1.1464646374,0.508605050295,3.1188197281,2.2541353782,1.1464646374,3.1188197281,0.237445887446,0.237410071942,22,0.0124223602484,0.161089228232,23,23,23,1,0,0.347826086957,0.565217391304,0.0869565217391,23,99,0.195652173913,7.93693062757,8.60869565217,6.1875,4.30434782609,4.57998740009,0.532018738394,0.292490118577,4.37383524868,1.01614354262,0.548089591568,2.65321044995,0.616402427765,0.327624066755,5.63133685648,0.709510656036,16.0310870437,7.93693062757,5.63133685648,16.0310870437,0.385417239765,0.437665782493,110,0.0621118012422,0.216304464835,23,23,23,1,0,0.304347826087,0.695652173913,0,0,0,5.74718544255,0,-0.4125,-0.195652173913,-0.0198063742874,-0.00230074044753,0.000878348704436,0.0839445676343,0.0195022732888,0.00702678963549,-0.261248530079,-0.0606941029476,-0.0281071585419,4.5550410115,0.217994176245,13.1428269269,5.74718544255,4.5550410115,13.1428269269,0.0338046011959,-0.0212469861539,-11,-0.00621118012422,-0.0754608730019,-0.0434782608696,0.0869565217391,-0.0434782608696,94,5,5,402,0.949494949495,0.987714987715,0.012285012285,0.0505050505051,0.949494949495,0.949494949495,0.949494949495,0.93720993721,0.93720993721,0.903846153846,40,40,0,23,23,23,1,0,8,0,0.0386050732335,0,0,1,3.88826011686,0,16,NaN,1,ok,2.18974518502,0,23,23,23,1,0,8,0,0.0197232656074,0,0,1,4.1188197281,0,16,NaN,1,ok,2.2541353782,0,23,23,23,1,0,7,0,0.00485103462657,0,0,1,17.0310870437,0,16,NaN,1,ok,7.93693062757,0,0,0,0
594,WLNM_dir_neg,0.8946875,0.803716261759,00:00:00,10,60,94,510050640,fixed,validated_v2,/gpfs/scratch/acw792/wlnm_roleonly_v2_20260910/result_wlnm_dir_neg_roleonly_trophicv2_100x290_train10-90_Apocrita_20260910_011848/ecological_snapshots/Broadstone_Stream_tax_mass_K10_ratio0.6_exp94_seed510050640_threshold0.5_validated_v2.mat,role_only,2,uniform_without_replacement,uniform_remaining_nonlinks,176,0,176,407,198,198,176,22,0,22,0.111111111111,118,80,0.5,0.916666666667,0.55,0.6875,22,2,18,78,0.55,0.975,0.025,0.45,0.916666666667,0.55,0.6875,0.833333333333,0.6,0.583333333333,0.618718433538,0.525,99,59,40,0,99,0,59,0,40,23,99,0.195652173913,2.18974518502,8.60869565217,6.6,4.5,4.59979377438,0.534319478842,0.291611769873,4.28989068105,0.996641269334,0.541062801932,2.91445898002,0.677096530713,0.355731225296,1.07629584498,0.491516479791,2.88826011686,2.18974518502,1.07629584498,2.88826011686,0.351612638569,0.458912768647,121,0.0683229813665,0.291765337837,23,23,23,1,0,0.347826086957,0.608695652174,0.0434782608696,23,0.116600790514,2.09080424576,5.13043478261,4.21428571429,3.47058823529,3.19522865629,0.622798805888,0.344141488578,2.51948925121,0.982173775895,0.523212969786,2.64276176061,1.03022916091,0.533529845247,1.03711080423,0.49603438788,2.87981220657,2.14038625694,1.03323891752,2.87981220657,0.281954887218,0.271028037383,29,0.0163749294184,0.225032110746,23,22,22,0.95652173913,0,0.347826086957,0.391304347826,0.217391304348,23,83,0.164031620553,5.25668126769,7.21739130435,5.53333333333,3.77272727273,4.13363720248,0.572732865404,0.3190151912,3.63991921033,1.0086523113,0.54164484023,2.82423168047,0.78261841748,0.409638554217,3.69579876679,0.703066931128,9.65656217706,5.25668126769,3.69579876679,9.65656217706,0.349385006528,0.420512820513,82,0.0463015245624,0.225638541353,23,23,23,1,0,0.347826086957,0.608695652174,0.0434782608696,-16,-0.0316205533597,3.06693608267,-1.39130434783,-1.06666666667,-0.727272727273,-0.466156571896,0.0384133865623,0.0274034213269,-0.64997147072,0.0120110419612,0.00058203829812,-0.0902272995527,0.105521886767,0.0539073289204,2.61950292181,0.211550451337,6.7683020602,3.06693608267,2.61950292181,6.7683020602,-0.0022276320413,-0.0383999481345,-39,-0.0220214568041,-0.0661267964839,0,0,0,81,2,18,405,0.818181818182,0.995085995086,0.004914004914,0.181818181818,0.975903614458,0.818181818182,0.89010989011,0.871242708721,0.813267813268,0.80198019802,24,40,0,23,23,23,1,0,8,0,0.0386050732335,0,0,1,3.88826011686,0,16,NaN,1,ok,2.18974518502,0,23,22,22,0.95652173913,0,8,0,0.0232980048622,0,0,1,3.87981220657,0,16,NaN,1,ok,2.14038625694,0,23,23,23,1,0,8,0,0.00927255133258,0,0,1,10.6565621771,0,16,NaN,1,ok,5.25668126769,0,0,0,0
595,WLNM_dir_neg,0.829375,0.630345478266,00:00:00,10,60,95,510050641,fixed,validated_v2,/gpfs/scratch/acw792/wlnm_roleonly_v2_20260910/result_wlnm_dir_neg_roleonly_trophicv2_100x290_train10-90_Apocrita_20260910_011848/ecological_snapshots/Broadstone_Stream_tax_mass_K10_ratio0.6_exp95_seed510050641_threshold0.5_validated_v2.mat,role_only,2,uniform_without_replacement,uniform_remaining_nonlinks,176,0,176,407,198,198,176,22,0,22,0.111111111111,118,80,0.5,0.690476190476,0.725,0.707317073171,29,13,11,67,0.725,0.8375,0.1625,0.275,0.690476190476,0.725,0.707317073171,0.8,0.55,0.555555555556,0.555936987496,0.5625,99,59,40,0,99,0,59,0,40,23,99,0.195652173913,2.18974518502,8.60869565217,6.6,4.5,4.59979377438,0.534319478842,0.291611769873,4.28989068105,0.996641269334,0.541062801932,2.91445898002,0.677096530713,0.355731225296,1.07629584498,0.491516479791,2.88826011686,2.18974518502,1.07629584498,2.88826011686,0.351612638569,0.458912768647,121,0.0683229813665,0.291765337837,23,23,23,1,0,0.347826086957,0.608695652174,0.0434782608696,23,0.116600790514,2.5436361986,5.13043478261,3.93333333333,2.95,3.15226250387,0.614424047364,0.33161385409,2.60813564477,1.01673084457,0.542372881356,1.87873475211,0.732388123703,0.399410464259,1.51686727082,0.596338136583,4.20041753653,2.5436361986,1.51686727082,4.20041753653,0.336621315193,0.43288590604,43,0.0242800677583,0.131042846043,23,23,23,1,0,0.347826086957,0.521739130435,0.130434782609,23,101,0.199604743083,9.57164990425,8.78260869565,5.61111111111,4.80952380952,4.83318567763,0.55031322072,0.304778303917,3.81073997151,0.867792270739,0.478691347396,2.85623926988,0.650430724824,0.358157554886,6.04094235781,0.631128636989,15.1950323521,9.57164990425,6.04094235781,15.1950323521,0.428969098534,0.460251046025,110,0.0621118012422,0.18527347743,23,23,23,1,0,0.217391304348,0.695652173913,0.0869565217391,2,0.00395256916996,7.38190471923,0.173913043478,-0.988888888889,0.309523809524,0.233391903255,0.0159937418787,0.0131665340447,-0.479150709541,-0.128848998595,-0.0623714545368,-0.0582197101455,-0.0266658058888,0.00242632958948,4.96464651282,0.139612157197,12.3067722353,7.38190471923,4.96464651282,12.3067722353,0.0773564599652,0.00133827737782,-11,-0.00621118012422,-0.106491860406,-0.130434782609,0.0869565217391,0.0434782608696,88,13,11,394,0.888888888889,0.968058968059,0.031941031941,0.111111111111,0.871287128713,0.888888888889,0.88,0.850513086765,0.856947856948,0.785714285714,42,40,0,23,23,23,1,0,8,0,0.0386050732335,0,0,1,3.88826011686,0,16,NaN,1,ok,2.18974518502,0,23,23,23,1,0,8,0,0.0404794754144,0,0,1,5.20041753653,0,16,NaN,1,ok,2.5436361986,0,23,23,23,1,0,5,0,0.00928692189626,0,0,1,16.1950323521,0,16,NaN,1,ok,9.57164990425,0,0,0,0
596,WLNM_dir_neg,0.9359375,0.667874338949,00:00:00,10,60,96,510050642,fixed,validated_v2,/gpfs/scratch/acw792/wlnm_roleonly_v2_20260910/result_wlnm_dir_neg_roleonly_trophicv2_100x290_train10-90_Apocrita_20260910_011848/ecological_snapshots/Broadstone_Stream_tax_mass_K10_ratio0.6_exp96_seed510050642_threshold0.5_validated_v2.mat,role_only,2,uniform_without_replacement,uniform_remaining_nonlinks,176,0,176,407,198,198,176,22,0,22,0.111111111111,118,80,0.5,0.813953488372,0.875,0.843373493976,35,8,5,72,0.875,0.9,0.1,0.125,0.813953488372,0.875,0.843373493976,0.891666666667,0.547222222222,0.760736196319,0.761898469721,0.775,99,59,40,0,99,0,59,0,40,23,99,0.195652173913,2.18974518502,8.60869565217,6.6,4.5,4.59979377438,0.534319478842,0.291611769873,4.28989068105,0.996641269334,0.541062801932,2.91445898002,0.677096530713,0.355731225296,1.07629584498,0.491516479791,2.88826011686,2.18974518502,1.07629584498,2.88826011686,0.351612638569,0.458912768647,121,0.0683229813665,0.291765337837,23,23,23,1,0,0.347826086957,0.608695652174,0.0434782608696,23,0.116600790514,2.12117683042,5.13043478261,3.93333333333,3.10526315789,2.51005881543,0.48924875216,0.270449521002,2.50138301666,0.975115413275,0.527634487841,2.29279676292,0.893802127917,0.45836403832,0.997609772027,0.470309574253,2.61174242424,2.12117683042,0.997609772027,2.61174242424,0.194340924776,0.228373702422,22,0.0124223602484,0.183599257885,23,23,23,1,0,0.347826086957,0.478260869565,0.173913043478,23,102,0.201581027668,2.99805434676,8.86956521739,5.66666666667,4.4347826087,4.56572555049,0.51476317481,0.275362318841,4.18684180126,0.944091778715,0.511508951407,3.17412961522,0.715735109315,0.359761295823,1.27718939534,0.426006085153,3.57092358788,2.99805434676,1.27718939534,3.57092358788,0.419680539693,0.460465116279,132,0.0745341614907,0.240374319141,23,23,23,1,0,0.217391304348,0.782608695652,0,3,0.00592885375494,0.808309161739,0.260869565217,-0.933333333333,-0.0652173913043,-0.0340682238899,-0.019556304032,-0.0162494510321,-0.103048879788,-0.0525494906188,-0.0295538505257,0.259670635198,0.038638578602,0.00403007052623,0.200893550357,-0.0655103946386,0.68266347102,0.808309161739,0.200893550357,0.68266347102,0.0680679011242,0.00155234763179,11,0.00621118012422,-0.0513910186957,-0.130434782609,0.173913043478,-0.0434782608696,94,8,5,399,0.949494949495,0.980343980344,0.019656019656,0.0505050505051,0.921568627451,0.949494949495,0.935323383085,0.919457709073,0.929838929839,0.878504672897,43,40,0,23,23,23,1,0,8,0,0.0386050732335,0,0,1,3.88826011686,0,16,NaN,1,ok,2.18974518502,0,23,23,23,1,0,8,0,0.0239375680247,0,0,1,3.61174242424,0,16,NaN,1,ok,2.12117683042,0,23,23,23,1,0,5,0,0.0181323053303,0,0,1,4.57092358788,0,16,NaN,1,ok,2.99805434676,0,0,0,0
597,WLNM_dir_neg,0.945,0.718552835457,00:00:00,10,60,97,510050643,fixed,validated_v2,/gpfs/scratch/acw792/wlnm_roleonly_v2_20260910/result_wlnm_dir_neg_roleonly_trophicv2_100x290_train10-90_Apocrita_20260910_011848/ecological_snapshots/Broadstone_Stream_tax_mass_K10_ratio0.6_exp97_seed510050643_threshold0.5_validated_v2.mat,role_only,2,uniform_without_replacement,uniform_remaining_nonlinks,176,0,176,407,198,198,176,22,0,22,0.111111111111,118,80,0.5,0.820512820513,0.8,0.810126582278,32,7,8,73,0.8,0.9125,0.0875,0.2,0.820512820513,0.8,0.810126582278,0.875,0.558333333333,0.716981132075,0.717108788292,0.7125,99,59,40,0,99,0,59,0,40,23,99,0.195652173913,2.18974518502,8.60869565217,6.6,4.5,4.59979377438,0.534319478842,0.291611769873,4.28989068105,0.996641269334,0.541062801932,2.91445898002,0.677096530713,0.355731225296,1.07629584498,0.491516479791,2.88826011686,2.18974518502,1.07629584498,2.88826011686,0.351612638569,0.458912768647,121,0.0683229813665,0.291765337837,23,23,23,1,0,0.347826086957,0.608695652174,0.0434782608696,23,0.116600790514,2.38751001384,5.13043478261,3.93333333333,3.10526315789,2.98944123429,0.582687698209,0.317612380251,2.60813564477,1.01673084457,0.545320560059,2.38986661774,0.93164291878,0.461311717023,1.32586314105,0.555333017814,3.76582914573,2.38751001384,1.32586314105,3.76582914573,0.206198034769,0.24,24,0.0135516657256,0.178486777772,23,23,23,1,0,0.347826086957,0.478260869565,0.173913043478,23,98,0.193675889328,4.92664132675,8.52173913043,5.76470588235,4.45454545455,4.54142113538,0.532921867927,0.291481810115,4.28758664163,1.00627033426,0.538598047915,2.79963295166,0.657056713145,0.338952972493,2.68758923445,0.545521594977,7.66703426006,4.92664132675,2.68758923445,7.66703426006,0.372248765727,0.432065217391,106,0.059853190288,0.216603272149,23,23,23,1,0,0.260869565217,0.695652173913,0.0434782608696,-1,-0.00197628458498,2.73689614172,-0.0869565217391,-0.835294117647,-0.0454545454545,-0.0583726389996,-0.00139761091483,-0.000129959757289,-0.00230403941699,0.00962906492595,-0.00246475401755,-0.114826028362,-0.0200398175676,-0.0167782528031,1.61129338946,0.0540051151857,4.7787741432,2.73689614172,1.61129338946,4.7787741432,0.0206361271579,-0.026847551256,-15,-0.00846979107849,-0.0751620656878,-0.0869565217391,0.0869565217391,0,91,7,8,400,0.919191919192,0.982800982801,0.017199017199,0.0808080808081,0.928571428571,0.919191919192,0.92385786802,0.905471535848,0.901992901993,0.858490566038,39,40,0,23,23,23,1,0,8,0,0.0386050732335,0,0,1,3.88826011686,0,16,NaN,1,ok,2.18974518502,0,23,23,23,1,0,8,0,0.0326641020741,0,0,1,4.76582914573,0,16,NaN,1,ok,2.38751001384,0,23,23,23,1,0,6,0,0.0143335652117,0,0,1,8.66703426006,0,16,NaN,1,ok,4.92664132675,0,0,0,0
598,WLNM_dir_neg,0.82859375,0.707744133436,00:00:00,10,60,98,510050644,fixed,validated_v2,/gpfs/scratch/acw792/wlnm_roleonly_v2_20260910/result_wlnm_dir_neg_roleonly_trophicv2_100x290_train10-90_Apocrita_20260910_011848/ecological_snapshots/Broadstone_Stream_tax_mass_K10_ratio0.6_exp98_seed510050644_threshold0.5_validated_v2.mat,role_only,2,uniform_without_replacement,uniform_remaining_nonlinks,176,0,176,407,198,198,176,22,0,22,0.111111111111,118,80,0.5,0.787878787879,0.65,0.712328767123,26,7,14,73,0.65,0.9125,0.0875,0.35,0.787878787879,0.65,0.712328767123,0.825,0.575,0.588235294118,0.593855686849,0.5625,99,59,40,0,99,0,59,0,40,23,99,0.195652173913,2.18974518502,8.60869565217,6.6,4.5,4.59979377438,0.534319478842,0.291611769873,4.28989068105,0.996641269334,0.541062801932,2.91445898002,0.677096530713,0.355731225296,1.07629584498,0.491516479791,2.88826011686,2.18974518502,1.07629584498,2.88826011686,0.351612638569,0.458912768647,121,0.0683229813665,0.291765337837,23,23,23,1,0,0.347826086957,0.608695652174,0.0434782608696,23,0.116600790514,2.15869604472,5.13043478261,4.21428571429,2.80952380952,3.45496148941,0.673424697088,0.372881355932,2.82563085404,1.10151711259,0.582166543847,2.14954724528,0.837959095617,0.422991893884,1.11167222773,0.514973949411,3.03697183099,2.15869604472,1.11167222773,3.03697183099,0.409387526054,0.422287390029,48,0.0271033314512,0.14687732902,23,23,23,1,0,0.391304347826,0.521739130435,0.0869565217391,23,92,0.181818181818,1,8,5.75,4.18181818182,5.15222811466,0.644028514332,0.35775047259,4.40041320374,1.10010330093,0.581285444234,2.77979724571,0.694949311428,0.365784499055,0,0,0,NaN,NaN,NaN,0.449279760643,0.515895953757,119,0.0671936758893,0.206777978751,23,23,0,1,7,0.304347826087,0.652173913043,0.0434782608696,-7,-0.0138339920949,-1.18974518502,-0.608695652174,-0.85,-0.318181818182,0.552434340279,0.10970903549,0.0661387027172,0.110522522691,0.1034620316,0.040222642302,-0.134661734312,0.0178527807155,0.0100532737584,-1.07629584498,-0.491516479791,-2.88826011686,NaN,NaN,NaN,0.0976671220742,0.0569831851099,-2,-0.00112930547713,-0.0849873590861,-0.0434782608696,0.0434782608696,0,85,7,14,400,0.858585858586,0.982800982801,0.017199017199,0.141414141414,0.923913043478,0.858585858586,0.890052356021,0.865399088426,0.841386841387,0.801886792453,33,40,0,23,23,23,1,0,8,0,0.0386050732335,0,0,1,3.88826011686,0,16,NaN,1,ok,2.18974518502,0,23,23,23,1,0,9,0,0.0386553249727,0,0,1,4.03697183099,0,16,NaN,1,ok,2.15869604472,0,23,23,0,1,7,7,3,NaN,NaN,NaN,NaN,NaN,0,0,NaN,0,basal_unreachable_in_lcc,NaN,2,0,0,0
599,WLNM_dir_neg,0.9565625,0.865551247935,00:00:00,10,60,99,510050645,fixed,validated_v2,/gpfs/scratch/acw792/wlnm_roleonly_v2_20260910/result_wlnm_dir_neg_roleonly_trophicv2_100x290_train10-90_Apocrita_20260910_011848/ecological_snapshots/Broadstone_Stream_tax_mass_K10_ratio0.6_exp99_seed510050645_threshold0.5_validated_v2.mat,role_only,2,uniform_without_replacement,uniform_remaining_nonlinks,176,0,176,407,198,198,176,22,0,22,0.111111111111,118,80,0.5,0.795454545455,0.875,0.833333333333,35,9,5,71,0.875,0.8875,0.1125,0.125,0.795454545455,0.875,0.833333333333,0.883333333333,0.544444444444,0.743902439024,0.745901881768,0.7625,99,59,40,0,99,0,59,0,40,23,99,0.195652173913,2.18974518502,8.60869565217,6.6,4.5,4.59979377438,0.534319478842,0.291611769873,4.28989068105,0.996641269334,0.541062801932,2.91445898002,0.677096530713,0.355731225296,1.07629584498,0.491516479791,2.88826011686,2.18974518502,1.07629584498,2.88826011686,0.351612638569,0.458912768647,121,0.0683229813665,0.291765337837,23,23,23,1,0,0.347826086957,0.608695652174,0.0434782608696,23,0.116600790514,2.19757763975,5.13043478261,3.93333333333,2.95,3.06452351073,0.59732237921,0.327192336035,2.57304359848,1.00305089432,0.542372881356,2.25279799677,0.878209388569,0.462785556374,1.11774918604,0.508627848147,3.04,2.19757763975,1.11774918604,3.04,0.232020889164,0.305732484076,32,0.0180688876341,0.178759018759,23,23,23,1,0,0.347826086957,0.521739130435,0.130434782609,23,103,0.203557312253,2.37464815436,8.95652173913,6.4375,4.68181818182,4.56745663133,0.5099587501,0.280287040946,4.42995552222,0.98921336904,0.537779653862,2.84236721473,0.63470335863,0.346137610806,1.13592200648,0.478353816076,3.12803020969,2.37464815436,1.13592200648,3.12803020969,0.394012026621,0.464891041162,128,0.0722755505364,0.224755744127,23,23,23,1,0,0.304347826087,0.652173913043,0.0434782608696,4,0.00790513833992,0.18490296934,0.347826086957,-0.1625,0.181818181818,-0.0323371430503,-0.0243607287422,-0.0113247289271,0.140064841173,-0.00742790029463,-0.00328314806998,-0.0720917652896,-0.0423931720826,-0.0095936144902,0.0596261614958,-0.0131626637149,0.239770092834,0.18490296934,0.0596261614958,0.239770092834,0.0423993880516,0.00597827251495,7,0.00395256916996,-0.0670095937099,-0.0434782608696,0.0434782608696,0,94,9,5,398,0.949494949495,0.977886977887,0.022113022113,0.0505050505051,0.912621359223,0.949494949495,0.930693069307,0.913697201396,0.927381927382,0.87037037037,44,40,0,23,23,23,1,0,8,0,0.0386050732335,0,0,1,3.88826011686,0,16,NaN,1,ok,2.18974518502,0,23,23,23,1,0,8,0,0.0218256960936,0,0,1,4.04,0,16,NaN,1,ok,2.19757763975,0,23,23,23,1,0,7,0,0.0343562170575,0,0,1,4.12803020969,0,16,NaN,1,ok,2.37464815436,0,0,0,0
600,WLNM_dir_neg,0.95453125,0.883292515457,00:00:00,10,60,100,510050646,fixed,validated_v2,/gpfs/scratch/acw792/wlnm_roleonly_v2_20260910/result_wlnm_dir_neg_roleonly_trophicv2_100x290_train10-90_Apocrita_20260910_011848/ecological_snapshots/Broadstone_Stream_tax_mass_K10_ratio0.6_exp100_seed510050646_threshold0.5_validated_v2.mat,role_only,2,uniform_without_replacement,uniform_remaining_nonlinks,176,0,176,407,198,198,176,22,0,22,0.111111111111,118,80,0.5,0.810810810811,0.75,0.779220779221,30,7,10,73,0.75,0.9125,0.0875,0.25,0.810810810811,0.75,0.779220779221,0.858333333333,0.563888888889,0.675159235669,0.67627131024,0.6625,99,59,40,0,99,0,59,0,40,23,99,0.195652173913,2.18974518502,8.60869565217,6.6,4.5,4.59979377438,0.534319478842,0.291611769873,4.28989068105,0.996641269334,0.541062801932,2.91445898002,0.677096530713,0.355731225296,1.07629584498,0.491516479791,2.88826011686,2.18974518502,1.07629584498,2.88826011686,0.351612638569,0.458912768647,121,0.0683229813665,0.291765337837,23,23,23,1,0,0.347826086957,0.608695652174,0.0434782608696,23,0.116600790514,2.1382917447,5.13043478261,3.93333333333,2.80952380952,3.10870256225,0.605933550269,0.337509211496,2.92055547264,1.13852162493,0.592483419307,1.77932793637,0.693636314177,0.365512159175,1.03880750381,0.48581186659,2.78172293364,2.1382917447,1.03880750381,2.78172293364,0.251468253968,0.282131661442,30,0.016939582157,0.125208389494,23,23,23,1,0,0.347826086957,0.565217391304,0.0869565217391,23,96,0.189723320158,3.74134276365,8.34782608696,6,4.17391304348,4.79212133376,0.57405620144,0.314764492754,4.37609387793,1.04843915825,0.560688405797,2.24928622846,0.538891492236,0.287137681159,2.35282331358,0.628871360423,6.78230354118,3.74134276365,2.35282331358,6.78230354118,0.401304733913,0.448787061995,111,0.0626764539808,0.186007420333,23,23,23,1,0,0.304347826087,0.695652173913,0,-3,-0.00592885375494,1.55159757862,-0.260869565217,-0.6,-0.326086956522,0.192327559382,0.0397367225981,0.023152722881,0.086203196883,0.0517978889199,0.0196256038647,-0.665172751562,-0.138205038477,-0.068593544137,1.2765274686,0.137354880631,3.89404342432,1.55159757862,1.2765274686,3.89404342432,0.0496920953443,-0.0101257066527,-10,-0.00564652738566,-0.105757917504,-0.0434782608696,0.0869565217391,-0.0434782608696,89,7,10,400,0.89898989899,0.982800982801,0.017199017199,0.10101010101,0.927083333333,0.89898989899,0.912820512821,0.89218077502,0.881790881791,0.839622641509,37,40,0,23,23,23,1,0,8,0,0.0386050732335,0,0,1,3.88826011686,0,16,NaN,1,ok,2.18974518502,0,23,23,23,1,0,8,0,0.0395528816858,0,0,1,3.78172293364,0,16,NaN,1,ok,2.1382917447,0,23,23,23,1,0,7,0,0.0229066444568,0,0,1,7.78230354118,0,16,NaN,1,ok,3.74134276365,0,0,0,0
601,WLNM_dir_neg,0.857222222222,0.470129515187,00:00:01,10,70,1,510967847,fixed,validated_v2,/gpfs/scratch/acw792/wlnm_roleonly_v2_20260910/result_wlnm_dir_neg_roleonly_trophicv2_100x290_train10-90_Apocrita_20260910_011848/ecological_snapshots/Broadstone_Stream_tax_mass_K10_ratio0.7_exp1_seed510967847_threshold0.5_validated_v2.mat,role_only,2,uniform_without_replacement,uniform_remaining_nonlinks,176,0,176,407,198,198,176,22,0,22,0.111111111111,138,60,0.5,0.724137931034,0.7,0.71186440678,21,8,9,52,0.7,0.866666666667,0.133333333333,0.3,0.724137931034,0.7,0.71186440678,0.811111111111,0.559259259259,0.571428571429,0.571610243268,0.566666666667,99,69,30,0,99,0,69,0,30,23,99,0.195652173913,2.18974518502,8.60869565217,6.6,4.5,4.59979377438,0.534319478842,0.291611769873,4.28989068105,0.996641269334,0.541062801932,2.91445898002,0.677096530713,0.355731225296,1.07629584498,0.491516479791,2.88826011686,2.18974518502,1.07629584498,2.88826011686,0.351612638569,0.458912768647,121,0.0683229813665,0.291765337837,23,23,23,1,0,0.347826086957,0.608695652174,0.0434782608696,23,0.136363636364,2.35969165314,6,4.6,3.28571428571,3.19089614087,0.531816023478,0.294896030246,2.87623491265,0.958744970882,0.52299936988,2.31595258234,0.771984194113,0.412098298677,1.29408560901,0.548413012898,3.81950207469,2.35969165314,1.29408560901,3.81950207469,0.24536271809,0.304568527919,40,0.0225861095426,0.189273794988,23,23,23,1,0,0.347826086957,0.565217391304,0.0869565217391,23,98,0.193675889328,2.49541419065,8.52173913043,6.125,4.45454545455,4.55141901167,0.534095088104,0.293256433008,4.19108785297,0.98362265937,0.535936113576,2.7669706327,0.649391066858,0.345164152618,1.22151182831,0.489502637631,3.18673078434,2.49541419065,1.22151182831,3.18673078434,0.470593416246,0.452282157676,109,0.0615471485037,0.220546757809,23,23,23,1,0,0.304347826087,0.652173913043,0.0434782608696,-1,-0.00197628458498,0.305669005628,-0.0869565217391,-0.475,-0.0454545454545,-0.0483747627102,-0.000224390738017,0.00164466313535,-0.0988028280782,-0.0130186099639,-0.0051266883565,-0.147488347326,-0.027705463855,-0.0105670726789,0.145215983324,-0.00201384215993,0.298470667483,0.305669005628,0.145215983324,0.298470667483,0.118980777676,-0.00663061097093,-12,-0.00677583286279,-0.071218580028,-0.0434782608696,0.0434782608696,0,90,8,9,399,0.909090909091,0.980343980344,0.019656019656,0.0909090909091,0.918367346939,0.909090909091,0.913705583756,0.892865091947,0.889434889435,0.841121495327,29,30,0,23,23,23,1,0,8,0,0.0386050732335,0,0,1,3.88826011686,0,16,NaN,1,ok,2.18974518502,0,23,23,23,1,0,8,0,0.0281117986863,0,0,1,4.81950207469,0,16,NaN,1,ok,2.35969165314,0,23,23,23,1,0,7,0,0.0271389611211,0,0,1,4.18673078434,0,16,NaN,1,ok,2.49541419065,0,0,0,0
602,WLNM_dir_neg,0.972222222222,0.357005457416,00:00:00,10,70,2,510967848,fixed,validated_v2,/gpfs/scratch/acw792/wlnm_roleonly_v2_20260910/result_wlnm_dir_neg_roleonly_trophicv2_100x290_train10-90_Apocrita_20260910_011848/ecological_snapshots/Broadstone_Stream_tax_mass_K10_ratio0.7_exp2_seed510967848_threshold0.5_validated_v2.mat,role_only,2,uniform_without_replacement,uniform_remaining_nonlinks,176,0,176,407,198,198,176,22,0,22,0.111111111111,138,60,0.5,0.828571428571,0.966666666667,0.892307692308,29,6,1,54,0.966666666667,0.9,0.1,0.0333333333333,0.828571428571,0.966666666667,0.892307692308,0.922222222222,0.537037037037,0.832,0.838055882586,0.866666666667,99,69,30,0,99,0,69,0,30,23,99,0.195652173913,2.18974518502,8.60869565217,6.6,4.5,4.59979377438,0.534319478842,0.291611769873,4.28989068105,0.996641269334,0.541062801932,2.91445898002,0.677096530713,0.355731225296,1.07629584498,0.491516479791,2.88826011686,2.18974518502,1.07629584498,2.88826011686,0.351612638569,0.458912768647,121,0.0683229813665,0.291765337837,23,23,23,1,0,0.347826086957,0.608695652174,0.0434782608696,23,0.136363636364,2.11491525987,6,4.6,3.13636363636,3.34392257414,0.557320429023,0.307498424701,3,1,0.543163201008,2.46797672009,0.822658906697,0.413358538122,1.01378404451,0.479349723247,2.73152689555,2.11491525987,1.01378404451,2.73152689555,0.321545385831,0.386416861827,55,0.0310559006211,0.207922791494,23,23,23,1,0,0.347826086957,0.608695652174,0.0434782608696,23,104,0.205533596838,4.48550738709,9.04347826087,6.5,4.52173913043,4.81926306013,0.532899280687,0.29389632107,4.47081002644,0.98873683277,0.535953177258,2.66064867718,0.588412688223,0.297658862876,2.71054819644,0.604290209006,7.25282819522,4.48550738709,2.71054819644,7.25282819522,0.48923178271,0.498257839721,143,0.0807453416149,0.239747517203,23,23,23,1,0,0.304347826087,0.695652173913,0,5,0.0098814229249,2.29576220206,0.434782608696,-0.1,0.0217391304348,0.219469285748,-0.00142019815486,0.00228455119759,0.18091934539,-0.00790443656447,-0.00510962467484,-0.253810302841,-0.0886838424894,-0.0580723624202,1.63425235146,0.112773729215,4.36456807836,2.29576220206,1.63425235146,4.36456807836,0.137619144141,0.039345071074,22,0.0124223602484,-0.0520178206338,-0.0434782608696,0.0869565217391,-0.0434782608696,98,6,1,401,0.989898989899,0.985257985258,0.014742014742,0.010101010101,0.942307692308,0.989898989899,0.965517241379,0.957325522107,0.975156975157,0.933333333333,35,30,0,23,23,23,1,0,8,0,0.0386050732335,0,0,1,3.88826011686,0,16,NaN,1,ok,2.18974518502,0,23,23,23,1,0,8,0,0.0228887778325,0,0,1,3.73152689555,0,16,NaN,1,ok,2.11491525987,0,23,23,23,1,0,7,0,0.0197073153414,0,0,1,8.25282819522,0,16,NaN,1,ok,4.48550738709,0,0,0,0
603,WLNM_dir_neg,0.938888888889,0.606970625765,00:00:00,10,70,3,510967849,fixed,validated_v2,/gpfs/scratch/acw792/wlnm_roleonly_v2_20260910/result_wlnm_dir_neg_roleonly_trophicv2_100x290_train10-90_Apocrita_20260910_011848/ecological_snapshots/Broadstone_Stream_tax_mass_K10_ratio0.7_exp3_seed510967849_threshold0.5_validated_v2.mat,role_only,2,uniform_without_replacement,uniform_remaining_nonlinks,176,0,176,407,198,198,176,22,0,22,0.111111111111,138,60,0.5,0.961538461538,0.833333333333,0.892857142857,25,1,5,59,0.833333333333,0.983333333333,0.0166666666667,0.166666666667,0.961538461538,0.833333333333,0.892857142857,0.933333333333,0.57037037037,0.844827586207,0.84938467547,0.816666666667,99,69,30,0,99,0,69,0,30,23,99,0.195652173913,2.18974518502,8.60869565217,6.6,4.5,4.59979377438,0.534319478842,0.291611769873,4.28989068105,0.996641269334,0.541062801932,2.91445898002,0.677096530713,0.355731225296,1.07629584498,0.491516479791,2.88826011686,2.18974518502,1.07629584498,2.88826011686,0.351612638569,0.458912768647,121,0.0683229813665,0.291765337837,23,23,23,1,0,0.347826086957,0.608695652174,0.0434782608696,23,0.136363636364,2.14490319412,6,4.6,3.13636363636,3.24737656354,0.541229427257,0.301827347196,3.03015151136,1.01005050379,0.543163201008,2.21564683763,0.738548945876,0.378071833648,1.04846297279,0.488815987438,2.75709166915,2.14490319412,1.04846297279,2.75709166915,0.295238095238,0.367346938776,48,0.0271033314512,0.186309669167,23,23,23,1,0,0.347826086957,0.608695652174,0.0434782608696,23,95,0.187747035573,2.13937041308,8.26086956522,6.33333333333,4.31818181818,4.1474788761,0.50206323237,0.275514874142,4.07101001345,0.985612950626,0.536384439359,2.75193069129,0.666256904206,0.351487414188,1.03499756716,0.483786052582,2.78103837472,2.13937041308,1.03499756716,2.78103837472,0.331717799109,0.442896935933,106,0.059853190288,0.270117147092,23,23,23,1,0,0.347826086957,0.608695652174,0.0434782608696,-4,-0.00790513833992,-0.0503747719432,-0.347826086957,-0.266666666667,-0.181818181818,-0.45231489828,-0.0322562464722,-0.0160968957308,-0.218880667593,-0.0110283187085,-0.0046783625731,-0.162528288738,-0.0108396265066,-0.0042438111088,-0.0412982778268,-0.00773042720878,-0.10722174214,-0.0503747719432,-0.0412982778268,-0.10722174214,-0.0198948394601,-0.0160158327141,-15,-0.00846979107849,-0.0216481907448,0,0,0,94,1,5,406,0.949494949495,0.997542997543,0.002457002457,0.0505050505051,0.989473684211,0.949494949495,0.969072164948,0.96205404403,0.947037947038,0.94,26,30,0,23,23,23,1,0,8,0,0.0386050732335,0,0,1,3.88826011686,0,16,NaN,1,ok,2.18974518502,0,23,23,23,1,0,8,0,0.0281651912594,0,0,1,3.75709166915,0,16,NaN,1,ok,2.14490319412,0,23,23,23,1,0,8,0,0.0402560283177,0,0,1,3.78103837472,0,16,NaN,1,ok,2.13937041308,0,0,0,0
604,WLNM_dir_neg,0.895555555556,0.499518038917,00:00:00,10,70,4,510967850,fixed,validated_v2,/gpfs/scratch/acw792/wlnm_roleonly_v2_20260910/result_wlnm_dir_neg_roleonly_trophicv2_100x290_train10-90_Apocrita_20260910_011848/ecological_snapshots/Broadstone_Stream_tax_mass_K10_ratio0.7_exp4_seed510967850_threshold0.5_validated_v2.mat,role_only,2,uniform_without_replacement,uniform_remaining_nonlinks,176,0,176,407,198,198,176,22,0,22,0.111111111111,138,60,0.5,0.916666666667,0.733333333333,0.814814814815,22,2,8,58,0.733333333333,0.966666666667,0.0333333333333,0.266666666667,0.916666666667,0.733333333333,0.814814814815,0.888888888889,0.577777777778,0.736842105263,0.746202507245,0.7,99,69,30,0,99,0,69,0,30,23,99,0.195652173913,2.18974518502,8.60869565217,6.6,4.5,4.59979377438,0.534319478842,0.291611769873,4.28989068105,0.996641269334,0.541062801932,2.91445898002,0.677096530713,0.355731225296,1.07629584498,0.491516479791,2.88826011686,2.18974518502,1.07629584498,2.88826011686,0.351612638569,0.458912768647,121,0.0683229813665,0.291765337837,23,23,23,1,0,0.347826086957,0.608695652174,0.0434782608696,23,0.136363636364,2.05934585118,6,4.92857142857,3.45,3.56753034006,0.594588390011,0.322621298047,3.16227766017,1.05409255339,0.560806553245,2.33549683248,0.778498944162,0.41965973535,1.00501095901,0.488024368726,2.77358490566,2.10749793533,1.00113771631,2.77358490566,0.316883873702,0.41958041958,60,0.0338791643139,0.199296491055,23,22,22,0.95652173913,0,0.347826086957,0.521739130435,0.0869565217391,23,93,0.183794466403,2.05016957793,8.08695652174,6.64285714286,4.42857142857,4.52179613828,0.559146834304,0.30528284245,4.22630572475,1.04521539429,0.562879850397,2.89950247879,0.717081258195,0.387096774194,0.982214092387,0.479089194846,2.54241395985,2.09790455874,0.977640345428,2.54241395985,0.358523042614,0.467479674797,115,0.0649350649351,0.281202924957,23,22,22,0.95652173913,0,0.347826086957,0.565217391304,0.0434782608696,-6,-0.0118577075099,-0.139575607096,-0.521739130435,0.0428571428571,-0.0714285714286,-0.0779976360925,0.0248273554622,0.0136710725771,-0.0635849562976,0.0485741249587,0.021817048465,-0.014956501235,0.0399847274825,0.0313655488971,-0.0940817525962,-0.0124272849455,-0.34584615701,-0.0918406262813,-0.0986554995552,-0.34584615701,0.00691040404479,0.00856690614947,-6,-0.00338791643139,-0.0105624128798,0,-0.0434782608696,0,91,2,8,405,0.919191919192,0.995085995086,0.004914004914,0.0808080808081,0.978494623656,0.919191919192,0.947916666667,0.936432613612,0.914277914278,0.90099009901,24,30,0,23,23,23,1,0,8,0,0.0386050732335,0,0,1,3.88826011686,0,16,NaN,1,ok,2.18974518502,0,23,22,22,0.95652173913,0,8,0,0.0519417982804,0,0,1,3.77358490566,0,16,NaN,1,ok,2.10749793533,0,23,22,22,0.95652173913,0,8,0,0.0545813035344,0,0,1,3.54241395985,0,16,NaN,1,ok,2.09790455874,0,0,0,0
605,WLNM_dir_neg,0.893888888889,0.665163165298,00:00:00,10,70,5,510967851,fixed,validated_v2,/gpfs/scratch/acw792/wlnm_roleonly_v2_20260910/result_wlnm_dir_neg_roleonly_trophicv2_100x290_train10-90_Apocrita_20260910_011848/ecological_snapshots/Broadstone_Stream_tax_mass_K10_ratio0.7_exp5_seed510967851_threshold0.5_validated_v2.mat,role_only,2,uniform_without_replacement,uniform_remaining_nonlinks,176,0,176,407,198,198,176,22,0,22,0.111111111111,138,60,0.5,0.791666666667,0.633333333333,0.703703703704,19,5,11,55,0.633333333333,0.916666666667,0.0833333333333,0.366666666667,0.791666666667,0.633333333333,0.703703703704,0.822222222222,0.577777777778,0.578947368421,0.586301969978,0.55,99,69,30,0,99,0,69,0,30,23,99,0.195652173913,2.18974518502,8.60869565217,6.6,4.5,4.59979377438,0.534319478842,0.291611769873,4.28989068105,0.996641269334,0.541062801932,2.91445898002,0.677096530713,0.355731225296,1.07629584498,0.491516479791,2.88826011686,2.18974518502,1.07629584498,2.88826011686,0.351612638569,0.458912768647,121,0.0683229813665,0.291765337837,23,23,23,1,0,0.347826086957,0.608695652174,0.0434782608696,23,0.136363636364,2.07331008963,6,4.6,3.28571428571,3.66804381851,0.611340636419,0.333963453056,3.26134383903,1.08711461301,0.574669187146,2.29624198915,0.765413996383,0.395715185885,0.976271813687,0.470875928579,2.79567805383,2.07331008963,0.976271813687,2.79567805383,0.279636501065,0.352941176471,48,0.0271033314512,0.184092190878,23,23,23,1,0,0.347826086957,0.565217391304,0.0869565217391,23,93,0.183794466403,2.13147305477,8.08695652174,6.2,4.04347826087,4.93515260405,0.610260805878,0.336605890603,4.34300127551,1.07407558427,0.573165030388,2.77125276675,0.685363587476,0.356241234222,1.03913887033,0.487521466902,2.82791911531,2.13147305477,1.03913887033,2.82791911531,0.376715072367,0.497890295359,118,0.0666290231508,0.26205276283,23,23,23,1,0,0.347826086957,0.652173913043,0,-6,-0.0118577075099,-0.0582721302504,-0.521739130435,-0.4,-0.45652173913,0.335358829676,0.0759413270358,0.0449941207304,0.0531105944593,0.0774343149308,0.0321022284557,-0.143206213272,0.00826705676367,0.000510008925156,-0.0371569746581,-0.00399501288952,-0.060341001551,-0.0582721302504,-0.0371569746581,-0.060341001551,0.0251024337981,0.0389775267114,-3,-0.0016939582157,-0.0297125750067,0,0.0434782608696,-0.0434782608696,88,5,11,402,0.888888888889,0.987714987715,0.012285012285,0.111111111111,0.94623655914,0.888888888889,0.916666666667,0.897845662081,0.876603876604,0.846153846154,24,30,0,23,23,23,1,0,8,0,0.0386050732335,0,0,1,3.88826011686,0,16,NaN,1,ok,2.18974518502,0,23,23,23,1,0,8,0,0.0279123296037,0,0,1,3.79567805383,0,16,NaN,1,ok,2.07331008963,0,23,23,23,1,0,8,0,0.0297164174043,0,0,1,3.82791911531,0,16,NaN,1,ok,2.13147305477,0,0,0,0
606,WLNM_dir_neg,0.91,0.747232399587,00:00:00,10,70,6,510967852,fixed,validated_v2,/gpfs/scratch/acw792/wlnm_roleonly_v2_20260910/result_wlnm_dir_neg_roleonly_trophicv2_100x290_train10-90_Apocrita_20260910_011848/ecological_snapshots/Broadstone_Stream_tax_mass_K10_ratio0.7_exp6_seed510967852_threshold0.5_validated_v2.mat,role_only,2,uniform_without_replacement,uniform_remaining_nonlinks,176,0,176,407,198,198,176,22,0,22,0.111111111111,138,60,0.5,0.869565217391,0.666666666667,0.754716981132,20,3,10,57,0.666666666667,0.95,0.05,0.333333333333,0.869565217391,0.666666666667,0.754716981132,0.855555555556,0.581481481481,0.654867256637,0.666477368755,0.616666666667,99,69,30,0,99,0,69,0,30,23,99,0.195652173913,2.18974518502,8.60869565217,6.6,4.5,4.59979377438,0.534319478842,0.291611769873,4.28989068105,0.996641269334,0.541062801932,2.91445898002,0.677096530713,0.355731225296,1.07629584498,0.491516479791,2.88826011686,2.18974518502,1.07629584498,2.88826011686,0.351612638569,0.458912768647,121,0.0683229813665,0.291765337837,23,23,23,1,0,0.347826086957,0.608695652174,0.0434782608696,23,0.136363636364,2.09914700769,6,4.92857142857,3.28571428571,3.34392257414,0.557320429023,0.308758664146,3.1333978072,1.04446593573,0.5595463138,1.85864075457,0.61954691819,0.332703213611,1.06482357201,0.507264888122,2.85090627763,2.14910823532,1.06193095441,2.85090627763,0.295139708776,0.33,44,0.0248447204969,0.168033401275,23,22,22,0.95652173913,0,0.347826086957,0.565217391304,0.0434782608696,23,92,0.181818181818,2.18380497827,8,6.57142857143,4.18181818182,4.74820540262,0.593525675327,0.324669187146,4.37970526198,1.0949263155,0.583175803403,2.19503572139,0.548758930348,0.297731568998,1.13732068767,0.520797735596,2.95102684137,2.18380497827,1.13732068767,2.95102684137,0.484549793641,0.459821428571,103,0.0581592320723,0.218146373429,23,23,23,1,0,0.391304347826,0.565217391304,0.0434782608696,-7,-0.0138339920949,-0.00594020675544,-0.608695652174,-0.0285714285714,-0.318181818182,0.148411628241,0.0592061964855,0.0330574172729,0.0898145809331,0.0982850461609,0.0421130014703,-0.719423258634,-0.128337600365,-0.0579996562983,0.0610248426836,0.0292812558051,0.0627667245169,-0.00594020675544,0.0610248426836,0.0627667245169,0.132937155072,0.000908659924147,-18,-0.0101637492942,-0.0736189644077,0.0434782608696,-0.0434782608696,0,89,3,10,404,0.89898989899,0.992628992629,0.00737100737101,0.10101010101,0.967391304348,0.89898989899,0.931937172775,0.917064705646,0.891618891619,0.872549019608,23,30,0,23,23,23,1,0,8,0,0.0386050732335,0,0,1,3.88826011686,0,16,NaN,1,ok,2.18974518502,0,23,22,22,0.95652173913,0,8,0,0.0311682823916,0,0,1,3.85090627763,0,16,NaN,1,ok,2.14910823532,0,23,23,23,1,0,9,0,0.0370219224197,0,0,1,3.95102684137,0,16,NaN,1,ok,2.18380497827,0,0,0,0
607,WLNM_dir_neg,0.880555555556,0.741298152115,00:00:00,10,70,7,510967853,fixed,validated_v2,/gpfs/scratch/acw792/wlnm_roleonly_v2_20260910/result_wlnm_dir_neg_roleonly_trophicv2_100x290_train10-90_Apocrita_20260910_011848/ecological_snapshots/Broadstone_Stream_tax_mass_K10_ratio0.7_exp7_seed510967853_threshold0.5_validated_v2.mat,role_only,2,uniform_without_replacement,uniform_remaining_nonlinks,176,0,176,407,198,198,176,22,0,22,0.111111111111,138,60,0.5,0.95,0.633333333333,0.76,19,1,11,59,0.633333333333,0.983333333333,0.0166666666667,0.366666666667,0.95,0.633333333333,0.76,0.866666666667,0.592592592593,0.672727272727,0.699234275067,0.616666666667,99,69,30,0,99,0,69,0,30,23,99,0.195652173913,2.18974518502,8.60869565217,6.6,4.5,4.59979377438,0.534319478842,0.291611769873,4.28989068105,0.996641269334,0.541062801932,2.91445898002,0.677096530713,0.355731225296,1.07629584498,0.491516479791,2.88826011686,2.18974518502,1.07629584498,2.88826011686,0.351612638569,0.458912768647,121,0.0683229813665,0.291765337837,23,23,23,1,0,0.347826086957,0.608695652174,0.0434782608696,23,0.136363636364,2.10117643916,6,4.6,3.13636363636,3.46410161514,0.57735026919,0.319470699433,3.08957190327,1.02985730109,0.554505356018,2.29624198915,0.765413996383,0.389413988658,1.01165086713,0.481468784948,2.78357030016,2.10117643916,1.01165086713,2.78357030016,0.315745894317,0.362186788155,53,0.029926595144,0.201557833701,23,23,23,1,0,0.347826086957,0.608695652174,0.0434782608696,23,89,0.175889328063,2.10868434653,7.73913043478,5.93333333333,4.04545454545,4.19108785297,0.541545059653,0.300439667807,3.93474439306,1.01684405663,0.549096238398,2.83331395793,0.7322047307,0.392769907181,0.997528371,0.473057227669,2.6514115899,2.10868434653,0.997528371,2.6514115899,0.369393040822,0.453637660485,106,0.059853190288,0.262140201069,23,23,23,1,0,0.347826086957,0.608695652174,0.0434782608696,-10,-0.0197628458498,-0.0810608384909,-0.869565217391,-0.666666666667,-0.454545454545,-0.408705921408,0.00722558081151,0.00882789793391,-0.355146287985,0.0202027872999,0.00803343646529,-0.0811450220964,0.0551081999878,0.0370386818848,-0.0787674739835,-0.0184592521225,-0.236848526962,-0.0810608384909,-0.0787674739835,-0.236848526962,0.0177804022525,-0.00527510816226,-15,-0.00846979107849,-0.029625136768,0,0,0,88,1,11,406,0.888888888889,0.997542997543,0.002457002457,0.111111111111,0.988764044944,0.888888888889,0.936170212766,0.923628108207,0.886431886432,0.88,20,30,0,23,23,23,1,0,8,0,0.0386050732335,0,0,1,3.88826011686,0,16,NaN,1,ok,2.18974518502,0,23,23,23,1,0,8,0,0.0221381477109,0,0,1,3.78357030016,0,16,NaN,1,ok,2.10117643916,0,23,23,23,1,0,8,0,0.0339452515836,0,0,1,3.6514115899,0,16,NaN,1,ok,2.10868434653,0,0,0,0
608,WLNM_dir_neg,0.903611111111,0.76333866028,00:00:00,10,70,8,510967854,fixed,validated_v2,/gpfs/scratch/acw792/wlnm_roleonly_v2_20260910/result_wlnm_dir_neg_roleonly_trophicv2_100x290_train10-90_Apocrita_20260910_011848/ecological_snapshots/Broadstone_Stream_tax_mass_K10_ratio0.7_exp8_seed510967854_threshold0.5_validated_v2.mat,role_only,2,uniform_without_replacement,uniform_remaining_nonlinks,176,0,176,407,198,198,176,22,0,22,0.111111111111,138,60,0.5,0.756756756757,0.933333333333,0.835820895522,28,9,2,51,0.933333333333,0.85,0.15,0.0666666666667,0.756756756757,0.933333333333,0.835820895522,0.877777777778,0.52962962963,0.740157480315,0.750488537131,0.783333333333,99,69,30,0,99,0,69,0,30,23,99,0.195652173913,2.18974518502,8.60869565217,6.6,4.5,4.59979377438,0.534319478842,0.291611769873,4.28989068105,0.996641269334,0.541062801932,2.91445898002,0.677096530713,0.355731225296,1.07629584498,0.491516479791,2.88826011686,2.18974518502,1.07629584498,2.88826011686,0.351612638569,0.458912768647,121,0.0683229813665,0.291765337837,23,23,23,1,0,0.347826086957,0.608695652174,0.0434782608696,23,0.136363636364,2.19148998243,6,4.92857142857,3.28571428571,3.78993883376,0.631656472293,0.335223692502,3.04511531354,1.01503843785,0.544423440454,2.33549683248,0.778498944162,0.410838059231,1.15748844504,0.528174189395,3.21243600577,2.19148998243,1.15748844504,3.21243600577,0.332157287157,0.391625615764,53,0.029926595144,0.197529668134,23,23,23,1,0,0.391304347826,0.521739130435,0.0869565217391,23,106,0.209486166008,3.2696275296,9.21739130435,7.06666666667,4.81818181818,4.87065910921,0.528420563735,0.292452830189,4.50998014947,0.97858059847,0.533223954061,2.77552829426,0.602237271397,0.32403609516,1.88774639781,0.57735824057,4.57798363899,3.2696275296,1.88774639781,4.57798363899,0.399735617917,0.477815699659,140,0.0790513833992,0.251218005462,23,23,23,1,0,0.347826086957,0.608695652174,0.0434782608696,7,0.0138339920949,1.07988234458,0.608695652174,0.466666666667,0.318181818182,0.27086533483,-0.00589891510705,0.00084106031604,0.220089468423,-0.0180606708642,-0.00783884787166,-0.138930685762,-0.0748592593161,-0.0316951301365,0.811450552827,0.0858417607785,1.68972352213,1.07988234458,0.811450552827,1.68972352213,0.0481229793483,0.0189029310114,19,0.0107284020327,-0.0405473323751,0,0,0,97,9,2,398,0.979797979798,0.977886977887,0.022113022113,0.020202020202,0.915094339623,0.979797979798,0.946341463415,0.933586449736,0.957684957685,0.898148148148,37,30,0,23,23,23,1,0,8,0,0.0386050732335,0,0,1,3.88826011686,0,16,NaN,1,ok,2.18974518502,0,23,23,23,1,0,9,0,0.0475832065026,0,0,1,4.21243600577,0,16,NaN,1,ok,2.19148998243,0,23,23,23,1,0,8,0,0.0357574329032,0,0,1,5.57798363899,0,16,NaN,1,ok,3.2696275296,0,0,0,0
609,WLNM_dir_neg,0.907777777778,0.805197673913,00:00:00,10,70,9,510967855,fixed,validated_v2,/gpfs/scratch/acw792/wlnm_roleonly_v2_20260910/result_wlnm_dir_neg_roleonly_trophicv2_100x290_train10-90_Apocrita_20260910_011848/ecological_snapshots/Broadstone_Stream_tax_mass_K10_ratio0.7_exp9_seed510967855_threshold0.5_validated_v2.mat,role_only,2,uniform_without_replacement,uniform_remaining_nonlinks,176,0,176,407,198,198,176,22,0,22,0.111111111111,138,60,0.5,0.916666666667,0.733333333333,0.814814814815,22,2,8,58,0.733333333333,0.966666666667,0.0333333333333,0.266666666667,0.916666666667,0.733333333333,0.814814814815,0.888888888889,0.577777777778,0.736842105263,0.746202507245,0.7,99,69,30,0,99,0,69,0,30,23,99,0.195652173913,2.18974518502,8.60869565217,6.6,4.5,4.59979377438,0.534319478842,0.291611769873,4.28989068105,0.996641269334,0.541062801932,2.91445898002,0.677096530713,0.355731225296,1.07629584498,0.491516479791,2.88826011686,2.18974518502,1.07629584498,2.88826011686,0.351612638569,0.458912768647,121,0.0683229813665,0.291765337837,23,23,23,1,0,0.347826086957,0.608695652174,0.0434782608696,23,0.136363636364,2.19193914922,6,4.6,3.45,3.39786028928,0.566310048213,0.315689981096,3.03015151136,1.01005050379,0.545683679899,2.35487888127,0.78495962709,0.415879017013,1.08100494415,0.493172880521,2.9229642916,2.19193914922,1.08100494415,2.9229642916,0.298783755927,0.36476426799,49,0.0276679841897,0.185607989894,23,23,23,1,0,0.347826086957,0.521739130435,0.130434782609,23,93,0.183794466403,2.2859117616,8.08695652174,6.2,4.22727272727,4.56182821683,0.564097037565,0.309490416082,3.99406674581,0.987779947888,0.535764375877,2.94615714062,0.728619507896,0.37587657784,1.17029285566,0.511958893303,3.0723185562,2.2859117616,1.17029285566,3.0723185562,0.38644495601,0.448079658606,105,0.0592885375494,0.274524779977,23,23,23,1,0,0.347826086957,0.608695652174,0.0434782608696,-6,-0.0118577075099,0.0961665765738,-0.521739130435,-0.4,-0.272727272727,-0.0379655575498,0.0297775587229,0.0178786462096,-0.29582393524,-0.00886132144648,-0.00529842605579,0.0316981605968,0.0515229771828,0.0201453525437,0.0939970106733,0.0204424135119,0.184058439346,0.0961665765738,0.0939970106733,0.184058439346,0.034832317441,-0.0108331100413,-16,-0.00903444381705,-0.0172405578598,0,0,0,91,2,8,405,0.919191919192,0.995085995086,0.004914004914,0.0808080808081,0.978494623656,0.919191919192,0.947916666667,0.936432613612,0.914277914278,0.90099009901,24,30,0,23,23,23,1,0,8,0,0.0386050732335,0,0,1,3.88826011686,0,16,NaN,1,ok,2.18974518502,0,23,23,23,1,0,8,0,0.0253843728057,0,0,1,3.9229642916,0,16,NaN,1,ok,2.19193914922,0,23,23,23,1,0,8,0,0.0416498544776,0,0,1,4.0723185562,0,16,NaN,1,ok,2.2859117616,0,0,0,0
610,WLNM_dir_neg,0.936666666667,0.794162894118,00:00:00,10,70,10,510967856,fixed,validated_v2,/gpfs/scratch/acw792/wlnm_roleonly_v2_20260910/result_wlnm_dir_neg_roleonly_trophicv2_100x290_train10-90_Apocrita_20260910_011848/ecological_snapshots/Broadstone_Stream_tax_mass_K10_ratio0.7_exp10_seed510967856_threshold0.5_validated_v2.mat,role_only,2,uniform_without_replacement,uniform_remaining_nonlinks,176,0,176,407,198,198,176,22,0,22,0.111111111111,138,60,0.5,0.8,0.8,0.8,24,6,6,54,0.8,0.9,0.1,0.2,0.8,0.8,0.8,0.866666666667,0.555555555556,0.7,0.7,0.7,99,69,30,0,99,0,69,0,30,23,99,0.195652173913,2.18974518502,8.60869565217,6.6,4.5,4.59979377438,0.534319478842,0.291611769873,4.28989068105,0.996641269334,0.541062801932,2.91445898002,0.677096530713,0.355731225296,1.07629584498,0.491516479791,2.88826011686,2.18974518502,1.07629584498,2.88826011686,0.351612638569,0.458912768647,121,0.0683229813665,0.291765337837,23,23,23,1,0,0.347826086957,0.608695652174,0.0434782608696,23,0.136363636364,2.07888217576,6,4.6,3.28571428571,3.54195631614,0.59032605269,0.328292375551,3.07482445914,1.02494148638,0.545683679899,2.62851496269,0.87617165423,0.452425960933,0.981414339964,0.472087524444,2.70854372854,2.07888217576,0.981414339964,2.70854372854,0.317929292929,0.406542056075,58,0.0327498588368,0.231296719154,23,23,23,1,0,0.347826086957,0.565217391304,0.0869565217391,23,99,0.195652173913,1,8.60869565217,5.82352941176,4.5,4.6293444503,0.537752133116,0.297760210804,4.18259143908,0.971713162614,0.52876592007,2.85139172732,0.66244454271,0.352217830479,0,0,0,14.1452378785,9.30406602015,22.043249683,0.37788781267,0.521582733813,145,0.081874647092,0.223728715057,23,23,23,1,0,0.260869565217,0.695652173913,0.0434782608696,0,0,-1.18974518502,0,-0.776470588235,0,0.0295506759231,0.0034326542739,0.00614844093105,-0.10729924197,-0.0249281067202,-0.0122968818621,-0.063067252708,-0.0146519880029,-0.00351339481774,-1.07629584498,-0.491516479791,-2.88826011686,11.9554926935,8.22777017517,19.1549895661,0.0262751741013,0.0626699651657,24,0.0135516657256,-0.0680366227802,-0.0869565217391,0.0869565217391,0,93,6,6,401,0.939393939394,0.985257985258,0.014742014742,0.0606060606061,0.939393939394,0.939393939394,0.939393939394,0.924651924652,0.924651924652,0.885714285714,30,30,0,23,23,23,1,0,8,0,0.0386050732335,0,0,1,3.88826011686,0,16,NaN,1,ok,2.18974518502,0,23,23,23,1,0,8,0,0.0353784354729,0,0,1,3.70854372854,0,16,NaN,1,ok,2.07888217576,0,23,23,23,1,0,6,0,0.00331379110458,0,0,1,23.043249683,1,16,NaN,1,ok,NaN,3,0,0,0
611,WLNM_dir_neg,0.918333333333,0.783976457545,00:00:00,10,70,11,510967857,fixed,validated_v2,/gpfs/scratch/acw792/wlnm_roleonly_v2_20260910/result_wlnm_dir_neg_roleonly_trophicv2_100x290_train10-90_Apocrita_20260910_011848/ecological_snapshots/Broadstone_Stream_tax_mass_K10_ratio0.7_exp11_seed510967857_threshold0.5_validated_v2.mat,role_only,2,uniform_without_replacement,uniform_remaining_nonlinks,176,0,176,407,198,198,176,22,0,22,0.111111111111,138,60,0.5,0.774193548387,0.8,0.786885245902,24,7,6,53,0.8,0.883333333333,0.116666666667,0.2,0.774193548387,0.8,0.786885245902,0.855555555556,0.551851851852,0.677685950413,0.677894337372,0.683333333333,99,69,30,0,99,0,69,0,30,23,99,0.195652173913,2.18974518502,8.60869565217,6.6,4.5,4.59979377438,0.534319478842,0.291611769873,4.28989068105,0.996641269334,0.541062801932,2.91445898002,0.677096530713,0.355731225296,1.07629584498,0.491516479791,2.88826011686,2.18974518502,1.07629584498,2.88826011686,0.351612638569,0.458912768647,121,0.0683229813665,0.291765337837,23,23,23,1,0,0.347826086957,0.608695652174,0.0434782608696,23,0.136363636364,2.20879822,6,4.6,3.45,3.38445644891,0.564076074818,0.303087586641,3.04511531354,1.01503843785,0.546943919345,2.44948974278,0.816496580928,0.417139256459,1.10395725652,0.499799957517,2.946688957,2.20879822,1.10395725652,2.946688957,0.276718483537,0.326086956522,45,0.0254093732355,0.189226567084,23,23,23,1,0,0.347826086957,0.521739130435,0.130434782609,23,100,0.197628458498,2.51162160454,8.69565217391,6.25,4.54545454545,4.45619877361,0.512462858965,0.280869565217,4.0407998269,0.929383960188,0.506956521739,3.08380956334,0.709276199567,0.38,1.20680342691,0.480487755292,3.10950652452,2.51162160454,1.20680342691,3.10950652452,0.33273900013,0.421813403417,107,0.0604178430265,0.261578595016,23,23,23,1,0,0.304347826087,0.652173913043,0.0434782608696,1,0.00197628458498,0.321876419514,0.0869565217391,-0.35,0.0454545454545,-0.143595000772,-0.0218566198772,-0.0107422046552,-0.249090854143,-0.0672573091463,-0.0341062801932,0.169350583312,0.0321796688546,0.0242687747036,0.130507581924,-0.0110287244996,0.221246407667,0.321876419514,0.130507581924,0.221246407667,-0.0188736384389,-0.0370993652307,-14,-0.00790513833992,-0.0301867428207,-0.0434782608696,0.0434782608696,0,93,7,6,400,0.939393939394,0.982800982801,0.017199017199,0.0606060606061,0.93,0.939393939394,0.934673366834,0.918701682405,0.922194922195,0.877358490566,31,30,0,23,23,23,1,0,8,0,0.0386050732335,0,0,1,3.88826011686,0,16,NaN,1,ok,2.18974518502,0,23,23,23,1,0,8,0,0.0257344954702,0,0,1,3.946688957,0,16,NaN,1,ok,2.20879822,0,23,23,23,1,0,7,0,0.0397710533433,0,0,1,4.10950652452,0,16,NaN,1,ok,2.51162160454,0,0,0,0
612,WLNM_dir_neg,0.9,0.796670653717,00:00:00,10,70,12,510967858,fixed,validated_v2,/gpfs/scratch/acw792/wlnm_roleonly_v2_20260910/result_wlnm_dir_neg_roleonly_trophicv2_100x290_train10-90_Apocrita_20260910_011848/ecological_snapshots/Broadstone_Stream_tax_mass_K10_ratio0.7_exp12_seed510967858_threshold0.5_validated_v2.mat,role_only,2,uniform_without_replacement,uniform_remaining_nonlinks,176,0,176,407,198,198,176,22,0,22,0.111111111111,138,60,0.5,0.735294117647,0.833333333333,0.78125,25,9,5,51,0.833333333333,0.85,0.15,0.166666666667,0.735294117647,0.833333333333,0.78125,0.844444444444,0.540740740741,0.661290322581,0.664408816641,0.683333333333,99,69,30,0,99,0,69,0,30,23,99,0.195652173913,2.18974518502,8.60869565217,6.6,4.5,4.59979377438,0.534319478842,0.291611769873,4.28989068105,0.996641269334,0.541062801932,2.91445898002,0.677096530713,0.355731225296,1.07629584498,0.491516479791,2.88826011686,2.18974518502,1.07629584498,2.88826011686,0.351612638569,0.458912768647,121,0.0683229813665,0.291765337837,23,23,23,1,0,0.347826086957,0.608695652174,0.0434782608696,23,0.136363636364,2.1173831014,6,4.6,3.45,3.38445644891,0.564076074818,0.306868304978,3.07482445914,1.02494148638,0.554505356018,2.43086217402,0.810287391341,0.428481411468,1.00768111131,0.47590873406,2.64416651452,2.1173831014,1.00768111131,2.64416651452,0.283471359558,0.372151898734,49,0.0276679841897,0.188021290878,23,23,23,1,0,0.347826086957,0.521739130435,0.130434782609,23,103,0.203557312253,13.4988079748,8.95652173913,6.05882352941,4.90476190476,4.84747601494,0.541223050212,0.296749683411,4.12166741653,0.92037233573,0.503165892782,2.88994440364,0.645327391104,0.352047277332,8.93804114707,0.662135587362,21.7364216931,13.4988079748,8.93804114707,21.7364216931,0.380877335225,0.495145631068,136,0.0767927724449,0.214002698463,23,23,23,1,0,0.260869565217,0.652173913043,0.0869565217391,4,0.00790513833992,11.3090627898,0.347826086957,-0.541176470588,0.404761904762,0.247682240563,0.00690357136992,0.00513791353808,-0.168223264517,-0.0762689336041,-0.0378969091506,-0.0245145763851,-0.0317691396088,-0.00368394796423,7.86174530208,0.17061910757,18.8481615763,11.3090627898,7.86174530208,18.8481615763,0.029264696656,0.0362328624207,15,0.00846979107849,-0.077762639374,-0.0869565217391,0.0434782608696,0.0434782608696,94,9,5,398,0.949494949495,0.977886977887,0.022113022113,0.0505050505051,0.912621359223,0.949494949495,0.930693069307,0.913697201396,0.927381927382,0.87037037037,34,30,0,23,23,23,1,0,8,0,0.0386050732335,0,0,1,3.88826011686,0,16,NaN,1,ok,2.18974518502,0,23,23,23,1,0,8,0,0.0275386590039,0,0,1,3.64416651452,0,16,NaN,1,ok,2.1173831014,0,23,23,23,1,0,6,0,0.00472647126744,0,0,1,22.7364216931,0,16,NaN,1,ok,13.4988079748,0,0,0,0
613,WLNM_dir_neg,0.866666666667,0.743222784068,00:00:00,10,70,13,510967859,fixed,validated_v2,/gpfs/scratch/acw792/wlnm_roleonly_v2_20260910/result_wlnm_dir_neg_roleonly_trophicv2_100x290_train10-90_Apocrita_20260910_011848/ecological_snapshots/Broadstone_Stream_tax_mass_K10_ratio0.7_exp13_seed510967859_threshold0.5_validated_v2.mat,role_only,2,uniform_without_replacement,uniform_remaining_nonlinks,176,0,176,407,198,198,176,22,0,22,0.111111111111,138,60,0.5,0.741935483871,0.766666666667,0.754098360656,23,8,7,52,0.766666666667,0.866666666667,0.133333333333,0.233333333333,0.741935483871,0.766666666667,0.754098360656,0.833333333333,0.551851851852,0.628099173554,0.628292312686,0.633333333333,99,69,30,0,99,0,69,0,30,23,99,0.195652173913,2.18974518502,8.60869565217,6.6,4.5,4.59979377438,0.534319478842,0.291611769873,4.28989068105,0.996641269334,0.541062801932,2.91445898002,0.677096530713,0.355731225296,1.07629584498,0.491516479791,2.88826011686,2.18974518502,1.07629584498,2.88826011686,0.351612638569,0.458912768647,121,0.0683229813665,0.291765337837,23,23,23,1,0,0.347826086957,0.608695652174,0.0434782608696,23,0.136363636364,2.26619099991,6,4.6,3.28571428571,3.19089614087,0.531816023478,0.2936357908,2.89199522192,0.963998407308,0.525519848771,2.37410270131,0.791367567103,0.417139256459,1.17472080615,0.518367960244,3.10401265344,2.26619099991,1.17472080615,3.10401265344,0.272464908829,0.339331619537,44,0.0248447204969,0.19504466433,23,23,23,1,0,0.347826086957,0.565217391304,0.0869565217391,23,100,0.197628458498,13.8340744833,8.69565217391,5.55555555556,4.7619047619,4.60666298675,0.529766243477,0.294782608696,3.85661999509,0.887022598872,0.489565217391,3.02427595621,0.695583469927,0.378260869565,7.88752262095,0.570151811058,20.4046651793,13.8340744833,7.88752262095,20.4046651793,0.343883893884,0.455284552846,112,0.0632411067194,0.19903303476,23,23,23,1,0,0.217391304348,0.695652173913,0.0869565217391,1,0.00197628458498,11.6443292982,0.0869565217391,-1.04444444444,0.261904761905,0.00686921237564,-0.00455323536522,0.00317083882301,-0.433270685953,-0.109618670463,-0.0514975845411,0.109816976182,0.0184869392147,0.0225296442688,6.81122677597,0.0786353312672,17.5164050625,11.6443292982,6.81122677597,17.5164050625,-0.00772874468527,-0.00362821580175,-9,-0.00508187464709,-0.0927323030771,-0.130434782609,0.0869565217391,0.0434782608696,92,8,7,399,0.929292929293,0.980343980344,0.019656019656,0.0707070707071,0.92,0.929292929293,0.924623115578,0.906191239128,0.909636909637,0.859813084112,31,30,0,23,23,23,1,0,8,0,0.0386050732335,0,0,1,3.88826011686,0,16,NaN,1,ok,2.18974518502,0,23,23,23,1,0,8,0,0.0314308676117,0,0,1,4.10401265344,0,16,NaN,1,ok,2.26619099991,0,23,23,23,1,0,5,0,0.0041906195223,0,0,1,21.4046651793,0,16,NaN,1,ok,13.8340744833,0,0,0,0
614,WLNM_dir_neg,0.933333333333,0.882949079933,00:00:00,10,70,14,510967860,fixed,validated_v2,/gpfs/scratch/acw792/wlnm_roleonly_v2_20260910/result_wlnm_dir_neg_roleonly_trophicv2_100x290_train10-90_Apocrita_20260910_011848/ecological_snapshots/Broadstone_Stream_tax_mass_K10_ratio0.7_exp14_seed510967860_threshold0.5_validated_v2.mat,role_only,2,uniform_without_replacement,uniform_remaining_nonlinks,176,0,176,407,198,198,176,22,0,22,0.111111111111,138,60,0.5,0.92,0.766666666667,0.836363636364,23,2,7,58,0.766666666667,0.966666666667,0.0333333333333,0.233333333333,0.92,0.766666666667,0.836363636364,0.9,0.574074074074,0.765217391304,0.77181105699,0.733333333333,99,69,30,0,99,0,69,0,30,23,99,0.195652173913,2.18974518502,8.60869565217,6.6,4.5,4.59979377438,0.534319478842,0.291611769873,4.28989068105,0.996641269334,0.541062801932,2.91445898002,0.677096530713,0.355731225296,1.07629584498,0.491516479791,2.88826011686,2.18974518502,1.07629584498,2.88826011686,0.351612638569,0.458912768647,121,0.0683229813665,0.291765337837,23,23,23,1,0,0.347826086957,0.608695652174,0.0434782608696,23,0.136363636364,2.09966509667,6,4.92857142857,3.28571428571,3.90803368367,0.651338947279,0.357277882798,3.2891004573,1.0963668191,0.579710144928,2.2360679775,0.7453559925,0.403276622558,1.04630831645,0.498321526664,2.65289427358,2.09966509667,1.04630831645,2.65289427358,0.283824640967,0.396634615385,55,0.0310559006211,0.174816575366,23,23,23,1,0,0.391304347826,0.521739130435,0.0869565217391,23,94,0.185770750988,2.04258829417,8.17391304348,6.71428571429,4.27272727273,4.59893440141,0.562635591662,0.309435707678,4.27373632018,1.04570144004,0.563367252544,2.71214513352,0.663609979479,0.358001850139,0.970535394677,0.475149787868,2.55145118734,2.04258829417,0.970535394677,2.55145118734,0.346299352821,0.464043419267,114,0.0643704121965,0.266526932631,23,23,23,1,0,0.391304347826,0.565217391304,0.0434782608696,-5,-0.0098814229249,-0.147156890855,-0.434782608696,0.114285714286,-0.227272727273,-0.000859372968617,0.0283161128199,0.0178239378054,-0.0161543608717,0.0490601707087,0.0223044506116,-0.202313846501,-0.0134865512335,0.00227062484232,-0.105760450306,-0.016366691923,-0.336808929523,-0.147156890855,-0.105760450306,-0.336808929523,-0.00531328574807,0.00513065062002,-7,-0.00395256916996,-0.0252384052061,0.0434782608696,-0.0434782608696,0,92,2,7,405,0.929292929293,0.995085995086,0.004914004914,0.0707070707071,0.978723404255,0.929292929293,0.953367875648,0.942871051909,0.924378924379,0.910891089109,25,30,0,23,23,23,1,0,8,0,0.0386050732335,0,0,1,3.88826011686,0,16,NaN,1,ok,2.18974518502,0,23,23,23,1,0,9,0,0.0458968853164,0,0,1,3.65289427358,0,16,NaN,1,ok,2.09966509667,0,23,23,23,1,0,9,0,0.0479917172192,0,0,1,3.55145118734,0,16,NaN,1,ok,2.04258829417,0,0,0,0
615,WLNM_dir_neg,0.919444444444,0.770462513833,00:00:00,10,70,15,510967861,fixed,validated_v2,/gpfs/scratch/acw792/wlnm_roleonly_v2_20260910/result_wlnm_dir_neg_roleonly_trophicv2_100x290_train10-90_Apocrita_20260910_011848/ecological_snapshots/Broadstone_Stream_tax_mass_K10_ratio0.7_exp15_seed510967861_threshold0.5_validated_v2.mat,role_only,2,uniform_without_replacement,uniform_remaining_nonlinks,176,0,176,407,198,198,176,22,0,22,0.111111111111,138,60,0.5,0.842105263158,0.533333333333,0.65306122449,16,3,14,57,0.533333333333,0.95,0.05,0.466666666667,0.842105263158,0.533333333333,0.65306122449,0.811111111111,0.596296296296,0.532110091743,0.558312080776,0.483333333333,99,69,30,0,99,0,69,0,30,23,99,0.195652173913,2.18974518502,8.60869565217,6.6,4.5,4.59979377438,0.534319478842,0.291611769873,4.28989068105,0.996641269334,0.541062801932,2.91445898002,0.677096530713,0.355731225296,1.07629584498,0.491516479791,2.88826011686,2.18974518502,1.07629584498,2.88826011686,0.351612638569,0.458912768647,121,0.0683229813665,0.291765337837,23,23,23,1,0,0.347826086957,0.608695652174,0.0434782608696,23,0.136363636364,2.15049194276,6,4.6,3.13636363636,3.20510955706,0.534184926176,0.295526149968,3.03015151136,1.01005050379,0.546943919345,2.17422922602,0.724743075339,0.379332073094,1.0385831853,0.482951442247,2.97913711584,2.15049194276,1.0385831853,2.97913711584,0.25559334845,0.344743276284,47,0.0265386787126,0.170158915159,23,23,23,1,0,0.347826086957,0.608695652174,0.0434782608696,23,88,0.173913043478,2.27780392533,7.65217391304,5.5,3.82608695652,4.36524179953,0.570457735166,0.313735177866,3.78576489105,0.989461278342,0.536561264822,2.80668315913,0.73356491659,0.390316205534,1.0936088017,0.480115425889,3.04461842077,2.27780392533,1.0936088017,3.04461842077,0.410717817536,0.467532467532,96,0.0542066629023,0.212762568314,23,23,23,1,0,0.304347826087,0.695652173913,0,-11,-0.0217391304348,0.0880587403023,-0.95652173913,-1.1,-0.673913043478,-0.234551974845,0.0361382563243,0.022123407993,-0.504125790001,-0.00717999099263,-0.00450153711023,-0.107775820897,0.0564683858775,0.0345849802372,0.017312956716,-0.0114010539026,0.156358303916,0.0880587403023,0.017312956716,0.156358303916,0.0591051789668,0.00861969888519,-25,-0.0141163184641,-0.0790027695227,-0.0434782608696,0.0869565217391,-0.0434782608696,85,3,14,404,0.858585858586,0.992628992629,0.00737100737101,0.141414141414,0.965909090909,0.858585858586,0.909090909091,0.890890888261,0.851214851215,0.833333333333,19,30,0,23,23,23,1,0,8,0,0.0386050732335,0,0,1,3.88826011686,0,16,NaN,1,ok,2.18974518502,0,23,23,23,1,0,8,0,0.0317163963769,0,0,1,3.97913711584,0,16,NaN,1,ok,2.15049194276,0,23,23,23,1,0,7,0,0.0312674738941,0,0,1,4.04461842077,0,16,NaN,1,ok,2.27780392533,0,0,0,0
616,WLNM_dir_neg,0.926111111111,0.467915469301,00:00:00,10,70,16,510967862,fixed,validated_v2,/gpfs/scratch/acw792/wlnm_roleonly_v2_20260910/result_wlnm_dir_neg_roleonly_trophicv2_100x290_train10-90_Apocrita_20260910_011848/ecological_snapshots/Broadstone_Stream_tax_mass_K10_ratio0.7_exp16_seed510967862_threshold0.5_validated_v2.mat,role_only,2,uniform_without_replacement,uniform_remaining_nonlinks,176,0,176,407,198,198,176,22,0,22,0.111111111111,138,60,0.5,0.88,0.733333333333,0.8,22,3,8,57,0.733333333333,0.95,0.05,0.266666666667,0.88,0.733333333333,0.8,0.877777777778,0.574074074074,0.713043478261,0.719187575832,0.683333333333,99,69,30,0,99,0,69,0,30,23,99,0.195652173913,2.18974518502,8.60869565217,6.6,4.5,4.59979377438,0.534319478842,0.291611769873,4.28989068105,0.996641269334,0.541062801932,2.91445898002,0.677096530713,0.355731225296,1.07629584498,0.491516479791,2.88826011686,2.18974518502,1.07629584498,2.88826011686,0.351612638569,0.458912768647,121,0.0683229813665,0.291765337837,23,23,23,1,0,0.347826086957,0.608695652174,0.0434782608696,23,0.136363636364,2.16762694287,6,4.6,3.13636363636,3.51619629197,0.586032715328,0.322621298047,2.93876906823,0.979589689409,0.531821045999,2.48632624203,0.828775414011,0.39445494644,1.0690761848,0.493201188665,3.03973429952,2.16762694287,1.0690761848,3.03973429952,0.24654040404,0.284960422164,36,0.0203274985884,0.223267367553,23,23,23,1,0,0.347826086957,0.608695652174,0.0434782608696,23,94,0.185770750988,2.18590838757,8.17391304348,6.26666666667,4.27272727273,4.88645785367,0.597811333162,0.327474560592,4.35799206765,1.06631720804,0.567067530065,2.7619664187,0.675800293937,0.355226641998,1.06810918292,0.488634010919,2.88813330645,2.18590838757,1.06810918292,2.88813330645,0.352708644013,0.406424581006,97,0.0547713156409,0.273137617129,23,23,23,1,0,0.347826086957,0.608695652174,0.0434782608696,-5,-0.0098814229249,-0.00383679745676,-0.434782608696,-0.333333333333,-0.227272727273,0.286664079297,0.0634918543204,0.0358627907194,0.0681013865981,0.0696759387067,0.0260047281324,-0.152492561325,-0.00129623677564,-0.000504583298293,-0.00818666206494,-0.00288246887251,-0.00012681040496,-0.00383679745676,-0.00818666206494,-0.00012681040496,0.00109600544383,-0.0524881876417,-24,-0.0135516657256,-0.0186277207076,0,0,0,91,3,8,404,0.919191919192,0.992628992629,0.00737100737101,0.0808080808081,0.968085106383,0.919191919192,0.943005181347,0.9300618173,0.911820911821,0.892156862745,25,30,0,23,23,23,1,0,8,0,0.0386050732335,0,0,1,3.88826011686,0,16,NaN,1,ok,2.18974518502,0,23,23,23,1,0,8,0,0.028766336637,0,0,1,4.03973429952,0,16,NaN,1,ok,2.16762694287,0,23,23,23,1,0,8,0,0.0380439151554,0,0,1,3.88813330645,0,16,NaN,1,ok,2.18590838757,0,0,0,0
617,WLNM_dir_neg,0.927777777778,0.813883366911,00:00:00,10,70,17,510967863,fixed,validated_v2,/gpfs/scratch/acw792/wlnm_roleonly_v2_20260910/result_wlnm_dir_neg_roleonly_trophicv2_100x290_train10-90_Apocrita_20260910_011848/ecological_snapshots/Broadstone_Stream_tax_mass_K10_ratio0.7_exp17_seed510967863_threshold0.5_validated_v2.mat,role_only,2,uniform_without_replacement,uniform_remaining_nonlinks,176,0,176,407,198,198,176,22,0,22,0.111111111111,138,60,0.5,0.774193548387,0.8,0.786885245902,24,7,6,53,0.8,0.883333333333,0.116666666667,0.2,0.774193548387,0.8,0.786885245902,0.855555555556,0.551851851852,0.677685950413,0.677894337372,0.683333333333,99,69,30,0,99,0,69,0,30,23,99,0.195652173913,2.18974518502,8.60869565217,6.6,4.5,4.59979377438,0.534319478842,0.291611769873,4.28989068105,0.996641269334,0.541062801932,2.91445898002,0.677096530713,0.355731225296,1.07629584498,0.491516479791,2.88826011686,2.18974518502,1.07629584498,2.88826011686,0.351612638569,0.458912768647,121,0.0683229813665,0.291765337837,23,23,23,1,0,0.347826086957,0.608695652174,0.0434782608696,23,0.136363636364,2.09995909303,6,4.6,3.28571428571,3.2891004573,0.548183409549,0.303087586641,3.06000594176,1.02000198059,0.549464398236,2.48632624203,0.828775414011,0.436042848141,0.989912826784,0.47139624294,2.7876344086,2.14995723363,0.983034587052,2.7876344086,0.280859616574,0.370629370629,53,0.029926595144,0.199351283637,23,22,22,0.95652173913,0,0.304347826087,0.608695652174,0.0434782608696,23,100,0.197628458498,4.16029794619,8.69565217391,5.26315789474,4.54545454545,4.21506802068,0.484732822378,0.271739130435,3.92669992895,0.903140983658,0.492173913043,2.97884504239,0.685134359749,0.366086956522,2.0778834544,0.499455443162,6.03233696447,4.16029794619,2.0778834544,6.03233696447,0.473329810286,0.508293838863,143,0.0807453416149,0.20321290598,23,23,23,1,0,0.173913043478,0.782608695652,0.0434782608696,1,0.00197628458498,1.97055276117,0.0869565217391,-1.33684210526,0.0454545454545,-0.384725753696,-0.0495866564634,-0.0198726394379,-0.363190752097,-0.0935002856757,-0.0488888888889,0.0643860623639,0.00803782903656,0.0103557312253,1.00158760942,0.00793896337074,3.14407684761,1.97055276117,1.00158760942,3.14407684761,0.121717171717,0.0493810702153,22,0.0124223602484,-0.0885524318565,-0.173913043478,0.173913043478,0,93,7,6,400,0.939393939394,0.982800982801,0.017199017199,0.0606060606061,0.93,0.939393939394,0.934673366834,0.918701682405,0.922194922195,0.877358490566,31,30,0,23,23,23,1,0,8,0,0.0386050732335,0,0,1,3.88826011686,0,16,NaN,1,ok,2.18974518502,0,23,22,22,0.95652173913,0,7,0,0.0324648631092,0,0,1,3.7876344086,0,16,NaN,1,ok,2.14995723363,0,23,23,23,1,0,4,0,0.0192673058035,0,0,1,7.03233696447,0,16,NaN,1,ok,4.16029794619,0,0,0,0
618,WLNM_dir_neg,0.959444444444,0.839156811929,00:00:00,10,70,18,510967864,fixed,validated_v2,/gpfs/scratch/acw792/wlnm_roleonly_v2_20260910/result_wlnm_dir_neg_roleonly_trophicv2_100x290_train10-90_Apocrita_20260910_011848/ecological_snapshots/Broadstone_Stream_tax_mass_K10_ratio0.7_exp18_seed510967864_threshold0.5_validated_v2.mat,role_only,2,uniform_without_replacement,uniform_remaining_nonlinks,176,0,176,407,198,198,176,22,0,22,0.111111111111,138,60,0.5,0.892857142857,0.833333333333,0.862068965517,25,3,5,57,0.833333333333,0.95,0.05,0.166666666667,0.892857142857,0.833333333333,0.862068965517,0.911111111111,0.562962962963,0.796610169492,0.79764197413,0.783333333333,99,69,30,0,99,0,69,0,30,23,99,0.195652173913,2.18974518502,8.60869565217,6.6,4.5,4.59979377438,0.534319478842,0.291611769873,4.28989068105,0.996641269334,0.541062801932,2.91445898002,0.677096530713,0.355731225296,1.07629584498,0.491516479791,2.88826011686,2.18974518502,1.07629584498,2.88826011686,0.351612638569,0.458912768647,121,0.0683229813665,0.291765337837,23,23,23,1,0,0.347826086957,0.608695652174,0.0434782608696,23,0.136363636364,2.11128562265,6,4.6,3.13636363636,3.37099931232,0.561833218719,0.31190926276,2.98481002898,0.994936676326,0.540642722117,2.25630429927,0.75210143309,0.367989918084,0.983377886856,0.465772075698,2.55684213106,2.11128562265,0.983377886856,2.55684213106,0.249898333989,0.299251870324,40,0.0225861095426,0.18315414744,23,23,23,1,0,0.347826086957,0.608695652174,0.0434782608696,23,97,0.191699604743,2.14523967845,8.4347826087,6.46666666667,4.40909090909,4.27281136912,0.50657042005,0.27790228597,4.03345691728,0.956386691726,0.522635589422,2.81160778558,0.666669887302,0.354101299866,1.02407128795,0.477369171491,2.75978133703,2.14523967845,1.02407128795,2.75978133703,0.307342416038,0.381081081081,94,0.0530773574252,0.274528117385,23,23,23,1,0,0.347826086957,0.608695652174,0.0434782608696,-2,-0.00395256916996,-0.0445055065782,-0.173913043478,-0.133333333333,-0.0909090909091,-0.326982405261,-0.0277490587919,-0.0137094839022,-0.256433763767,-0.0402545776079,-0.0184272125106,-0.102851194447,-0.0104266434108,-0.00162992543091,-0.0522245570335,-0.0141473083002,-0.128478779825,-0.0445055065782,-0.0522245570335,-0.128478779825,-0.0442702225311,-0.0778316875662,-27,-0.0152456239413,-0.0172372204515,0,0,0,94,3,5,404,0.949494949495,0.992628992629,0.00737100737101,0.0505050505051,0.969072164948,0.949494949495,0.959183673469,0.949457045178,0.942123942124,0.921568627451,28,30,0,23,23,23,1,0,8,0,0.0386050732335,0,0,1,3.88826011686,0,16,NaN,1,ok,2.18974518502,0,23,23,23,1,0,8,0,0.0276689431695,0,0,1,3.55684213106,0,16,NaN,1,ok,2.11128562265,0,23,23,23,1,0,8,0,0.0406624001712,0,0,1,3.75978133703,0,16,NaN,1,ok,2.14523967845,0,0,0,0
619,WLNM_dir_neg,0.907222222222,0.769915659088,00:00:00,10,70,19,510967865,fixed,validated_v2,/gpfs/scratch/acw792/wlnm_roleonly_v2_20260910/result_wlnm_dir_neg_roleonly_trophicv2_100x290_train10-90_Apocrita_20260910_011848/ecological_snapshots/Broadstone_Stream_tax_mass_K10_ratio0.7_exp19_seed510967865_threshold0.5_validated_v2.mat,role_only,2,uniform_without_replacement,uniform_remaining_nonlinks,176,0,176,407,198,198,176,22,0,22,0.111111111111,138,60,0.5,0.84,0.7,0.763636363636,21,4,9,56,0.7,0.933333333333,0.0666666666667,0.3,0.84,0.7,0.763636363636,0.855555555556,0.574074074074,0.660869565217,0.666564094673,0.633333333333,99,69,30,0,99,0,69,0,30,23,99,0.195652173913,2.18974518502,8.60869565217,6.6,4.5,4.59979377438,0.534319478842,0.291611769873,4.28989068105,0.996641269334,0.541062801932,2.91445898002,0.677096530713,0.355731225296,1.07629584498,0.491516479791,2.88826011686,2.18974518502,1.07629584498,2.88826011686,0.351612638569,0.458912768647,121,0.0683229813665,0.291765337837,23,23,23,1,0,0.347826086957,0.608695652174,0.0434782608696,23,0.136363636364,2.03653289933,6,4.92857142857,3.28571428571,3.75378596765,0.625630994608,0.345935727788,3.39786028928,1.13262009643,0.588531821046,2.06705763653,0.689019212176,0.371770636421,1.00556433131,0.493762871027,2.87654901961,2.08364803111,1.00290708161,2.87654901961,0.308282828283,0.36496350365,50,0.0282326369283,0.16697365516,23,22,22,0.95652173913,0,0.347826086957,0.565217391304,0.0434782608696,23,94,0.185770750988,3.56208508375,8.17391304348,5.875,4.47619047619,4.92352584226,0.602346246659,0.330249768733,4.10003374131,1.00319974521,0.543015726179,3.117590029,0.762814581564,0.405180388529,1.85941641663,0.522002246695,5.85830474362,3.67854349664,1.81528943896,5.85830474362,0.376523981069,0.471181556196,109,0.0615471485037,0.254862358502,23,22,22,0.95652173913,0,0.260869565217,0.652173913043,0.0434782608696,-5,-0.0098814229249,1.37233989872,-0.434782608696,-0.725,-0.0238095238095,0.323732067879,0.0680267678173,0.03863799886,-0.189856939742,0.00655847587879,0.0019529242471,0.203131048978,0.0857180508516,0.0494491632327,0.783120571651,0.0304857669037,2.97004462676,1.48879831162,0.738993593973,2.97004462676,0.0249113425003,0.0122687875487,-12,-0.00677583286279,-0.0369029793347,-0.0869565217391,0.0434782608696,0,90,4,9,403,0.909090909091,0.990171990172,0.00982800982801,0.0909090909091,0.957446808511,0.909090909091,0.932642487047,0.91725258269,0.899262899263,0.873786407767,25,30,0,23,23,23,1,0,8,0,0.0386050732335,0,0,1,3.88826011686,0,16,NaN,1,ok,2.18974518502,0,23,22,22,0.95652173913,0,8,0,0.0547400224867,0,0,1,3.87654901961,0,16,NaN,1,ok,2.08364803111,0,23,22,22,0.95652173913,0,6,0,0.0152075514905,0,0,1,6.85830474362,0,16,NaN,1,ok,3.67854349664,0,0,0,0
620,WLNM_dir_neg,0.962777777778,0.815875263764,00:00:00,10,70,20,510967866,fixed,validated_v2,/gpfs/scratch/acw792/wlnm_roleonly_v2_20260910/result_wlnm_dir_neg_roleonly_trophicv2_100x290_train10-90_Apocrita_20260910_011848/ecological_snapshots/Broadstone_Stream_tax_mass_K10_ratio0.7_exp20_seed510967866_threshold0.5_validated_v2.mat,role_only,2,uniform_without_replacement,uniform_remaining_nonlinks,176,0,176,407,198,198,176,22,0,22,0.111111111111,138,60,0.5,0.866666666667,0.866666666667,0.866666666667,26,4,4,56,0.866666666667,0.933333333333,0.0666666666667,0.133333333333,0.866666666667,0.866666666667,0.866666666667,0.911111111111,0.555555555556,0.8,0.8,0.8,99,69,30,0,99,0,69,0,30,23,99,0.195652173913,2.18974518502,8.60869565217,6.6,4.5,4.59979377438,0.534319478842,0.291611769873,4.28989068105,0.996641269334,0.541062801932,2.91445898002,0.677096530713,0.355731225296,1.07629584498,0.491516479791,2.88826011686,2.18974518502,1.07629584498,2.88826011686,0.351612638569,0.458912768647,121,0.0683229813665,0.291765337837,23,23,23,1,0,0.347826086957,0.608695652174,0.0434782608696,23,0.136363636364,2.19899108866,6,4.6,3.13636363636,3.45095507202,0.57515917867,0.31884057971,3.23334895341,1.07778298447,0.574669187146,1.88293774338,0.627645914461,0.333963453056,1.10115483085,0.500754567187,2.98096170583,2.19899108866,1.10115483085,2.98096170583,0.234501609502,0.297169811321,42,0.0237154150198,0.15076960077,23,23,23,1,0,0.347826086957,0.608695652174,0.0434782608696,23,99,0.195652173913,2.26564258672,8.60869565217,6.1875,4.30434782609,4.6391528462,0.538891492236,0.295564339043,4.43575126986,1.0305280728,0.555994729908,2.45754464694,0.570944715956,0.305665349144,1.06074711124,0.46818819414,2.85426693324,2.26564258672,1.06074711124,2.85426693324,0.375949654211,0.436435124509,111,0.0626764539808,0.200125062846,23,23,23,1,0,0.304347826087,0.695652173913,0,0,0,0.075897401697,0,-0.4125,-0.195652173913,0.039359071826,0.00457201339393,0.00395256916996,0.145860588813,0.0338868034615,0.0149319279754,-0.456914333085,-0.106151814757,-0.0500658761528,-0.0155487337396,-0.0233282856514,-0.0339931836156,0.075897401697,-0.0155487337396,-0.0339931836156,0.0243370156414,-0.0224776441388,-10,-0.00564652738566,-0.0916402749911,-0.0434782608696,0.0869565217391,-0.0434782608696,95,4,4,403,0.959595959596,0.990171990172,0.00982800982801,0.040404040404,0.959595959596,0.959595959596,0.959595959596,0.949767949768,0.949767949768,0.922330097087,30,30,0,23,23,23,1,0,8,0,0.0386050732335,0,0,1,3.88826011686,0,16,NaN,1,ok,2.18974518502,0,23,23,23,1,0,8,0,0.0294147355958,0,0,1,3.98096170583,0,16,NaN,1,ok,2.19899108866,0,23,23,23,1,0,7,0,0.0404804257089,0,0,1,3.85426693324,0,16,NaN,1,ok,2.26564258672,0,0,0,0
621,WLNM_dir_neg,0.949444444444,0.899743599166,00:00:01,10,70,21,510967867,fixed,validated_v2,/gpfs/scratch/acw792/wlnm_roleonly_v2_20260910/result_wlnm_dir_neg_roleonly_trophicv2_100x290_train10-90_Apocrita_20260910_011848/ecological_snapshots/Broadstone_Stream_tax_mass_K10_ratio0.7_exp21_seed510967867_threshold0.5_validated_v2.mat,role_only,2,uniform_without_replacement,uniform_remaining_nonlinks,176,0,176,407,198,198,176,22,0,22,0.111111111111,138,60,0.5,0.925925925926,0.833333333333,0.877192982456,25,2,5,58,0.833333333333,0.966666666667,0.0333333333333,0.166666666667,0.925925925926,0.833333333333,0.877192982456,0.922222222222,0.566666666667,0.820512820513,0.822951199798,0.8,99,69,30,0,99,0,69,0,30,23,99,0.195652173913,2.18974518502,8.60869565217,6.6,4.5,4.59979377438,0.534319478842,0.291611769873,4.28989068105,0.996641269334,0.541062801932,2.91445898002,0.677096530713,0.355731225296,1.07629584498,0.491516479791,2.88826011686,2.18974518502,1.07629584498,2.88826011686,0.351612638569,0.458912768647,121,0.0683229813665,0.291765337837,23,23,23,1,0,0.347826086957,0.608695652174,0.0434782608696,23,0.136363636364,2.14324709741,6,4.92857142857,3.28571428571,3.30289129538,0.550481882563,0.303717706364,2.92326094378,0.974420314595,0.528040327662,2.35487888127,0.78495962709,0.417139256459,1.09114935169,0.509110383498,2.91158733577,2.14324709741,1.09114935169,2.91158733577,0.241335432245,0.306569343066,42,0.0237154150198,0.201958603058,23,23,23,1,0,0.391304347826,0.521739130435,0.0869565217391,23,96,0.189723320158,2.12191232673,8.34782608696,6.85714285714,4.36363636364,4.5985046547,0.550862536761,0.303894927536,4.35527030695,1.04345017771,0.561594202899,2.55222138383,0.611469706543,0.330615942029,1.06652800432,0.502625858233,2.74045620685,2.12191232673,1.06652800432,2.74045620685,0.369108910413,0.473045822102,117,0.0660643704122,0.251979568051,23,23,23,1,0,0.391304347826,0.565217391304,0.0434782608696,-3,-0.00592885375494,-0.0678328582948,-0.260869565217,0.257142857143,-0.136363636364,-0.00128911967809,0.016543057919,0.0122831576636,0.0653796259073,0.0468089083737,0.0205314009662,-0.362237596191,-0.0656268241694,-0.0251152832675,-0.00976784066487,0.011109378442,-0.147803910008,-0.0678328582948,-0.00976784066487,-0.147803910008,0.0174962718441,0.0141330534551,-4,-0.00225861095426,-0.0397857697858,0.0434782608696,-0.0434782608696,0,94,2,5,405,0.949494949495,0.995085995086,0.004914004914,0.0505050505051,0.979166666667,0.949494949495,0.964102564103,0.955710675409,0.944580944581,0.930693069307,27,30,0,23,23,23,1,0,8,0,0.0386050732335,0,0,1,3.88826011686,0,16,NaN,1,ok,2.18974518502,0,23,23,23,1,0,9,0,0.0342709399471,0,0,1,3.91158733577,0,16,NaN,1,ok,2.14324709741,0,23,23,23,1,0,9,0,0.0426401937105,0,0,1,3.74045620685,0,16,NaN,1,ok,2.12191232673,0,0,0,0
622,WLNM_dir_neg,0.954166666667,0.633219953561,00:00:00,10,70,22,510967868,fixed,validated_v2,/gpfs/scratch/acw792/wlnm_roleonly_v2_20260910/result_wlnm_dir_neg_roleonly_trophicv2_100x290_train10-90_Apocrita_20260910_011848/ecological_snapshots/Broadstone_Stream_tax_mass_K10_ratio0.7_exp22_seed510967868_threshold0.5_validated_v2.mat,role_only,2,uniform_without_replacement,uniform_remaining_nonlinks,176,0,176,407,198,198,176,22,0,22,0.111111111111,138,60,0.5,0.933333333333,0.933333333333,0.933333333333,28,2,2,58,0.933333333333,0.966666666667,0.0333333333333,0.0666666666667,0.933333333333,0.933333333333,0.933333333333,0.955555555556,0.555555555556,0.9,0.9,0.9,99,69,30,0,99,0,69,0,30,23,99,0.195652173913,2.18974518502,8.60869565217,6.6,4.5,4.59979377438,0.534319478842,0.291611769873,4.28989068105,0.996641269334,0.541062801932,2.91445898002,0.677096530713,0.355731225296,1.07629584498,0.491516479791,2.88826011686,2.18974518502,1.07629584498,2.88826011686,0.351612638569,0.458912768647,121,0.0683229813665,0.291765337837,23,23,23,1,0,0.347826086957,0.608695652174,0.0434782608696,23,0.136363636364,2.20657083382,6,4.6,3.28571428571,3.26134383903,0.543557306505,0.299936988028,3.16227766017,1.05409255339,0.564587271582,2.08893187147,0.696310623823,0.376811594203,1.10149500218,0.49918859857,2.93902439024,2.20657083382,1.10149500218,2.93902439024,0.283824640967,0.325123152709,44,0.0248447204969,0.161385704243,23,23,23,1,0,0.347826086957,0.565217391304,0.0869565217391,23,99,0.195652173913,2.22040945676,8.60869565217,6.6,4.30434782609,4.42861696485,0.514435303998,0.283706631533,4.2042703681,0.976749681477,0.530522617479,2.86728859265,0.666137753847,0.344312692139,1.06614863891,0.480158574206,2.84542764927,2.22040945676,1.06614863891,2.84542764927,0.352894689851,0.459826946848,124,0.0700169395822,0.279905767852,23,23,23,1,0,0.347826086957,0.652173913043,0,0,0,0.0306642717391,0,0,-0.195652173913,-0.171176809529,-0.0198841748442,-0.00790513833992,-0.0856203129497,-0.019891587857,-0.0105401844532,-0.0471703873784,-0.0109587768657,-0.0114185331577,-0.0101472060696,-0.0113579055851,-0.042832467584,0.0306642717391,-0.0101472060696,-0.042832467584,0.00128205128205,0.000914178200679,3,0.0016939582157,-0.0118595699843,0,0.0434782608696,-0.0434782608696,97,2,2,405,0.979797979798,0.995085995086,0.004914004914,0.020202020202,0.979797979798,0.979797979798,0.979797979798,0.974883974884,0.974883974884,0.960396039604,30,30,0,23,23,23,1,0,8,0,0.0386050732335,0,0,1,3.88826011686,0,16,NaN,1,ok,2.18974518502,0,23,23,23,1,0,8,0,0.0305980811073,0,0,1,3.93902439024,0,16,NaN,1,ok,2.20657083382,0,23,23,23,1,0,8,0,0.0402921119458,0,0,1,3.84542764927,0,16,NaN,1,ok,2.22040945676,0,0,0,0
623,WLNM_dir_neg,0.915833333333,0.605028594037,00:00:00,10,70,23,510967869,fixed,validated_v2,/gpfs/scratch/acw792/wlnm_roleonly_v2_20260910/result_wlnm_dir_neg_roleonly_trophicv2_100x290_train10-90_Apocrita_20260910_011848/ecological_snapshots/Broadstone_Stream_tax_mass_K10_ratio0.7_exp23_seed510967869_threshold0.5_validated_v2.mat,role_only,2,uniform_without_replacement,uniform_remaining_nonlinks,176,0,176,407,198,198,176,22,0,22,0.111111111111,138,60,0.5,0.8,0.8,0.8,24,6,6,54,0.8,0.9,0.1,0.2,0.8,0.8,0.8,0.866666666667,0.555555555556,0.7,0.7,0.7,99,69,30,0,99,0,69,0,30,23,99,0.195652173913,2.18974518502,8.60869565217,6.6,4.5,4.59979377438,0.534319478842,0.291611769873,4.28989068105,0.996641269334,0.541062801932,2.91445898002,0.677096530713,0.355731225296,1.07629584498,0.491516479791,2.88826011686,2.18974518502,1.07629584498,2.88826011686,0.351612638569,0.458912768647,121,0.0683229813665,0.291765337837,23,23,23,1,0,0.347826086957,0.608695652174,0.0434782608696,23,0.136363636364,2.19036506747,6,4.6,3.13636363636,3.70503343133,0.617505571888,0.332703213611,3.27525155175,1.09175051725,0.572148708255,2.19503572139,0.731678573797,0.39445494644,1.11325233829,0.508249677105,3.14089972111,2.19036506747,1.11325233829,3.14089972111,0.279036796537,0.374025974026,48,0.0271033314512,0.168699858343,23,23,23,1,0,0.347826086957,0.608695652174,0.0434782608696,23,99,0.195652173913,2.31094156112,8.60869565217,6.1875,4.5,4.43886892263,0.515626187982,0.281510759772,4.24729628019,0.986745600448,0.533157663592,2.94548626343,0.684304889484,0.361879666227,1.0737991618,0.464658726064,2.91970588581,2.31094156112,1.0737991618,2.91970588581,0.408711578277,0.463262764633,124,0.0700169395822,0.246085640724,23,23,23,1,0,0.304347826087,0.652173913043,0.0434782608696,0,0,0.121196376094,0,-0.4125,0,-0.160924851751,-0.01869329086,-0.010101010101,-0.0425944008591,-0.00989566888647,-0.00790513833992,0.031027283407,0.00720835877132,0.00614844093105,-0.0024966831863,-0.0268577537276,0.0314457689498,0.121196376094,-0.0024966831863,0.0314457689498,0.0570989397076,0.00434999598535,3,0.0016939582157,-0.045679697113,-0.0434782608696,0.0434782608696,0,93,6,6,401,0.939393939394,0.985257985258,0.014742014742,0.0606060606061,0.939393939394,0.939393939394,0.939393939394,0.924651924652,0.924651924652,0.885714285714,30,30,0,23,23,23,1,0,8,0,0.0386050732335,0,0,1,3.88826011686,0,16,NaN,1,ok,2.18974518502,0,23,23,23,1,0,8,0,0.0340196152387,0,0,1,4.14089972111,0,16,NaN,1,ok,2.19036506747,0,23,23,23,1,0,7,0,0.0400618382586,0,0,1,3.91970588581,0,16,NaN,1,ok,2.31094156112,0,0,0,0
624,WLNM_dir_neg,0.920555555556,0.84172787057,00:00:00,10,70,24,510967870,fixed,validated_v2,/gpfs/scratch/acw792/wlnm_roleonly_v2_20260910/result_wlnm_dir_neg_roleonly_trophicv2_100x290_train10-90_Apocrita_20260910_011848/ecological_snapshots/Broadstone_Stream_tax_mass_K10_ratio0.7_exp24_seed510967870_threshold0.5_validated_v2.mat,role_only,2,uniform_without_replacement,uniform_remaining_nonlinks,176,0,176,407,198,198,176,22,0,22,0.111111111111,138,60,0.5,0.85,0.566666666667,0.68,17,3,13,57,0.566666666667,0.95,0.05,0.433333333333,0.85,0.566666666667,0.68,0.822222222222,0.592592592593,0.563636363636,0.585844933164,0.516666666667,99,69,30,0,99,0,69,0,30,23,99,0.195652173913,2.18974518502,8.60869565217,6.6,4.5,4.59979377438,0.534319478842,0.291611769873,4.28989068105,0.996641269334,0.541062801932,2.91445898002,0.677096530713,0.355731225296,1.07629584498,0.491516479791,2.88826011686,2.18974518502,1.07629584498,2.88826011686,0.351612638569,0.458912768647,121,0.0683229813665,0.291765337837,23,23,23,1,0,0.347826086957,0.608695652174,0.0434782608696,23,0.136363636364,2.17964871782,6,4.6,3.45,3.81385035698,0.635641726164,0.349716446125,3.11885759971,1.0396191999,0.558286074354,2.46797672009,0.822658906697,0.403276622558,1.10309064078,0.50608643116,3.02668588914,2.17964871782,1.10309064078,3.02668588914,0.274709681853,0.328571428571,46,0.025974025974,0.207046604189,23,23,23,1,0,0.347826086957,0.521739130435,0.130434782609,23,89,0.175889328063,5.49586020563,7.73913043478,4.94444444444,4.45,4.72149236138,0.610080473662,0.33756717147,3.70876538911,0.958444988197,0.516853932584,3.16664933079,0.818347579867,0.419149975574,2.73077173516,0.496877946852,8.45566012161,5.49586020563,2.73077173516,8.45566012161,0.371196677718,0.453172205438,100,0.0564652738566,0.245538194558,23,23,23,1,0,0.217391304348,0.652173913043,0.130434782609,-10,-0.0197628458498,3.3061150206,-0.869565217391,-1.65555555556,-0.05,0.121698587004,0.0757609948198,0.0459554015978,-0.581125291937,-0.0381962811372,-0.0242088693481,0.252190350765,0.141251049154,0.0634187502776,1.65447589018,0.00536146706087,5.56740000475,3.3061150206,1.65447589018,5.56740000475,0.0195840391493,-0.00574056320922,-21,-0.0118577075099,-0.046227143279,-0.130434782609,0.0434782608696,0.0869565217391,86,3,13,404,0.868686868687,0.992628992629,0.00737100737101,0.131313131313,0.966292134831,0.868686868687,0.914893617021,0.897458171048,0.861315861316,0.843137254902,20,30,0,23,23,23,1,0,8,0,0.0386050732335,0,0,1,3.88826011686,0,16,NaN,1,ok,2.18974518502,0,23,23,23,1,0,8,0,0.0203848225652,0,0,1,4.02668588914,0,16,NaN,1,ok,2.17964871782,0,23,23,23,1,0,5,0,0.00733204231178,0,0,1,9.45566012161,0,16,NaN,1,ok,5.49586020563,0,0,0,0
625,WLNM_dir_neg,0.952222222222,0.84915054045,00:00:00,10,70,25,510967871,fixed,validated_v2,/gpfs/scratch/acw792/wlnm_roleonly_v2_20260910/result_wlnm_dir_neg_roleonly_trophicv2_100x290_train10-90_Apocrita_20260910_011848/ecological_snapshots/Broadstone_Stream_tax_mass_K10_ratio0.7_exp25_seed510967871_threshold0.5_validated_v2.mat,role_only,2,uniform_without_replacement,uniform_remaining_nonlinks,176,0,176,407,198,198,176,22,0,22,0.111111111111,138,60,0.5,0.857142857143,0.8,0.827586206897,24,4,6,56,0.8,0.933333333333,0.0666666666667,0.2,0.857142857143,0.8,0.827586206897,0.888888888889,0.562962962963,0.745762711864,0.746728656632,0.733333333333,99,69,30,0,99,0,69,0,30,23,99,0.195652173913,2.18974518502,8.60869565217,6.6,4.5,4.59979377438,0.534319478842,0.291611769873,4.28989068105,0.996641269334,0.541062801932,2.91445898002,0.677096530713,0.355731225296,1.07629584498,0.491516479791,2.88826011686,2.18974518502,1.07629584498,2.88826011686,0.351612638569,0.458912768647,121,0.0683229813665,0.291765337837,23,23,23,1,0,0.347826086957,0.608695652174,0.0434782608696,23,0.136363636364,2.17141869911,6,4.6,3.13636363636,3,0.5,0.275362318841,3.03015151136,1.01005050379,0.544423440454,2.06705763653,0.689019212176,0.335223692502,1.12155209987,0.5165066048,3.04534412955,2.17141869911,1.12155209987,3.04534412955,0.185748792271,0.240310077519,31,0.0175042348955,0.194010381153,23,23,23,1,0,0.347826086957,0.608695652174,0.0434782608696,23,97,0.191699604743,3.53365162304,8.4347826087,6.0625,4.40909090909,4.53096504828,0.537176268611,0.29583146571,4.43084766915,1.05061336485,0.559390407889,2.62776299158,0.623077822746,0.325414612281,1.99498960714,0.564568842646,5.15705580974,3.53365162304,1.99498960714,5.15705580974,0.319449632493,0.407456724368,102,0.0575945793337,0.24150739239,23,23,23,1,0,0.304347826087,0.652173913043,0.0434782608696,-2,-0.00395256916996,1.34390643802,-0.173913043478,-0.5375,-0.0909090909091,-0.0688287260927,0.00285678976925,0.0042196958378,0.140956988101,0.0539720955153,0.0183276059565,-0.286695988444,-0.0540187079668,-0.030316613015,0.918693762155,0.0730523628552,2.26879569288,1.34390643802,0.918693762155,2.26879569288,-0.032163006076,-0.0514560442798,-19,-0.0107284020327,-0.050257945447,-0.0434782608696,0.0434782608696,0,93,4,6,403,0.939393939394,0.990171990172,0.00982800982801,0.0606060606061,0.958762886598,0.939393939394,0.948979591837,0.936801286245,0.929565929566,0.902912621359,28,30,0,23,23,23,1,0,8,0,0.0386050732335,0,0,1,3.88826011686,0,16,NaN,1,ok,2.18974518502,0,23,23,23,1,0,8,0,0.0316444951517,0,0,1,4.04534412955,0,16,NaN,1,ok,2.17141869911,0,23,23,23,1,0,7,0,0.0201974117925,0,0,1,6.15705580974,0,16,NaN,1,ok,3.53365162304,0,0,0,0
626,WLNM_dir_neg,0.862222222222,0.733462686362,00:00:00,10,70,26,510967872,fixed,validated_v2,/gpfs/scratch/acw792/wlnm_roleonly_v2_20260910/result_wlnm_dir_neg_roleonly_trophicv2_100x290_train10-90_Apocrita_20260910_011848/ecological_snapshots/Broadstone_Stream_tax_mass_K10_ratio0.7_exp26_seed510967872_threshold0.5_validated_v2.mat,role_only,2,uniform_without_replacement,uniform_remaining_nonlinks,176,0,176,407,198,198,176,22,0,22,0.111111111111,138,60,0.5,0.761904761905,0.533333333333,0.627450980392,16,5,14,55,0.533333333333,0.916666666667,0.0833333333333,0.466666666667,0.761904761905,0.533333333333,0.627450980392,0.788888888889,0.588888888889,0.486486486486,0.501550391318,0.45,99,69,30,0,99,0,69,0,30,23,99,0.195652173913,2.18974518502,8.60869565217,6.6,4.5,4.59979377438,0.534319478842,0.291611769873,4.28989068105,0.996641269334,0.541062801932,2.91445898002,0.677096530713,0.355731225296,1.07629584498,0.491516479791,2.88826011686,2.18974518502,1.07629584498,2.88826011686,0.351612638569,0.458912768647,121,0.0683229813665,0.291765337837,23,23,23,1,0,0.347826086957,0.608695652174,0.0434782608696,23,0.136363636364,2.21671508594,6,4.6,3.28571428571,3.63067737231,0.605112895385,0.330812854442,3.06000594176,1.02000198059,0.54820415879,2.29624198915,0.765413996383,0.400756143667,1.15273721307,0.520020466492,3.24270312911,2.21671508594,1.15273721307,3.24270312911,0.22108749836,0.259162303665,33,0.0186335403727,0.204469842327,23,23,23,1,0,0.347826086957,0.565217391304,0.0869565217391,23,90,0.177865612648,2.36382077942,7.82608695652,6,4.09090909091,4.26030487506,0.544372289591,0.304347826087,3.77687994704,0.965202653134,0.525603864734,2.62701080522,0.671347205779,0.36038647343,1.24452414194,0.526488366958,3.29023756624,2.36382077942,1.24452414194,3.29023756624,0.284428856168,0.375,78,0.0440429136081,0.252930297216,23,23,23,1,0,0.347826086957,0.608695652174,0.0434782608696,-9,-0.0177865612648,0.174075594399,-0.782608695652,-0.6,-0.409090909091,-0.339488899317,0.0100528107492,0.0127360562143,-0.513010734003,-0.0314386162006,-0.0154589371981,-0.287448174803,-0.0057493249339,0.00465524813351,0.168228296957,0.0349718871667,0.401977449386,0.174075594399,0.168228296957,0.401977449386,-0.0671837824012,-0.0839127686473,-43,-0.0242800677583,-0.0388350406208,0,0,0,85,5,14,402,0.858585858586,0.987714987715,0.012285012285,0.141414141414,0.944444444444,0.858585858586,0.899470899471,0.877953788155,0.846300846301,0.817307692308,21,30,0,23,23,23,1,0,8,0,0.0386050732335,0,0,1,3.88826011686,0,16,NaN,1,ok,2.18974518502,0,23,23,23,1,0,8,0,0.033773884349,0,0,1,4.24270312911,0,16,NaN,1,ok,2.21671508594,0,23,23,23,1,0,8,0,0.0408388331056,0,0,1,4.29023756624,0,16,NaN,1,ok,2.36382077942,0,0,0,0
627,WLNM_dir_neg,0.951666666667,0.783681317793,00:00:00,10,70,27,510967873,fixed,validated_v2,/gpfs/scratch/acw792/wlnm_roleonly_v2_20260910/result_wlnm_dir_neg_roleonly_trophicv2_100x290_train10-90_Apocrita_20260910_011848/ecological_snapshots/Broadstone_Stream_tax_mass_K10_ratio0.7_exp27_seed510967873_threshold0.5_validated_v2.mat,role_only,2,uniform_without_replacement,uniform_remaining_nonlinks,176,0,176,407,198,198,176,22,0,22,0.111111111111,138,60,0.5,0.84375,0.9,0.870967741935,27,5,3,55,0.9,0.916666666667,0.0833333333333,0.1,0.84375,0.9,0.870967741935,0.911111111111,0.548148148148,0.803278688525,0.804251901266,0.816666666667,99,69,30,0,99,0,69,0,30,23,99,0.195652173913,2.18974518502,8.60869565217,6.6,4.5,4.59979377438,0.534319478842,0.291611769873,4.28989068105,0.996641269334,0.541062801932,2.91445898002,0.677096530713,0.355731225296,1.07629584498,0.491516479791,2.88826011686,2.18974518502,1.07629584498,2.88826011686,0.351612638569,0.458912768647,121,0.0683229813665,0.291765337837,23,23,23,1,0,0.347826086957,0.608695652174,0.0434782608696,23,0.136363636364,2.12843308284,6,4.92857142857,3.28571428571,3.39786028928,0.566310048213,0.313169502205,3.06000594176,1.02000198059,0.549464398236,2.25630429927,0.75210143309,0.402016383113,1.08610771018,0.510285110176,3.17539983165,2.12843308284,1.08610771018,3.17539983165,0.294031221304,0.320665083135,45,0.0254093732355,0.203881558002,23,23,23,1,0,0.391304347826,0.521739130435,0.0869565217391,23,101,0.199604743083,2.20040491952,8.78260869565,6.73333333333,4.59090909091,4.8237718337,0.549241347401,0.302625914765,4.57005202313,1.04070491616,0.559621179509,2.77552829426,0.632050997703,0.334050796384,1.08573225434,0.493423844269,2.99388706283,2.20040491952,1.08573225434,2.99388706283,0.522345046258,0.498812351544,140,0.0790513833992,0.263637848424,23,23,23,1,0,0.347826086957,0.608695652174,0.0434782608696,2,0.00395256916996,0.0106597344999,0.173913043478,0.133333333333,0.0909090909091,0.223978059319,0.0149218685592,0.0110141448928,0.280161342078,0.044063646823,0.0185583775769,-0.138930685762,-0.0450455330094,-0.0216804289125,0.00943640935799,0.00190736447818,0.105626945976,0.0106597344999,0.00943640935799,0.105626945976,0.170732407689,0.0398995828967,19,0.0107284020327,-0.0281274894123,0,0,0,96,5,3,402,0.969696969697,0.987714987715,0.012285012285,0.030303030303,0.950495049505,0.969696969697,0.96,0.95022280831,0.957411957412,0.923076923077,32,30,0,23,23,23,1,0,8,0,0.0386050732335,0,0,1,3.88826011686,0,16,NaN,1,ok,2.18974518502,0,23,23,23,1,0,9,0,0.0459682004937,0,0,1,4.17539983165,0,16,NaN,1,ok,2.12843308284,0,23,23,23,1,0,8,0,0.0298258878722,0,0,1,3.99388706283,0,16,NaN,1,ok,2.20040491952,0,0,0,0
628,WLNM_dir_neg,0.894444444444,0.784808309679,00:00:01,10,70,28,510967874,fixed,validated_v2,/gpfs/scratch/acw792/wlnm_roleonly_v2_20260910/result_wlnm_dir_neg_roleonly_trophicv2_100x290_train10-90_Apocrita_20260910_011848/ecological_snapshots/Broadstone_Stream_tax_mass_K10_ratio0.7_exp28_seed510967874_threshold0.5_validated_v2.mat,role_only,2,uniform_without_replacement,uniform_remaining_nonlinks,176,0,176,407,198,198,176,22,0,22,0.111111111111,138,60,0.5,0.85,0.566666666667,0.68,17,3,13,57,0.566666666667,0.95,0.05,0.433333333333,0.85,0.566666666667,0.68,0.822222222222,0.592592592593,0.563636363636,0.585844933164,0.516666666667,99,69,30,0,99,0,69,0,30,23,99,0.195652173913,2.18974518502,8.60869565217,6.6,4.5,4.59979377438,0.534319478842,0.291611769873,4.28989068105,0.996641269334,0.541062801932,2.91445898002,0.677096530713,0.355731225296,1.07629584498,0.491516479791,2.88826011686,2.18974518502,1.07629584498,2.88826011686,0.351612638569,0.458912768647,121,0.0683229813665,0.291765337837,23,23,23,1,0,0.347826086957,0.608695652174,0.0434782608696,23,0.136363636364,2.15960235507,6,4.92857142857,3.28571428571,3.51619629197,0.586032715328,0.324511657215,3.34392257414,1.11464085805,0.58475110271,1.67874411933,0.55958137311,0.301197227473,1.14985932064,0.532440297602,2.9995,2.21231155303,1.14812648066,2.9995,0.238803620622,0.290816326531,38,0.0214568040655,0.148814006506,23,22,22,0.95652173913,0,0.347826086957,0.565217391304,0.0434782608696,23,89,0.175889328063,2.16040440655,7.73913043478,6.35714285714,4.04545454545,4.52485450599,0.584672211448,0.323888617489,4.24590013827,1.09725509191,0.581338544211,2.2422461917,0.579456881001,0.315583781143,1.14374246835,0.529411282854,2.8503463657,2.21315006139,1.14166723675,2.8503463657,0.348110727656,0.423861852433,90,0.0508187464709,0.223234230038,23,22,22,0.95652173913,0,0.347826086957,0.608695652174,0,-10,-0.0197628458498,-0.0293407784796,-0.869565217391,-0.242857142857,-0.454545454545,-0.0749392683852,0.0503527326066,0.0322768476164,-0.0439905427739,0.100613822579,0.0402757422787,-0.672212788325,-0.0976396497118,-0.0401474441533,0.0674466233684,0.0378948030623,-0.0379137511581,0.0234048763633,0.0653713917704,-0.0379137511581,-0.00350191091298,-0.035050916214,-31,-0.0175042348955,-0.068531107799,0,0,-0.0434782608696,86,3,13,404,0.868686868687,0.992628992629,0.00737100737101,0.131313131313,0.966292134831,0.868686868687,0.914893617021,0.897458171048,0.861315861316,0.843137254902,20,30,0,23,23,23,1,0,8,0,0.0386050732335,0,0,1,3.88826011686,0,16,NaN,1,ok,2.18974518502,0,23,22,22,0.95652173913,0,8,0,0.0275270440114,0,0,1,3.9995,0,16,NaN,1,ok,2.21231155303,0,23,22,22,0.95652173913,0,8,0,0.023418805472,0,0,1,3.8503463657,0,16,NaN,1,ok,2.21315006139,0,0,0,0
629,WLNM_dir_neg,0.857222222222,0.763583220549,00:00:00,10,70,29,510967875,fixed,validated_v2,/gpfs/scratch/acw792/wlnm_roleonly_v2_20260910/result_wlnm_dir_neg_roleonly_trophicv2_100x290_train10-90_Apocrita_20260910_011848/ecological_snapshots/Broadstone_Stream_tax_mass_K10_ratio0.7_exp29_seed510967875_threshold0.5_validated_v2.mat,role_only,2,uniform_without_replacement,uniform_remaining_nonlinks,176,0,176,407,198,198,176,22,0,22,0.111111111111,138,60,0.5,0.714285714286,0.666666666667,0.689655172414,20,8,10,52,0.666666666667,0.866666666667,0.133333333333,0.333333333333,0.714285714286,0.666666666667,0.689655172414,0.8,0.562962962963,0.542372881356,0.543075386642,0.533333333333,99,69,30,0,99,0,69,0,30,23,99,0.195652173913,2.18974518502,8.60869565217,6.6,4.5,4.59979377438,0.534319478842,0.291611769873,4.28989068105,0.996641269334,0.541062801932,2.91445898002,0.677096530713,0.355731225296,1.07629584498,0.491516479791,2.88826011686,2.18974518502,1.07629584498,2.88826011686,0.351612638569,0.458912768647,121,0.0683229813665,0.291765337837,23,23,23,1,0,0.347826086957,0.608695652174,0.0434782608696,23,0.136363636364,2.04296066253,6,4.92857142857,3.13636363636,3.11885759971,0.519809599952,0.288594833018,3.27525155175,1.09175051725,0.582230623819,2.06705763653,0.689019212176,0.355387523629,0.995952264363,0.487504376678,2.61904761905,2.04296066253,0.995952264363,2.61904761905,0.296267873541,0.335616438356,49,0.0276679841897,0.176483833627,23,23,23,1,0,0.391304347826,0.565217391304,0.0434782608696,23,97,0.191699604743,9.94104321967,8.4347826087,6.0625,4.40909090909,4.58085032754,0.54309050275,0.301658449126,4.23144636501,1.00333264325,0.543254146123,2.61040787024,0.618962690882,0.323621694307,7.10922655247,0.715138883856,16.645559193,9.94104321967,7.10922655247,16.645559193,0.520705304796,0.500627352572,133,0.0750988142292,0.201142678271,23,23,23,1,0,0.304347826087,0.652173913043,0.0434782608696,-2,-0.00395256916996,7.75129803465,-0.173913043478,-0.5375,-0.0909090909091,-0.0189434468375,0.00877102390776,0.0100466792533,-0.0584443160414,0.00669137391459,0.00219134419045,-0.304051109784,-0.0581338398311,-0.032109530989,6.03293070749,0.223622404064,13.7572990761,7.75129803465,6.03293070749,13.7572990761,0.169092666227,0.0417145839249,12,0.00677583286279,-0.0906226595656,-0.0434782608696,0.0434782608696,0,89,8,10,399,0.89898989899,0.980343980344,0.019656019656,0.10101010101,0.917525773196,0.89898989899,0.908163265306,0.886178250513,0.879333879334,0.831775700935,28,30,0,23,23,23,1,0,8,0,0.0386050732335,0,0,1,3.88826011686,0,16,NaN,1,ok,2.18974518502,0,23,23,23,1,0,9,0,0.0389683051788,0,0,1,3.61904761905,0,16,NaN,1,ok,2.04296066253,0,23,23,23,1,0,7,0,0.00853456119486,0,0,1,17.645559193,0,16,NaN,1,ok,9.94104321967,0,0,0,0
630,WLNM_dir_neg,0.844444444444,0.690521818105,00:00:01,10,70,30,510967876,fixed,validated_v2,/gpfs/scratch/acw792/wlnm_roleonly_v2_20260910/result_wlnm_dir_neg_roleonly_trophicv2_100x290_train10-90_Apocrita_20260910_011848/ecological_snapshots/Broadstone_Stream_tax_mass_K10_ratio0.7_exp30_seed510967876_threshold0.5_validated_v2.mat,role_only,2,uniform_without_replacement,uniform_remaining_nonlinks,176,0,176,407,198,198,176,22,0,22,0.111111111111,138,60,0.5,0.857142857143,0.6,0.705882352941,18,3,12,57,0.6,0.95,0.05,0.4,0.857142857143,0.6,0.705882352941,0.833333333333,0.588888888889,0.594594594595,0.613006033833,0.55,99,69,30,0,99,0,69,0,30,23,99,0.195652173913,2.18974518502,8.60869565217,6.6,4.5,4.59979377438,0.534319478842,0.291611769873,4.28989068105,0.996641269334,0.541062801932,2.91445898002,0.677096530713,0.355731225296,1.07629584498,0.491516479791,2.88826011686,2.18974518502,1.07629584498,2.88826011686,0.351612638569,0.458912768647,121,0.0683229813665,0.291765337837,23,23,23,1,0,0.347826086957,0.608695652174,0.0434782608696,23,0.136363636364,2.20006765467,6,4.6,3.45,3.77792631912,0.629654386521,0.341524889729,3.20510955706,1.06836985235,0.568367989918,2.33549683248,0.778498944162,0.40831758034,1.14522940936,0.520542814639,3.31117564806,2.25461618443,1.14118744546,3.31117564806,0.293768857405,0.40625,52,0.0293619424054,0.193125075982,23,22,22,0.95652173913,0,0.304347826087,0.565217391304,0.0869565217391,23,90,0.177865612648,2.26533083116,7.82608695652,5.625,4.28571428571,4.75444456093,0.607512360564,0.329951690821,4.17691756158,1.06743448796,0.56231884058,2.90631043012,0.742723776585,0.376811594203,1.0793525226,0.476465736375,3.21655703976,2.32284586894,1.06806909519,3.21655703976,0.372687918142,0.419019316493,94,0.0530773574252,0.2709831692,23,22,22,0.95652173913,0,0.260869565217,0.652173913043,0.0434782608696,-9,-0.0177865612648,0.0755856461345,-0.782608695652,-0.975,-0.214285714286,0.154650786558,0.0731928817221,0.0383399209486,-0.112973119471,0.0707932186242,0.0212560386473,-0.00814854990766,0.0656272458727,0.0210803689065,0.00305667761883,-0.0150507434159,0.328296922901,0.133100683915,-0.00822674979093,0.328296922901,0.0210752795733,-0.039893452154,-27,-0.0152456239413,-0.0207821686367,-0.0869565217391,0.0434782608696,0,87,3,12,404,0.878787878788,0.992628992629,0.00737100737101,0.121212121212,0.966666666667,0.878787878788,0.920634920635,0.904009190901,0.871416871417,0.852941176471,21,30,0,23,23,23,1,0,8,0,0.0386050732335,0,0,1,3.88826011686,0,16,NaN,1,ok,2.18974518502,0,23,22,22,0.95652173913,0,7,0,0.0311637263888,0,0,1,4.31117564806,0,16,NaN,1,ok,2.25461618443,0,23,22,22,0.95652173913,0,6,0,0.0226032970248,0,0,1,4.21655703976,0,16,NaN,1,ok,2.32284586894,0,0,0,0
631,WLNM_dir_neg,0.841111111111,0.763611551651,00:00:00,10,70,31,510967877,fixed,validated_v2,/gpfs/scratch/acw792/wlnm_roleonly_v2_20260910/result_wlnm_dir_neg_roleonly_trophicv2_100x290_train10-90_Apocrita_20260910_011848/ecological_snapshots/Broadstone_Stream_tax_mass_K10_ratio0.7_exp31_seed510967877_threshold0.5_validated_v2.mat,role_only,2,uniform_without_replacement,uniform_remaining_nonlinks,176,0,176,407,198,198,176,22,0,22,0.111111111111,138,60,0.5,0.789473684211,0.5,0.612244897959,15,4,15,56,0.5,0.933333333333,0.0666666666667,0.5,0.789473684211,0.5,0.612244897959,0.788888888889,0.596296296296,0.477064220183,0.500555658627,0.433333333333,99,69,30,0,99,0,69,0,30,23,99,0.195652173913,2.18974518502,8.60869565217,6.6,4.5,4.59979377438,0.534319478842,0.291611769873,4.28989068105,0.996641269334,0.541062801932,2.91445898002,0.677096530713,0.355731225296,1.07629584498,0.491516479791,2.88826011686,2.18974518502,1.07629584498,2.88826011686,0.351612638569,0.458912768647,121,0.0683229813665,0.291765337837,23,23,23,1,0,0.347826086957,0.608695652174,0.0434782608696,23,0.136363636364,2.25695450886,6,4.6,3.45,3.2891004573,0.548183409549,0.303087586641,3.1333978072,1.04446593573,0.560806553245,2.29624198915,0.765413996383,0.378071833648,1.21776435622,0.539560877916,3.51851851852,2.31408880471,1.21445952611,3.51851851852,0.225144300144,0.277372262774,38,0.0214568040655,0.190361754647,23,22,22,0.95652173913,0,0.304347826087,0.565217391304,0.0869565217391,23,88,0.173913043478,2.18530906673,7.65217391304,5.86666666667,3.82608695652,3.94978360342,0.516164902719,0.285079051383,4.04128887983,1.05624595723,0.563241106719,2.38655655158,0.62375909871,0.306324110672,1.09067168888,0.499092648029,3.1321919138,2.18530906673,1.09067168888,3.1321919138,0.347318085954,0.399408284024,90,0.0508187464709,0.239014009235,23,23,23,1,0,0.347826086957,0.652173913043,0,-11,-0.0217391304348,-0.00443611829094,-0.95652173913,-0.733333333333,-0.673913043478,-0.650010170959,-0.0181545761223,-0.00653271848924,-0.248601801212,0.0596046878954,0.022178304787,-0.527902428439,-0.053337432003,-0.0494071146245,0.0143758438946,0.0075761682377,0.243931796945,-0.00443611829094,0.0143758438946,0.243931796945,-0.00429455261471,-0.0595044846236,-31,-0.0175042348955,-0.0527513286016,0,0.0434782608696,-0.0434782608696,84,4,15,403,0.848484848485,0.990171990172,0.00982800982801,0.151515151515,0.954545454545,0.848484848485,0.898395721925,0.877747533271,0.838656838657,0.815533980583,19,30,0,23,23,23,1,0,8,0,0.0386050732335,0,0,1,3.88826011686,0,16,NaN,1,ok,2.18974518502,0,23,22,22,0.95652173913,0,7,0,0.0211525901422,0,0,1,4.51851851852,0,16,NaN,1,ok,2.31408880471,0,23,23,23,1,0,8,0,0.0333420711619,0,0,1,4.1321919138,0,16,NaN,1,ok,2.18530906673,0,0,0,0
632,WLNM_dir_neg,0.863888888889,0.560283086182,00:00:00,10,70,32,510967878,fixed,validated_v2,/gpfs/scratch/acw792/wlnm_roleonly_v2_20260910/result_wlnm_dir_neg_roleonly_trophicv2_100x290_train10-90_Apocrita_20260910_011848/ecological_snapshots/Broadstone_Stream_tax_mass_K10_ratio0.7_exp32_seed510967878_threshold0.5_validated_v2.mat,role_only,2,uniform_without_replacement,uniform_remaining_nonlinks,176,0,176,407,198,198,176,22,0,22,0.111111111111,138,60,0.5,0.740740740741,0.666666666667,0.701754385965,20,7,10,53,0.666666666667,0.883333333333,0.116666666667,0.333333333333,0.740740740741,0.666666666667,0.701754385965,0.811111111111,0.566666666667,0.564102564103,0.565778949861,0.55,99,69,30,0,99,0,69,0,30,23,99,0.195652173913,2.18974518502,8.60869565217,6.6,4.5,4.59979377438,0.534319478842,0.291611769873,4.28989068105,0.996641269334,0.541062801932,2.91445898002,0.677096530713,0.355731225296,1.07629584498,0.491516479791,2.88826011686,2.18974518502,1.07629584498,2.88826011686,0.351612638569,0.458912768647,121,0.0683229813665,0.291765337837,23,23,23,1,0,0.347826086957,0.608695652174,0.0434782608696,23,0.136363636364,2.04721125097,6,4.92857142857,3.28571428571,3.37099931232,0.561833218719,0.310018903592,3.16227766017,1.05409255339,0.564587271582,1.95401684184,0.651338947279,0.354127284184,1.06266336044,0.519078507379,3.01590934259,2.04721125097,1.06266336044,3.01590934259,0.209733700643,0.258064516129,32,0.0180688876341,0.168077679341,23,23,23,1,0,0.391304347826,0.521739130435,0.0869565217391,23,96,0.189723320158,2.31062925511,8.34782608696,6.4,4.57142857143,4.09665823515,0.490745517753,0.26856884058,3.95028392435,0.94642219021,0.516304347826,2.74113735374,0.656730824335,0.352355072464,1.13719410046,0.492157752243,3.49637255532,2.31062925511,1.13719410046,3.49637255532,0.300966907489,0.36389280677,86,0.0485601355167,0.235907675997,23,23,23,1,0,0.347826086957,0.565217391304,0.0869565217391,-3,-0.00592885375494,0.120884070085,-0.260869565217,-0.2,0.0714285714286,-0.503135539223,-0.043573961089,-0.0230429292929,-0.339606756694,-0.0502190791246,-0.0247584541063,-0.17332162628,-0.0203657063781,-0.00337615283267,0.060898255478,0.000641272451516,0.608112438463,0.120884070085,0.060898255478,0.608112438463,-0.0506457310805,-0.0950199618772,-35,-0.0197628458498,-0.0558576618395,0,-0.0434782608696,0.0434782608696,89,7,10,400,0.89898989899,0.982800982801,0.017199017199,0.10101010101,0.927083333333,0.89898989899,0.912820512821,0.89218077502,0.881790881791,0.839622641509,27,30,0,23,23,23,1,0,8,0,0.0386050732335,0,0,1,3.88826011686,0,16,NaN,1,ok,2.18974518502,0,23,23,23,1,0,9,0,0.0415392403736,0,0,1,4.01590934259,0,16,NaN,1,ok,2.04721125097,0,23,23,23,1,0,8,0,0.0597182412288,0,0,1,4.49637255532,0,16,NaN,1,ok,2.31062925511,0,0,0,0
633,WLNM_dir_neg,0.911666666667,0.798953744456,00:00:00,10,70,33,510967879,fixed,validated_v2,/gpfs/scratch/acw792/wlnm_roleonly_v2_20260910/result_wlnm_dir_neg_roleonly_trophicv2_100x290_train10-90_Apocrita_20260910_011848/ecological_snapshots/Broadstone_Stream_tax_mass_K10_ratio0.7_exp33_seed510967879_threshold0.5_validated_v2.mat,role_only,2,uniform_without_replacement,uniform_remaining_nonlinks,176,0,176,407,198,198,176,22,0,22,0.111111111111,138,60,0.5,0.727272727273,0.8,0.761904761905,24,9,6,51,0.8,0.85,0.15,0.2,0.727272727273,0.8,0.761904761905,0.833333333333,0.544444444444,0.634146341463,0.635850784458,0.65,99,69,30,0,99,0,69,0,30,23,99,0.195652173913,2.18974518502,8.60869565217,6.6,4.5,4.59979377438,0.534319478842,0.291611769873,4.28989068105,0.996641269334,0.541062801932,2.91445898002,0.677096530713,0.355731225296,1.07629584498,0.491516479791,2.88826011686,2.18974518502,1.07629584498,2.88826011686,0.351612638569,0.458912768647,121,0.0683229813665,0.291765337837,23,23,23,1,0,0.347826086957,0.608695652174,0.0434782608696,23,0.136363636364,2.13614424737,6,4.6,3.28571428571,3.16227766017,0.527046276695,0.294896030246,3,1,0.541902961563,2.2360679775,0.7453559925,0.381852551985,1.05637745451,0.494525337327,2.73987164059,2.13614424737,1.05637745451,2.73987164059,0.240656565657,0.295566502463,40,0.0225861095426,0.200564250564,23,23,23,1,0,0.347826086957,0.565217391304,0.0869565217391,23,102,0.201581027668,4.190254949,8.86956521739,6,4.4347826087,4.97543372094,0.560955762655,0.309889173061,4.23004499177,0.953833674615,0.519181585678,2.77695200725,0.626175452616,0.329070758738,2.16470678183,0.51660502957,5.76537834042,4.190254949,2.16470678183,5.76537834042,0.375744304005,0.443053817272,118,0.0666290231508,0.21239204255,23,23,23,1,0,0.260869565217,0.739130434783,0,3,0.00592885375494,2.00050976397,0.260869565217,-0.6,-0.0652173913043,0.375639946562,0.0266362838132,0.0182774031879,-0.0598456892758,-0.0428075947191,-0.0218812162546,-0.13750697277,-0.0509210780966,-0.0266604665582,1.08841093685,0.025088549779,2.87711822357,2.00050976397,1.08841093685,2.87711822357,0.024131665436,-0.0158589513757,-3,-0.0016939582157,-0.0793732952869,-0.0869565217391,0.130434782609,-0.0434782608696,93,9,6,398,0.939393939394,0.977886977887,0.022113022113,0.0606060606061,0.911764705882,0.939393939394,0.925373134328,0.907039900906,0.917280917281,0.861111111111,33,30,0,23,23,23,1,0,8,0,0.0386050732335,0,0,1,3.88826011686,0,16,NaN,1,ok,2.18974518502,0,23,23,23,1,0,8,0,0.0271210332507,0,0,1,3.73987164059,0,16,NaN,1,ok,2.13614424737,0,23,23,23,1,0,6,0,0.016124070431,0,0,1,6.76537834042,0,16,NaN,1,ok,4.190254949,0,0,0,0
634,WLNM_dir_neg,0.856666666667,0.774623085651,00:00:00,10,70,34,510967880,fixed,validated_v2,/gpfs/scratch/acw792/wlnm_roleonly_v2_20260910/result_wlnm_dir_neg_roleonly_trophicv2_100x290_train10-90_Apocrita_20260910_011848/ecological_snapshots/Broadstone_Stream_tax_mass_K10_ratio0.7_exp34_seed510967880_threshold0.5_validated_v2.mat,role_only,2,uniform_without_replacement,uniform_remaining_nonlinks,176,0,176,407,198,198,176,22,0,22,0.111111111111,138,60,0.5,0.875,0.466666666667,0.608695652174,14,2,16,58,0.466666666667,0.966666666667,0.0333333333333,0.533333333333,0.875,0.466666666667,0.608695652174,0.8,0.607407407407,0.490566037736,0.534296708742,0.433333333333,99,69,30,0,99,0,69,0,30,23,99,0.195652173913,2.18974518502,8.60869565217,6.6,4.5,4.59979377438,0.534319478842,0.291611769873,4.28989068105,0.996641269334,0.541062801932,2.91445898002,0.677096530713,0.355731225296,1.07629584498,0.491516479791,2.88826011686,2.18974518502,1.07629584498,2.88826011686,0.351612638569,0.458912768647,121,0.0683229813665,0.291765337837,23,23,23,1,0,0.347826086957,0.608695652174,0.0434782608696,23,0.136363636364,2.21712234254,6,4.6,3.13636363636,3.42451058215,0.570751763692,0.316950220542,3.23334895341,1.07778298447,0.569628229364,2.11057941204,0.703526470681,0.374291115312,1.10667402454,0.499148830583,3.16139053254,2.21712234254,1.10667402454,3.16139053254,0.226685435776,0.253623188406,35,0.0197628458498,0.160993398136,23,23,23,1,0,0.347826086957,0.608695652174,0.0434782608696,23,85,0.167984189723,2.53729066621,7.39130434783,5,3.86363636364,4.30368901414,0.582263807795,0.321739130435,3.99357191006,1.08061357566,0.568797953964,2.42027013159,0.654896623843,0.354987212276,1.10579912316,0.435818859024,3.0720653789,2.53729066621,1.10579912316,3.0720653789,0.300822848649,0.366834170854,73,0.0412196499153,0.162644116504,23,23,23,1,0,0.260869565217,0.695652173913,0.0434782608696,-14,-0.0276679841897,0.347545481182,-1.21739130435,-1.6,-0.636363636364,-0.296104760236,0.0479443289537,0.0301273605621,-0.296318770991,0.0839723063281,0.0277351520318,-0.494188848431,-0.0221999068699,-0.000744013020228,0.0295032781746,-0.0556976207676,0.183805262043,0.347545481182,0.0295032781746,0.183805262043,-0.0507897899202,-0.092078597793,-48,-0.0271033314512,-0.129121221332,-0.0869565217391,0.0869565217391,0,83,2,16,405,0.838383838384,0.995085995086,0.004914004914,0.161616161616,0.976470588235,0.838383838384,0.902173913043,0.884411083951,0.83346983347,0.821782178218,16,30,0,23,23,23,1,0,8,0,0.0386050732335,0,0,1,3.88826011686,0,16,NaN,1,ok,2.18974518502,0,23,23,23,1,0,8,0,0.0331044592987,0,0,1,4.16139053254,0,16,NaN,1,ok,2.21712234254,0,23,23,23,1,0,6,0,0.0263698001971,0,0,1,4.0720653789,0,16,NaN,1,ok,2.53729066621,0,0,0,0
635,WLNM_dir_neg,0.889444444444,0.760027164446,00:00:00,10,70,35,510967881,fixed,validated_v2,/gpfs/scratch/acw792/wlnm_roleonly_v2_20260910/result_wlnm_dir_neg_roleonly_trophicv2_100x290_train10-90_Apocrita_20260910_011848/ecological_snapshots/Broadstone_Stream_tax_mass_K10_ratio0.7_exp35_seed510967881_threshold0.5_validated_v2.mat,role_only,2,uniform_without_replacement,uniform_remaining_nonlinks,176,0,176,407,198,198,176,22,0,22,0.111111111111,138,60,0.5,0.8,0.666666666667,0.727272727273,20,5,10,55,0.666666666667,0.916666666667,0.0833333333333,0.333333333333,0.8,0.666666666667,0.727272727273,0.833333333333,0.574074074074,0.608695652174,0.613940613515,0.583333333333,99,69,30,0,99,0,69,0,30,23,99,0.195652173913,2.18974518502,8.60869565217,6.6,4.5,4.59979377438,0.534319478842,0.291611769873,4.28989068105,0.996641269334,0.541062801932,2.91445898002,0.677096530713,0.355731225296,1.07629584498,0.491516479791,2.88826011686,2.18974518502,1.07629584498,2.88826011686,0.351612638569,0.458912768647,121,0.0683229813665,0.291765337837,23,23,23,1,0,0.347826086957,0.608695652174,0.0434782608696,23,0.136363636364,2.15084385955,6,4.6,3.13636363636,3.33030165164,0.555050275273,0.308128544423,3.30289129538,1.10096376513,0.579710144928,2.19503572139,0.731678573797,0.373030875866,1.05723875062,0.491546025493,2.92449892975,2.15084385955,1.05723875062,2.92449892975,0.24761576807,0.282608695652,39,0.0220214568041,0.173574679289,23,23,23,1,0,0.347826086957,0.608695652174,0.0434782608696,23,94,0.185770750988,2.25472371713,8.17391304348,6.26666666667,4.08695652174,4.68704378544,0.573414931198,0.311748381129,4.36840977388,1.06886622127,0.572617946346,2.69533339949,0.659496470087,0.332099907493,1.1464779698,0.508478249947,3.22783128648,2.25472371713,1.1464779698,3.22783128648,0.439790885443,0.454787234043,114,0.0643704121965,0.232453831571,23,23,23,1,0,0.347826086957,0.652173913043,0,-5,-0.0098814229249,0.0649785321025,-0.434782608696,-0.333333333333,-0.413043478261,0.0872500110638,0.0390954523558,0.0201366112559,0.0785190928372,0.0722249519354,0.0315551444136,-0.219125580538,-0.0176000606256,-0.0236313178034,0.0701821248159,0.0169617701558,0.339571169619,0.0649785321025,0.0701821248159,0.339571169619,0.0881782468739,-0.00412553460473,-7,-0.00395256916996,-0.0593115062653,0,0.0434782608696,-0.0434782608696,89,5,10,402,0.89898989899,0.987714987715,0.012285012285,0.10101010101,0.946808510638,0.89898989899,0.922279792746,0.904443348081,0.886704886705,0.855769230769,25,30,0,23,23,23,1,0,8,0,0.0386050732335,0,0,1,3.88826011686,0,16,NaN,1,ok,2.18974518502,0,23,23,23,1,0,8,0,0.021376372186,0,0,1,3.92449892975,0,16,NaN,1,ok,2.15084385955,0,23,23,23,1,0,8,0,0.0236287587481,0,0,1,4.22783128648,0,16,NaN,1,ok,2.25472371713,0,0,0,0
636,WLNM_dir_neg,0.924444444444,0.851547371038,00:00:00,10,70,36,510967882,fixed,validated_v2,/gpfs/scratch/acw792/wlnm_roleonly_v2_20260910/result_wlnm_dir_neg_roleonly_trophicv2_100x290_train10-90_Apocrita_20260910_011848/ecological_snapshots/Broadstone_Stream_tax_mass_K10_ratio0.7_exp36_seed510967882_threshold0.5_validated_v2.mat,role_only,2,uniform_without_replacement,uniform_remaining_nonlinks,176,0,176,407,198,198,176,22,0,22,0.111111111111,138,60,0.5,0.814814814815,0.733333333333,0.771929824561,22,5,8,55,0.733333333333,0.916666666667,0.0833333333333,0.266666666667,0.814814814815,0.733333333333,0.771929824561,0.855555555556,0.566666666667,0.666666666667,0.668647849836,0.65,99,69,30,0,99,0,69,0,30,23,99,0.195652173913,2.18974518502,8.60869565217,6.6,4.5,4.59979377438,0.534319478842,0.291611769873,4.28989068105,0.996641269334,0.541062801932,2.91445898002,0.677096530713,0.355731225296,1.07629584498,0.491516479791,2.88826011686,2.18974518502,1.07629584498,2.88826011686,0.351612638569,0.458912768647,121,0.0683229813665,0.291765337837,23,23,23,1,0,0.347826086957,0.608695652174,0.0434782608696,23,0.136363636364,2.03407759962,6,4.6,3.13636363636,3.23334895341,0.538891492236,0.298676748582,2.98481002898,0.994936676326,0.538122243226,2.54057974772,0.846859915908,0.434782608696,0.917299370272,0.450965769665,2.54234592445,2.03407759962,0.917299370272,2.54234592445,0.303643578644,0.378260869565,58,0.0327498588368,0.218348186205,23,23,23,1,0,0.347826086957,0.608695652174,0.0434782608696,23,96,0.189723320158,2.23705997172,8.34782608696,5.64705882353,4.17391304348,4.18448102193,0.501265955752,0.278985507246,4.06372169225,0.973599988769,0.528079710145,2.96421343105,0.710176134523,0.358695652174,0.956311653635,0.427485926047,2.78082267825,2.23705997172,0.956311653635,2.78082267825,0.362911725955,0.427408412483,105,0.0592885375494,0.268899305231,23,23,23,1,0,0.260869565217,0.739130434783,0,-3,-0.00592885375494,0.0473147867001,-0.260869565217,-0.952941176471,-0.326086956522,-0.415312752443,-0.0330535230893,-0.0126262626263,-0.226168988793,-0.023041280565,-0.0129830917874,0.0497544510264,0.0330796038098,0.00296442687747,-0.119984191349,-0.0640305537447,-0.107437438612,0.0473147867001,-0.119984191349,-0.107437438612,0.011299087386,-0.0315043561642,-16,-0.00903444381705,-0.0228660326053,-0.0869565217391,0.130434782609,-0.0434782608696,91,5,8,402,0.919191919192,0.987714987715,0.012285012285,0.0808080808081,0.947916666667,0.919191919192,0.933333333333,0.917592735176,0.906906906907,0.875,27,30,0,23,23,23,1,0,8,0,0.0386050732335,0,0,1,3.88826011686,0,16,NaN,1,ok,2.18974518502,0,23,23,23,1,0,8,0,0.028319989906,0,0,1,3.54234592445,0,16,NaN,1,ok,2.03407759962,0,23,23,23,1,0,6,0,0.0163249188937,0,0,1,3.78082267825,0,16,NaN,1,ok,2.23705997172,0,0,0,0
637,WLNM_dir_neg,0.885,0.819455901648,00:00:00,10,70,37,510967883,fixed,validated_v2,/gpfs/scratch/acw792/wlnm_roleonly_v2_20260910/result_wlnm_dir_neg_roleonly_trophicv2_100x290_train10-90_Apocrita_20260910_011848/ecological_snapshots/Broadstone_Stream_tax_mass_K10_ratio0.7_exp37_seed510967883_threshold0.5_validated_v2.mat,role_only,2,uniform_without_replacement,uniform_remaining_nonlinks,176,0,176,407,198,198,176,22,0,22,0.111111111111,138,60,0.5,0.833333333333,0.666666666667,0.740740740741,20,4,10,56,0.666666666667,0.933333333333,0.0666666666667,0.333333333333,0.833333333333,0.666666666667,0.740740740741,0.844444444444,0.577777777778,0.631578947368,0.639602149067,0.6,99,69,30,0,99,0,69,0,30,23,99,0.195652173913,2.18974518502,8.60869565217,6.6,4.5,4.59979377438,0.534319478842,0.291611769873,4.28989068105,0.996641269334,0.541062801932,2.91445898002,0.677096530713,0.355731225296,1.07629584498,0.491516479791,2.88826011686,2.18974518502,1.07629584498,2.88826011686,0.351612638569,0.458912768647,121,0.0683229813665,0.291765337837,23,23,23,1,0,0.347826086957,0.608695652174,0.0434782608696,23,0.136363636364,2.11911814605,6,4.6,3.45,3.34392257414,0.557320429023,0.304347826087,3.17661912903,1.05887304301,0.5595463138,2.25630429927,0.75210143309,0.388153749212,1.03263749126,0.48729585615,3.02474864656,2.16998715269,1.02701904027,3.02474864656,0.295591974163,0.334123222749,47,0.0265386787126,0.196938009081,23,22,22,0.95652173913,0,0.304347826087,0.565217391304,0.0869565217391,23,93,0.183794466403,2.19732080542,8.08695652174,6.2,4.42857142857,4.67987027285,0.578693635891,0.320243104254,4.26910956087,1.05580128925,0.566619915849,2.91513699771,0.720947859649,0.378681626928,1.05131713153,0.478454092337,2.85303941216,2.2517444784,1.04236795295,2.85303941216,0.405631237449,0.491132332879,120,0.0677583286279,0.254375291482,23,22,22,0.95652173913,0,0.304347826087,0.608695652174,0.0434782608696,-6,-0.0118577075099,0.00757562039799,-0.521739130435,-0.4,-0.0714285714286,0.0800764984778,0.0443741570489,0.0286313343817,-0.02078112018,0.0591600199125,0.0255571139162,0.000678017685112,0.0438513289359,0.022950401632,-0.0249787134515,-0.0130623874543,-0.0352207047002,0.0619992933718,-0.0339278920331,-0.0352207047002,0.0540185988803,0.0322195642313,-1,-0.000564652738566,-0.0373900463551,-0.0434782608696,0,0,89,4,10,403,0.89898989899,0.990171990172,0.00982800982801,0.10101010101,0.956989247312,0.89898989899,0.927083333333,0.910707979258,0.889161889162,0.864077669903,24,30,0,23,23,23,1,0,8,0,0.0386050732335,0,0,1,3.88826011686,0,16,NaN,1,ok,2.18974518502,0,23,22,22,0.95652173913,0,7,0,0.0395523921171,0,0,1,4.02474864656,0,16,NaN,1,ok,2.16998715269,0,23,22,22,0.95652173913,0,7,0,0.0389400413805,0,0,1,3.85303941216,0,16,NaN,1,ok,2.2517444784,0,0,0,0
638,WLNM_dir_neg,0.931111111111,0.881443842609,00:00:00,10,70,38,510967884,fixed,validated_v2,/gpfs/scratch/acw792/wlnm_roleonly_v2_20260910/result_wlnm_dir_neg_roleonly_trophicv2_100x290_train10-90_Apocrita_20260910_011848/ecological_snapshots/Broadstone_Stream_tax_mass_K10_ratio0.7_exp38_seed510967884_threshold0.5_validated_v2.mat,role_only,2,uniform_without_replacement,uniform_remaining_nonlinks,176,0,176,407,198,198,176,22,0,22,0.111111111111,138,60,0.5,0.838709677419,0.866666666667,0.852459016393,26,5,4,55,0.866666666667,0.916666666667,0.0833333333333,0.133333333333,0.838709677419,0.866666666667,0.852459016393,0.9,0.551851851852,0.776859504132,0.777098386743,0.783333333333,99,69,30,0,99,0,69,0,30,23,99,0.195652173913,2.18974518502,8.60869565217,6.6,4.5,4.59979377438,0.534319478842,0.291611769873,4.28989068105,0.996641269334,0.541062801932,2.91445898002,0.677096530713,0.355731225296,1.07629584498,0.491516479791,2.88826011686,2.18974518502,1.07629584498,2.88826011686,0.351612638569,0.458912768647,121,0.0683229813665,0.291765337837,23,23,23,1,0,0.347826086957,0.608695652174,0.0434782608696,23,0.136363636364,2.09897197039,6,4.6,3.28571428571,3.16227766017,0.527046276695,0.289855072464,3.17661912903,1.05887304301,0.564587271582,2.11057941204,0.703526470681,0.366729678639,1.010606051,0.481476677756,2.84232896354,2.09897197039,1.010606051,2.84232896354,0.283320215138,0.336515513126,47,0.0265386787126,0.169500860173,23,23,23,1,0,0.347826086957,0.565217391304,0.0869565217391,23,100,0.197628458498,1,8.69565217391,5.55555555556,4.54545454545,4.41520907163,0.507749043238,0.279130434783,4.07440676833,0.937113556716,0.512173913043,2.7070395714,0.622619101421,0.333913043478,0,0,0,21.2442936036,13.0619405662,32.7161397351,0.358866978432,0.472081218274,124,0.0700169395822,0.191549998658,23,23,23,1,0,0.217391304348,0.739130434783,0.0434782608696,1,0.00197628458498,-1.18974518502,0.0869565217391,-1.04444444444,0.0454545454545,-0.184584702742,-0.0265704356038,-0.01248133509,-0.215483912715,-0.0595277126177,-0.0288888888889,-0.207419408628,-0.0544774292915,-0.0218181818182,-1.07629584498,-0.491516479791,-2.88826011686,19.0545484186,11.9856447212,29.8278796183,0.00725433986304,0.0131684496268,3,0.0016939582157,-0.100215339179,-0.130434782609,0.130434782609,0,95,5,4,402,0.959595959596,0.987714987715,0.012285012285,0.040404040404,0.95,0.959595959596,0.954773869347,0.94372256896,0.947310947311,0.913461538462,31,30,0,23,23,23,1,0,8,0,0.0386050732335,0,0,1,3.88826011686,0,16,NaN,1,ok,2.18974518502,0,23,23,23,1,0,8,0,0.0360180486423,0,0,1,3.84232896354,0,16,NaN,1,ok,2.09897197039,0,23,23,23,1,0,5,0,0.00271658207988,0,0,1,33.7161397351,1,16,NaN,1,ok,NaN,3,0,0,0
639,WLNM_dir_neg,0.9175,0.689855447917,00:00:00,10,70,39,510967885,fixed,validated_v2,/gpfs/scratch/acw792/wlnm_roleonly_v2_20260910/result_wlnm_dir_neg_roleonly_trophicv2_100x290_train10-90_Apocrita_20260910_011848/ecological_snapshots/Broadstone_Stream_tax_mass_K10_ratio0.7_exp39_seed510967885_threshold0.5_validated_v2.mat,role_only,2,uniform_without_replacement,uniform_remaining_nonlinks,176,0,176,407,198,198,176,22,0,22,0.111111111111,138,60,0.5,0.766666666667,0.766666666667,0.766666666667,23,7,7,53,0.766666666667,0.883333333333,0.116666666667,0.233333333333,0.766666666667,0.766666666667,0.766666666667,0.844444444444,0.555555555556,0.65,0.65,0.65,99,69,30,0,99,0,69,0,30,23,99,0.195652173913,2.18974518502,8.60869565217,6.6,4.5,4.59979377438,0.534319478842,0.291611769873,4.28989068105,0.996641269334,0.541062801932,2.91445898002,0.677096530713,0.355731225296,1.07629584498,0.491516479791,2.88826011686,2.18974518502,1.07629584498,2.88826011686,0.351612638569,0.458912768647,121,0.0683229813665,0.291765337837,23,23,23,1,0,0.347826086957,0.608695652174,0.0434782608696,23,0.136363636364,2.2511349982,6,4.6,3.45,3.34392257414,0.557320429023,0.294265910523,2.90767010759,0.969223369195,0.525519848771,2.37410270131,0.791367567103,0.432262129805,1.17200343512,0.52062778823,3.15701885663,2.30800477085,1.16665036579,3.15701885663,0.282631509904,0.367346938776,48,0.0271033314512,0.212535559678,23,22,22,0.95652173913,0,0.304347826087,0.565217391304,0.0869565217391,23,99,0.195652173913,3.14942633625,8.60869565217,5.5,4.95,4.64894054827,0.540028447526,0.296442687747,4.0612893453,0.9435318681,0.513833992095,3.0812450643,0.715844812917,0.395256916996,1.47260032077,0.467577318391,4.30342118706,3.24712753335,1.42892071164,4.30342118706,0.406125187943,0.467821782178,126,0.0711462450593,0.218487512317,23,22,22,0.95652173913,0,0.173913043478,0.695652173913,0.0869565217391,0,0,0.959681151224,0,-1.1,0.45,0.0491467738923,0.00570896868446,0.0048309178744,-0.228601335748,-0.0531094012343,-0.0272288098375,0.166786084271,0.0387482822044,0.0395256916996,0.396304475791,-0.0239391613999,1.4151610702,1.05738234833,0.352624866658,1.4151610702,0.0545125493742,0.00890901353094,5,0.00282326369283,-0.07327782552,-0.173913043478,0.0869565217391,0.0434782608696,92,7,7,400,0.929292929293,0.982800982801,0.017199017199,0.0707070707071,0.929292929293,0.929292929293,0.929292929293,0.912093912094,0.912093912094,0.867924528302,30,30,0,23,23,23,1,0,8,0,0.0386050732335,0,0,1,3.88826011686,0,16,NaN,1,ok,2.18974518502,0,23,22,22,0.95652173913,0,7,0,0.0351119329339,0,0,1,4.15701885663,0,16,NaN,1,ok,2.30800477085,0,23,22,22,0.95652173913,0,4,0,0.0238466346311,0,0,1,5.30342118706,0,16,NaN,1,ok,3.24712753335,0,0,0,0
640,WLNM_dir_neg,0.913888888889,0.744390543304,00:00:00,10,70,40,510967886,fixed,validated_v2,/gpfs/scratch/acw792/wlnm_roleonly_v2_20260910/result_wlnm_dir_neg_roleonly_trophicv2_100x290_train10-90_Apocrita_20260910_011848/ecological_snapshots/Broadstone_Stream_tax_mass_K10_ratio0.7_exp40_seed510967886_threshold0.5_validated_v2.mat,role_only,2,uniform_without_replacement,uniform_remaining_nonlinks,176,0,176,407,198,198,176,22,0,22,0.111111111111,138,60,0.5,0.833333333333,0.666666666667,0.740740740741,20,4,10,56,0.666666666667,0.933333333333,0.0666666666667,0.333333333333,0.833333333333,0.666666666667,0.740740740741,0.844444444444,0.577777777778,0.631578947368,0.639602149067,0.6,99,69,30,0,99,0,69,0,30,23,99,0.195652173913,2.18974518502,8.60869565217,6.6,4.5,4.59979377438,0.534319478842,0.291611769873,4.28989068105,0.996641269334,0.541062801932,2.91445898002,0.677096530713,0.355731225296,1.07629584498,0.491516479791,2.88826011686,2.18974518502,1.07629584498,2.88826011686,0.351612638569,0.458912768647,121,0.0683229813665,0.291765337837,23,23,23,1,0,0.347826086957,0.608695652174,0.0434782608696,23,0.136363636364,1.9848485042,6,4.92857142857,3.28571428571,3.41121146169,0.568535243615,0.312539382483,3.26134383903,1.08711461301,0.575929426591,2.13200716356,0.710669054519,0.374291115312,0.936081388639,0.471613519448,2.74006170119,1.9848485042,0.936081388639,2.74006170119,0.269844705559,0.315403422983,43,0.0242800677583,0.177052632959,23,23,23,1,0,0.391304347826,0.521739130435,0.0869565217391,23,93,0.183794466403,2.8675990566,8.08695652174,5.8125,4.22727272727,4.91669737156,0.607978707236,0.336605890603,4.16127450832,1.02913240528,0.552594670407,2.89950247879,0.717081258195,0.385226741468,1.43907229681,0.501838739799,3.63634973964,2.8675990566,1.43907229681,3.63634973964,0.381516367231,0.436681222707,100,0.0564652738566,0.22147469733,23,23,23,1,0,0.304347826087,0.652173913043,0.0434782608696,-6,-0.0118577075099,0.67785387158,-0.521739130435,-0.7875,-0.272727272727,0.31690359718,0.0736592283938,0.0449941207304,-0.128616172727,0.0324911359493,0.0115318684744,-0.014956501235,0.0399847274825,0.0294955161715,0.362776451831,0.0103222600073,0.748089622783,0.67785387158,0.362776451831,0.748089622783,0.0299037286615,-0.0222315459399,-21,-0.0118577075099,-0.0702906405068,-0.0434782608696,0.0434782608696,0,89,4,10,403,0.89898989899,0.990171990172,0.00982800982801,0.10101010101,0.956989247312,0.89898989899,0.927083333333,0.910707979258,0.889161889162,0.864077669903,24,30,0,23,23,23,1,0,8,0,0.0386050732335,0,0,1,3.88826011686,0,16,NaN,1,ok,2.18974518502,0,23,23,23,1,0,9,0,0.0606101445385,0,0,1,3.74006170119,0,16,NaN,1,ok,1.9848485042,0,23,23,23,1,0,7,0,0.0248379345587,0,0,1,4.63634973964,0,16,NaN,1,ok,2.8675990566,0,0,0,0
641,WLNM_dir_neg,0.909444444444,0.856107136899,00:00:00,10,70,41,510967887,fixed,validated_v2,/gpfs/scratch/acw792/wlnm_roleonly_v2_20260910/result_wlnm_dir_neg_roleonly_trophicv2_100x290_train10-90_Apocrita_20260910_011848/ecological_snapshots/Broadstone_Stream_tax_mass_K10_ratio0.7_exp41_seed510967887_threshold0.5_validated_v2.mat,role_only,2,uniform_without_replacement,uniform_remaining_nonlinks,176,0,176,407,198,198,176,22,0,22,0.111111111111,138,60,0.5,0.814814814815,0.733333333333,0.771929824561,22,5,8,55,0.733333333333,0.916666666667,0.0833333333333,0.266666666667,0.814814814815,0.733333333333,0.771929824561,0.855555555556,0.566666666667,0.666666666667,0.668647849836,0.65,99,69,30,0,99,0,69,0,30,23,99,0.195652173913,2.18974518502,8.60869565217,6.6,4.5,4.59979377438,0.534319478842,0.291611769873,4.28989068105,0.996641269334,0.541062801932,2.91445898002,0.677096530713,0.355731225296,1.07629584498,0.491516479791,2.88826011686,2.18974518502,1.07629584498,2.88826011686,0.351612638569,0.458912768647,121,0.0683229813665,0.291765337837,23,23,23,1,0,0.347826086957,0.608695652174,0.0434782608696,23,0.136363636364,2.31540344065,6,4.6,3.28571428571,3.06000594176,0.510000990294,0.281663516068,2.89199522192,0.963998407308,0.519218651544,2.29624198915,0.765413996383,0.398235664776,1.22322039124,0.528296870329,3.17760741561,2.31540344065,1.22322039124,3.17760741561,0.242399146747,0.299251870324,40,0.0225861095426,0.199077007648,23,23,23,1,0,0.347826086957,0.565217391304,0.0869565217391,23,96,0.189723320158,4.01969683364,8.34782608696,6,4.36363636364,3.99555088536,0.478633699808,0.265398550725,3.88062991505,0.92973425048,0.510869565217,2.82283181338,0.676303455289,0.356884057971,2.34595414869,0.583614696775,5.83362019507,4.01969683364,2.34595414869,5.83362019507,0.298303628738,0.396306818182,93,0.0525127046866,0.237332299373,23,23,23,1,0,0.304347826087,0.652173913043,0.0434782608696,-3,-0.00592885375494,1.82995164861,-0.260869565217,-0.6,-0.136363636364,-0.604242889021,-0.0556857790335,-0.026213219148,-0.409260766001,-0.0669070188545,-0.030193236715,-0.0916271666426,-0.00079307542336,0.00115283267457,1.2696583037,0.0920982169833,2.94536007821,1.82995164861,1.2696583037,2.94536007821,-0.0533090098307,-0.0626059504655,-28,-0.0158102766798,-0.054433038464,-0.0434782608696,0.0434782608696,0,91,5,8,402,0.919191919192,0.987714987715,0.012285012285,0.0808080808081,0.947916666667,0.919191919192,0.933333333333,0.917592735176,0.906906906907,0.875,27,30,0,23,23,23,1,0,8,0,0.0386050732335,0,0,1,3.88826011686,0,16,NaN,1,ok,2.18974518502,0,23,23,23,1,0,8,0,0.04315920167,0,0,1,4.17760741561,0,16,NaN,1,ok,2.31540344065,0,23,23,23,1,0,7,0,0.0163434643412,0,0,1,6.83362019507,0,16,NaN,1,ok,4.01969683364,0,0,0,0
642,WLNM_dir_neg,0.952777777778,0.744208573922,00:00:00,10,70,42,510967888,fixed,validated_v2,/gpfs/scratch/acw792/wlnm_roleonly_v2_20260910/result_wlnm_dir_neg_roleonly_trophicv2_100x290_train10-90_Apocrita_20260910_011848/ecological_snapshots/Broadstone_Stream_tax_mass_K10_ratio0.7_exp42_seed510967888_threshold0.5_validated_v2.mat,role_only,2,uniform_without_replacement,uniform_remaining_nonlinks,176,0,176,407,198,198,176,22,0,22,0.111111111111,138,60,0.5,0.821428571429,0.766666666667,0.793103448276,23,5,7,55,0.766666666667,0.916666666667,0.0833333333333,0.233333333333,0.821428571429,0.766666666667,0.793103448276,0.866666666667,0.562962962963,0.694915254237,0.695815339135,0.683333333333,99,69,30,0,99,0,69,0,30,23,99,0.195652173913,2.18974518502,8.60869565217,6.6,4.5,4.59979377438,0.534319478842,0.291611769873,4.28989068105,0.996641269334,0.541062801932,2.91445898002,0.677096530713,0.355731225296,1.07629584498,0.491516479791,2.88826011686,2.18974518502,1.07629584498,2.88826011686,0.351612638569,0.458912768647,121,0.0683229813665,0.291765337837,23,23,23,1,0,0.347826086957,0.608695652174,0.0434782608696,23,0.136363636364,2.17854214668,6,4.6,3.45,3.2891004573,0.548183409549,0.301197227473,2.90767010759,0.969223369195,0.528040327662,2.35487888127,0.78495962709,0.409577819786,1.106539635,0.507926659434,2.99690295939,2.17854214668,1.106539635,2.99690295939,0.25354847173,0.35421686747,49,0.0276679841897,0.200794787223,23,23,23,1,0,0.347826086957,0.521739130435,0.130434782609,23,97,0.191699604743,1,8.4347826087,5.70588235294,4.61904761905,4.79418290466,0.568382509315,0.310174809502,4.13363720248,0.98014077997,0.528910802331,2.89131177746,0.685568771975,0.366651725684,0,0,0,23.2857174673,16.037830302,38.131573876,0.316780321128,0.448324022346,107,0.0604178430265,0.228355580286,23,23,23,1,0,0.260869565217,0.652173913043,0.0869565217391,-2,-0.00395256916996,-1.18974518502,-0.173913043478,-0.894117647059,0.119047619048,0.194389130281,0.0340630304734,0.0185630396298,-0.156253478566,-0.0165004893644,-0.0121519996016,-0.0231472025666,0.00847224126179,0.0109205003871,-1.07629584498,-0.491516479791,-2.88826011686,21.0959722823,14.9615344571,35.2433137592,-0.034832317441,-0.0105887463009,-14,-0.00790513833992,-0.063409757551,-0.0869565217391,0.0434782608696,0.0434782608696,92,5,7,402,0.929292929293,0.987714987715,0.012285012285,0.0707070707071,0.948453608247,0.929292929293,0.938775510204,0.924145527312,0.917007917008,0.884615384615,28,30,0,23,23,23,1,0,8,0,0.0386050732335,0,0,1,3.88826011686,0,16,NaN,1,ok,2.18974518502,0,23,23,23,1,0,8,0,0.0313325479631,0,0,1,3.99690295939,0,16,NaN,1,ok,2.17854214668,0,23,23,23,1,0,6,0,0.00228772815824,0,0,1,39.131573876,1,16,NaN,1,ok,NaN,3,0,0,0
643,WLNM_dir_neg,0.847777777778,0.741347607292,00:00:00,10,70,43,510967889,fixed,validated_v2,/gpfs/scratch/acw792/wlnm_roleonly_v2_20260910/result_wlnm_dir_neg_roleonly_trophicv2_100x290_train10-90_Apocrita_20260910_011848/ecological_snapshots/Broadstone_Stream_tax_mass_K10_ratio0.7_exp43_seed510967889_threshold0.5_validated_v2.mat,role_only,2,uniform_without_replacement,uniform_remaining_nonlinks,176,0,176,407,198,198,176,22,0,22,0.111111111111,138,60,0.5,0.68,0.566666666667,0.618181818182,17,8,13,52,0.566666666667,0.866666666667,0.133333333333,0.433333333333,0.68,0.566666666667,0.618181818182,0.766666666667,0.574074074074,0.452173913043,0.45607017004,0.433333333333,99,69,30,0,99,0,69,0,30,23,99,0.195652173913,2.18974518502,8.60869565217,6.6,4.5,4.59979377438,0.534319478842,0.291611769873,4.28989068105,0.996641269334,0.541062801932,2.91445898002,0.677096530713,0.355731225296,1.07629584498,0.491516479791,2.88826011686,2.18974518502,1.07629584498,2.88826011686,0.351612638569,0.458912768647,121,0.0683229813665,0.291765337837,23,23,23,1,0,0.347826086957,0.608695652174,0.0434782608696,23,0.136363636364,2.31388748659,6,4.6,3.28571428571,3.80191339388,0.633652232313,0.354127284184,3.39786028928,1.13262009643,0.593572778828,2.19503572139,0.731678573797,0.39445494644,1.2434987187,0.537406734728,3.57416545718,2.37360964507,1.23853967141,3.57416545718,0.292251082251,0.360849056604,51,0.0287972896669,0.159660075374,23,22,22,0.95652173913,0,0.304347826087,0.608695652174,0.0434782608696,23,94,0.185770750988,8.51503480663,8.17391304348,4.94736842105,4.27272727273,4.73528509186,0.579316793153,0.320536540241,4.22022234957,1.03260759617,0.54394079556,2.59217429756,0.634255413233,0.342275670675,4.19624111407,0.492803753521,12.1515153499,8.51503480663,4.19624111407,12.1515153499,0.412439832894,0.432352941176,98,0.0553359683794,0.144121907987,23,23,23,1,0,0.173913043478,0.782608695652,0.0434782608696,-5,-0.0098814229249,6.3252896216,-0.434782608696,-1.65263157895,-0.227272727273,0.135491317482,0.0449973143112,0.0289247703679,-0.0696683314735,0.0359663268381,0.0028779936273,-0.322284682464,-0.0428411174799,-0.0134555546211,3.11994526909,0.0012872737298,9.26325523308,6.3252896216,3.11994526909,9.26325523308,0.0608271943252,-0.0265598274708,-23,-0.012987012987,-0.14764342985,-0.173913043478,0.173913043478,0,86,8,13,399,0.868686868687,0.980343980344,0.019656019656,0.131313131313,0.914893617021,0.868686868687,0.891191709845,0.866015644252,0.849030849031,0.803738317757,25,30,0,23,23,23,1,0,8,0,0.0386050732335,0,0,1,3.88826011686,0,16,NaN,1,ok,2.18974518502,0,23,22,22,0.95652173913,0,7,0,0.0368014566754,0,0,1,4.57416545718,0,16,NaN,1,ok,2.37360964507,0,23,23,23,1,0,4,0,0.0108358560313,0,0,1,13.1515153499,0,16,NaN,1,ok,8.51503480663,0,0,0,0
644,WLNM_dir_neg,0.976666666667,0.92669469356,00:00:00,10,70,44,510967890,fixed,validated_v2,/gpfs/scratch/acw792/wlnm_roleonly_v2_20260910/result_wlnm_dir_neg_roleonly_trophicv2_100x290_train10-90_Apocrita_20260910_011848/ecological_snapshots/Broadstone_Stream_tax_mass_K10_ratio0.7_exp44_seed510967890_threshold0.5_validated_v2.mat,role_only,2,uniform_without_replacement,uniform_remaining_nonlinks,176,0,176,407,198,198,176,22,0,22,0.111111111111,138,60,0.5,0.9,0.9,0.9,27,3,3,57,0.9,0.95,0.05,0.1,0.9,0.9,0.9,0.933333333333,0.555555555556,0.85,0.85,0.85,99,69,30,0,99,0,69,0,30,23,99,0.195652173913,2.18974518502,8.60869565217,6.6,4.5,4.59979377438,0.534319478842,0.291611769873,4.28989068105,0.996641269334,0.541062801932,2.91445898002,0.677096530713,0.355731225296,1.07629584498,0.491516479791,2.88826011686,2.18974518502,1.07629584498,2.88826011686,0.351612638569,0.458912768647,121,0.0683229813665,0.291765337837,23,23,23,1,0,0.347826086957,0.608695652174,0.0434782608696,23,0.136363636364,2.17326899471,6,4.6,3.13636363636,3.39786028928,0.566310048213,0.311279143037,3.14787085331,1.04929028444,0.554505356018,2.31595258234,0.771984194113,0.389413988658,1.06522047287,0.490146629552,2.81797564463,2.17326899471,1.06522047287,2.81797564463,0.300600157418,0.331695331695,45,0.0254093732355,0.191230304087,23,23,23,1,0,0.347826086957,0.608695652174,0.0434782608696,23,99,0.195652173913,2.40706557974,8.60869565217,5.82352941176,4.5,4.36659978426,0.50723128807,0.276679841897,4.2042703681,0.976749681477,0.52876592007,2.97619009976,0.691438103984,0.357487922705,1.05673422612,0.439013475586,2.9923936455,2.40706557974,1.05673422612,2.9923936455,0.389738039738,0.44689119171,115,0.0649350649351,0.242136933616,23,23,23,1,0,0.260869565217,0.695652173913,0.0434782608696,0,0,0.217320394714,0,-0.776470588235,0,-0.233193990118,-0.0270881907713,-0.0149319279754,-0.0856203129497,-0.019891587857,-0.0122968818621,0.0617311197309,0.0143415732708,0.00175669740887,-0.0195616188599,-0.0525030042058,0.104133528643,0.217320394714,-0.0195616188599,0.104133528643,0.0381254011689,-0.0120215769374,-6,-0.00338791643139,-0.0496284042206,-0.0869565217391,0.0869565217391,0,96,3,3,404,0.969696969697,0.992628992629,0.00737100737101,0.030303030303,0.969696969697,0.969696969697,0.969696969697,0.962325962326,0.962325962326,0.941176470588,30,30,0,23,23,23,1,0,8,0,0.0386050732335,0,0,1,3.88826011686,0,16,NaN,1,ok,2.18974518502,0,23,23,23,1,0,8,0,0.031188124862,0,0,1,3.81797564463,0,16,NaN,1,ok,2.17326899471,0,23,23,23,1,0,6,0,0.0213025767134,0,0,1,3.9923936455,0,16,NaN,1,ok,2.40706557974,0,0,0,0
645,WLNM_dir_neg,0.955555555556,0.859368768218,00:00:00,10,70,45,510967891,fixed,validated_v2,/gpfs/scratch/acw792/wlnm_roleonly_v2_20260910/result_wlnm_dir_neg_roleonly_trophicv2_100x290_train10-90_Apocrita_20260910_011848/ecological_snapshots/Broadstone_Stream_tax_mass_K10_ratio0.7_exp45_seed510967891_threshold0.5_validated_v2.mat,role_only,2,uniform_without_replacement,uniform_remaining_nonlinks,176,0,176,407,198,198,176,22,0,22,0.111111111111,138,60,0.5,0.870967741935,0.9,0.885245901639,27,4,3,56,0.9,0.933333333333,0.0666666666667,0.1,0.870967741935,0.9,0.885245901639,0.922222222222,0.551851851852,0.826446280992,0.826700411429,0.833333333333,99,69,30,0,99,0,69,0,30,23,99,0.195652173913,2.18974518502,8.60869565217,6.6,4.5,4.59979377438,0.534319478842,0.291611769873,4.28989068105,0.996641269334,0.541062801932,2.91445898002,0.677096530713,0.355731225296,1.07629584498,0.491516479791,2.88826011686,2.18974518502,1.07629584498,2.88826011686,0.351612638569,0.458912768647,121,0.0683229813665,0.291765337837,23,23,23,1,0,0.347826086957,0.608695652174,0.0434782608696,23,0.136363636364,2.15920858764,6,4.6,3.45,3.59292233552,0.598820389254,0.333333333333,2.89199522192,0.963998407308,0.526780088217,2.6628760938,0.887625364599,0.436042848141,1.06780051748,0.494533285756,3.04597805113,2.15920858764,1.06780051748,3.04597805113,0.291702741703,0.303703703704,41,0.0231507622812,0.228019176591,23,23,23,1,0,0.347826086957,0.521739130435,0.130434782609,23,100,0.197628458498,2.23992919987,8.69565217391,6.66666666667,4.54545454545,4.65573724861,0.53540978359,0.291739130435,4.28112873447,0.984659608928,0.53652173913,2.74041628643,0.630295745879,0.333043478261,1.09583569759,0.489227828119,2.86528961722,2.23992919987,1.09583569759,2.86528961722,0.380782261217,0.44776119403,120,0.0677583286279,0.268340446104,23,23,23,1,0,0.347826086957,0.608695652174,0.0434782608696,1,0.00197628458498,0.0501840148475,0.0869565217391,0.0666666666667,0.0454545454545,0.0559434742295,0.00109030474798,0.000127360562143,-0.00876194657701,-0.0119816604061,-0.00454106280193,-0.174042693596,-0.0468007848341,-0.0226877470356,0.0195398526095,-0.00228865167276,-0.0229704996367,0.0501840148475,0.0195398526095,-0.0229704996367,0.0291696226479,-0.0111515746174,-1,-0.000564652738566,-0.0234248917332,0,0,0,96,4,3,403,0.969696969697,0.990171990172,0.00982800982801,0.030303030303,0.96,0.969696969697,0.964824120603,0.956233012237,0.959868959869,0.932038834951,31,30,0,23,23,23,1,0,8,0,0.0386050732335,0,0,1,3.88826011686,0,16,NaN,1,ok,2.18974518502,0,23,23,23,1,0,8,0,0.0288902128053,0,0,1,4.04597805113,0,16,NaN,1,ok,2.15920858764,0,23,23,23,1,0,8,0,0.0407463326043,0,0,1,3.86528961722,0,16,NaN,1,ok,2.23992919987,0,0,0,0
646,WLNM_dir_neg,0.868888888889,0.706597620503,00:00:00,10,70,46,510967892,fixed,validated_v2,/gpfs/scratch/acw792/wlnm_roleonly_v2_20260910/result_wlnm_dir_neg_roleonly_trophicv2_100x290_train10-90_Apocrita_20260910_011848/ecological_snapshots/Broadstone_Stream_tax_mass_K10_ratio0.7_exp46_seed510967892_threshold0.5_validated_v2.mat,role_only,2,uniform_without_replacement,uniform_remaining_nonlinks,176,0,176,407,198,198,176,22,0,22,0.111111111111,138,60,0.5,0.793103448276,0.766666666667,0.779661016949,23,6,7,54,0.766666666667,0.9,0.1,0.233333333333,0.793103448276,0.766666666667,0.779661016949,0.855555555556,0.559259259259,0.672268907563,0.672482639139,0.666666666667,99,69,30,0,99,0,69,0,30,23,99,0.195652173913,2.18974518502,8.60869565217,6.6,4.5,4.59979377438,0.534319478842,0.291611769873,4.28989068105,0.996641269334,0.541062801932,2.91445898002,0.677096530713,0.355731225296,1.07629584498,0.491516479791,2.88826011686,2.18974518502,1.07629584498,2.88826011686,0.351612638569,0.458912768647,121,0.0683229813665,0.291765337837,23,23,23,1,0,0.347826086957,0.608695652174,0.0434782608696,23,0.136363636364,2.26821510297,6,4.6,3.13636363636,3.54195631614,0.59032605269,0.32577189666,3.24737656354,1.08245885451,0.574669187146,1.95401684184,0.651338947279,0.339004410838,1.17052775441,0.516056767666,3.11052631579,2.26821510297,1.17052775441,3.11052631579,0.225534566444,0.274809160305,36,0.0203274985884,0.148252567538,23,23,23,1,0,0.347826086957,0.608695652174,0.0434782608696,23,98,0.193675889328,5.40859067627,8.52173913043,6.125,4.45454545455,4.71814259696,0.553659590459,0.302129547471,4.43352303278,1.04052071178,0.556344276841,2.75049402677,0.645524108324,0.341614906832,3.49073192033,0.645405084109,10,5.40859067627,3.49073192033,10,0.427561810171,0.457627118644,117,0.0660643704122,0.228874745897,23,23,23,1,0,0.304347826087,0.652173913043,0.0434782608696,-1,-0.00197628458498,3.21884549125,-0.0869565217391,-0.475,-0.0454545454545,0.11834882258,0.0193401116174,0.0105177775985,0.143632351735,0.0438794424413,0.0152814749088,-0.163964953253,-0.0315724223889,-0.0141163184641,2.41443607534,0.153888604317,7.11173988314,3.21884549125,2.41443607534,7.11173988314,0.0759491716013,-0.00128565000321,-4,-0.00225861095426,-0.06289059194,-0.0434782608696,0.0434782608696,0,92,6,7,401,0.929292929293,0.985257985258,0.014742014742,0.0707070707071,0.938775510204,0.929292929293,0.934010152284,0.918077979749,0.914550914551,0.87619047619,29,30,0,23,23,23,1,0,8,0,0.0386050732335,0,0,1,3.88826011686,0,16,NaN,1,ok,2.18974518502,0,23,23,23,1,0,8,0,0.0366570579752,0,0,1,4.11052631579,0,16,NaN,1,ok,2.26821510297,0,23,23,23,1,0,7,0,0.00791276202434,0,0,1,11,0,16,NaN,1,ok,5.40859067627,0,0,0,0
647,WLNM_dir_neg,0.787222222222,0.719819136056,00:00:00,10,70,47,510967893,fixed,validated_v2,/gpfs/scratch/acw792/wlnm_roleonly_v2_20260910/result_wlnm_dir_neg_roleonly_trophicv2_100x290_train10-90_Apocrita_20260910_011848/ecological_snapshots/Broadstone_Stream_tax_mass_K10_ratio0.7_exp47_seed510967893_threshold0.5_validated_v2.mat,role_only,2,uniform_without_replacement,uniform_remaining_nonlinks,176,0,176,407,198,198,176,22,0,22,0.111111111111,138,60,0.5,0.9,0.6,0.72,18,2,12,58,0.6,0.966666666667,0.0333333333333,0.4,0.9,0.6,0.72,0.844444444444,0.592592592593,0.618181818182,0.642539604116,0.566666666667,99,69,30,0,99,0,69,0,30,23,99,0.195652173913,2.18974518502,8.60869565217,6.6,4.5,4.59979377438,0.534319478842,0.291611769873,4.28989068105,0.996641269334,0.541062801932,2.91445898002,0.677096530713,0.355731225296,1.07629584498,0.491516479791,2.88826011686,2.18974518502,1.07629584498,2.88826011686,0.351612638569,0.458912768647,121,0.0683229813665,0.291765337837,23,23,23,1,0,0.347826086957,0.608695652174,0.0434782608696,23,0.136363636364,2.03286975111,6,4.92857142857,3.28571428571,3.58024884864,0.59670814144,0.32577189666,3.39786028928,1.13262009643,0.597353497164,2,0.666666666667,0.35790800252,0.964353198865,0.474380219559,2.44836880751,2.07981837616,0.95976644704,2.44836880751,0.311271808999,0.362068965517,49,0.0276679841897,0.171774989357,23,22,22,0.95652173913,0,0.347826086957,0.565217391304,0.0434782608696,23,89,0.175889328063,2.04921760592,7.73913043478,6.35714285714,4.2380952381,4.6536143461,0.601309718878,0.332193453835,4.46505978608,1.15389185483,0.605764533464,2.3799226081,0.615036179622,0.335124572545,0.988748409668,0.48250044642,2.54006968641,2.09690931528,0.984567070002,2.54006968641,0.372170001715,0.441048034934,101,0.0570299265951,0.225001101391,23,22,22,0.95652173913,0,0.347826086957,0.565217391304,0.0434782608696,-10,-0.0197628458498,-0.140527579107,-0.869565217391,-0.242857142857,-0.261904761905,0.0538205717214,0.0669902400361,0.0405816839622,0.175169105034,0.157250585496,0.0647017315312,-0.534536371923,-0.062060351091,-0.0206066527513,-0.0875474353157,-0.00901603337109,-0.348190430447,-0.0928358697467,-0.0917287749817,-0.348190430447,0.0205573631463,-0.0178647337128,-20,-0.0112930547713,-0.0667642364459,0,-0.0434782608696,0,87,2,12,405,0.878787878788,0.995085995086,0.004914004914,0.121212121212,0.977528089888,0.878787878788,0.925531914894,0.910543139628,0.873873873874,0.861386138614,20,30,0,23,23,23,1,0,8,0,0.0386050732335,0,0,1,3.88826011686,0,16,NaN,1,ok,2.18974518502,0,23,22,22,0.95652173913,0,8,0,0.0277346048882,0,0,1,3.44836880751,0,16,NaN,1,ok,2.07981837616,0,23,22,22,0.95652173913,0,8,0,0.0266179664273,0,0,1,3.54006968641,0,16,NaN,1,ok,2.09690931528,0,0,0,0
648,WLNM_dir_neg,0.95,0.873851169743,00:00:00,10,70,48,510967894,fixed,validated_v2,/gpfs/scratch/acw792/wlnm_roleonly_v2_20260910/result_wlnm_dir_neg_roleonly_trophicv2_100x290_train10-90_Apocrita_20260910_011848/ecological_snapshots/Broadstone_Stream_tax_mass_K10_ratio0.7_exp48_seed510967894_threshold0.5_validated_v2.mat,role_only,2,uniform_without_replacement,uniform_remaining_nonlinks,176,0,176,407,198,198,176,22,0,22,0.111111111111,138,60,0.5,0.75,0.8,0.774193548387,24,8,6,52,0.8,0.866666666667,0.133333333333,0.2,0.75,0.8,0.774193548387,0.844444444444,0.548148148148,0.655737704918,0.656532164299,0.666666666667,99,69,30,0,99,0,69,0,30,23,99,0.195652173913,2.18974518502,8.60869565217,6.6,4.5,4.59979377438,0.534319478842,0.291611769873,4.28989068105,0.996641269334,0.541062801932,2.91445898002,0.677096530713,0.355731225296,1.07629584498,0.491516479791,2.88826011686,2.18974518502,1.07629584498,2.88826011686,0.351612638569,0.458912768647,121,0.0683229813665,0.291765337837,23,23,23,1,0,0.347826086957,0.608695652174,0.0434782608696,23,0.136363636364,2.17796705936,6,4.6,3.83333333333,3.11885759971,0.519809599952,0.28670447385,2.82842712475,0.942809041582,0.512917454316,2.64575131106,0.881917103688,0.47258979206,1.06839622149,0.490547465767,2.9554905783,2.17796705936,1.06839622149,2.9554905783,0.323802964712,0.424460431655,59,0.0333145115754,0.229255929256,23,23,23,1,0,0.347826086957,0.434782608696,0.217391304348,23,101,0.199604743083,3.62508099388,8.78260869565,6.3125,4.59090909091,4.54229138951,0.517191593855,0.283684890228,4.22911048497,0.963064763904,0.524321997417,2.74257891964,0.624547674769,0.332328885062,2.03383253031,0.56104471424,4.99430742118,3.62508099388,2.03383253031,4.99430742118,0.370401579097,0.488286066584,132,0.0745341614907,0.232270509096,23,23,23,1,0,0.304347826087,0.652173913043,0.0434782608696,2,0.00395256916996,1.43533580885,0.173913043478,-0.2875,0.0909090909091,-0.0575023848696,-0.017127884987,-0.00792687964449,-0.0607801960787,-0.0335765054305,-0.0167408045152,-0.171880060388,-0.052548855944,-0.023402340234,0.957536685325,0.0695282344492,2.10604730432,1.43533580885,0.957536685325,2.10604730432,0.0187889405281,0.0293732979372,11,0.00621118012422,-0.0594948287406,-0.0434782608696,0.0434782608696,0,93,8,6,399,0.939393939394,0.980343980344,0.019656019656,0.0606060606061,0.920792079208,0.939393939394,0.93,0.91283166273,0.919737919738,0.869158878505,32,30,0,23,23,23,1,0,8,0,0.0386050732335,0,0,1,3.88826011686,0,16,NaN,1,ok,2.18974518502,0,23,23,23,1,0,8,0,0.0344418049636,0,0,1,3.9554905783,0,16,NaN,1,ok,2.17796705936,0,23,23,23,1,0,7,0,0.0245687197209,0,0,1,5.99430742118,0,16,NaN,1,ok,3.62508099388,0,0,0,0
649,WLNM_dir_neg,0.736666666667,0.600434628444,00:00:00,10,70,49,510967895,fixed,validated_v2,/gpfs/scratch/acw792/wlnm_roleonly_v2_20260910/result_wlnm_dir_neg_roleonly_trophicv2_100x290_train10-90_Apocrita_20260910_011848/ecological_snapshots/Broadstone_Stream_tax_mass_K10_ratio0.7_exp49_seed510967895_threshold0.5_validated_v2.mat,role_only,2,uniform_without_replacement,uniform_remaining_nonlinks,176,0,176,407,198,198,176,22,0,22,0.111111111111,138,60,0.5,0.764705882353,0.433333333333,0.553191489362,13,4,17,56,0.433333333333,0.933333333333,0.0666666666667,0.566666666667,0.764705882353,0.433333333333,0.553191489362,0.766666666667,0.603703703704,0.411214953271,0.441592605247,0.366666666667,99,69,30,0,99,0,69,0,30,23,99,0.195652173913,2.18974518502,8.60869565217,6.6,4.5,4.59979377438,0.534319478842,0.291611769873,4.28989068105,0.996641269334,0.541062801932,2.91445898002,0.677096530713,0.355731225296,1.07629584498,0.491516479791,2.88826011686,2.18974518502,1.07629584498,2.88826011686,0.351612638569,0.458912768647,121,0.0683229813665,0.291765337837,23,23,23,1,0,0.347826086957,0.608695652174,0.0434782608696,23,0.136363636364,1.96821387643,6,5.30769230769,3.28571428571,3.71728150914,0.61954691819,0.338374291115,3.59292233552,1.19764077851,0.620037807183,2,0.666666666667,0.366729678639,0.968311405472,0.49197468683,2.48959254673,2.01222359809,0.967267742063,2.48959254673,0.309686609687,0.353773584906,50,0.0282326369283,0.163855634896,23,22,22,0.95652173913,0,0.391304347826,0.521739130435,0.0434782608696,23,86,0.169960474308,3.77566426985,7.47826086957,5.73333333333,4.09523809524,4.49109791413,0.600553790843,0.329120323559,4.02511875945,1.07648524962,0.574317492417,2.0936568987,0.559931496165,0.299292214358,2.41981699975,0.640898349748,7.09605740965,3.90183082757,2.39808263416,7.09605740965,0.494716394716,0.477966101695,94,0.0530773574252,0.164054364559,23,22,22,0.95652173913,0,0.304347826087,0.608695652174,0.0434782608696,-13,-0.0256916996047,1.58591908483,-1.13043478261,-0.866666666667,-0.404761904762,-0.108695860247,0.0662343120013,0.0375085536865,-0.264771921598,0.0798439802859,0.0332546904842,-0.820802081322,-0.117165034548,-0.0564390109385,1.34352115477,0.149381869956,4.20779729279,1.71208564255,1.32178678917,4.20779729279,0.143103756147,0.0190533330476,-27,-0.0152456239413,-0.127710973278,-0.0434782608696,0,0,82,4,17,403,0.828282828283,0.990171990172,0.00982800982801,0.171717171717,0.953488372093,0.828282828283,0.886486486486,0.86444156503,0.818454818455,0.796116504854,17,30,0,23,23,23,1,0,8,0,0.0386050732335,0,0,1,3.88826011686,0,16,NaN,1,ok,2.18974518502,0,23,22,22,0.95652173913,0,9,0,0.0534638590908,0,0,1,3.48959254673,0,16,NaN,1,ok,2.01222359809,0,23,22,22,0.95652173913,0,7,0,0.0219025401762,0,0,1,8.09605740965,0,16,NaN,1,ok,3.90183082757,0,0,0,0
650,WLNM_dir_neg,0.866666666667,0.489464000622,00:00:01,10,70,50,510967896,fixed,validated_v2,/gpfs/scratch/acw792/wlnm_roleonly_v2_20260910/result_wlnm_dir_neg_roleonly_trophicv2_100x290_train10-90_Apocrita_20260910_011848/ecological_snapshots/Broadstone_Stream_tax_mass_K10_ratio0.7_exp50_seed510967896_threshold0.5_validated_v2.mat,role_only,2,uniform_without_replacement,uniform_remaining_nonlinks,176,0,176,407,198,198,176,22,0,22,0.111111111111,138,60,0.5,0.904761904762,0.633333333333,0.745098039216,19,2,11,58,0.633333333333,0.966666666667,0.0333333333333,0.366666666667,0.904761904762,0.633333333333,0.745098039216,0.855555555556,0.588888888889,0.648648648649,0.66873385509,0.6,99,69,30,0,99,0,69,0,30,23,99,0.195652173913,2.18974518502,8.60869565217,6.6,4.5,4.59979377438,0.534319478842,0.291611769873,4.28989068105,0.996641269334,0.541062801932,2.91445898002,0.677096530713,0.355731225296,1.07629584498,0.491516479791,2.88826011686,2.18974518502,1.07629584498,2.88826011686,0.351612638569,0.458912768647,121,0.0683229813665,0.291765337837,23,23,23,1,0,0.347826086957,0.608695652174,0.0434782608696,23,0.136363636364,2.13866359694,6,4.6,3.13636363636,3.68041499636,0.613402499394,0.338374291115,3.39786028928,1.13262009643,0.58475110271,2.17422922602,0.724743075339,0.381852551985,1.03656275325,0.484677793524,2.8398637138,2.13866359694,1.03656275325,2.8398637138,0.304917027417,0.350835322196,49,0.0276679841897,0.176684757042,23,23,23,1,0,0.347826086957,0.608695652174,0.0434782608696,23,90,0.177865612648,2.1330692919,7.82608695652,6,4.09090909091,4.83032253688,0.617207879712,0.34154589372,4.34754939831,1.11104040179,0.586473429952,2.82702933513,0.72246305231,0.385507246377,1.03155841306,0.483602861371,2.8207217695,2.1330692919,1.03155841306,2.8207217695,0.369946719947,0.482065997131,112,0.0632411067194,0.251753623749,23,23,23,1,0,0.347826086957,0.608695652174,0.0434782608696,-9,-0.0177865612648,-0.0566758931283,-0.782608695652,-0.6,-0.409090909091,0.230528762501,0.0828884008705,0.0499341238472,0.0576587172634,0.114399132456,0.0454106280193,-0.0874296448989,0.0453665215971,0.0297760210804,-0.0447374319189,-0.00791361841995,-0.0675383473584,-0.0566758931283,-0.0447374319189,-0.0675383473584,0.0183340813776,0.0231532284833,-9,-0.00508187464709,-0.0400117140873,0,0,0,88,2,11,405,0.888888888889,0.995085995086,0.004914004914,0.111111111111,0.977777777778,0.888888888889,0.931216931217,0.917036892273,0.883974883975,0.871287128713,21,30,0,23,23,23,1,0,8,0,0.0386050732335,0,0,1,3.88826011686,0,16,NaN,1,ok,2.18974518502,0,23,23,23,1,0,8,0,0.023437868812,0,0,1,3.8398637138,0,16,NaN,1,ok,2.13866359694,0,23,23,23,1,0,8,0,0.0239896022832,0,0,1,3.8207217695,0,16,NaN,1,ok,2.1330692919,0,0,0,0
651,WLNM_dir_neg,0.901111111111,0.828834424148,00:00:00,10,70,51,510967897,fixed,validated_v2,/gpfs/scratch/acw792/wlnm_roleonly_v2_20260910/result_wlnm_dir_neg_roleonly_trophicv2_100x290_train10-90_Apocrita_20260910_011848/ecological_snapshots/Broadstone_Stream_tax_mass_K10_ratio0.7_exp51_seed510967897_threshold0.5_validated_v2.mat,role_only,2,uniform_without_replacement,uniform_remaining_nonlinks,176,0,176,407,198,198,176,22,0,22,0.111111111111,138,60,0.5,0.875,0.7,0.777777777778,21,3,9,57,0.7,0.95,0.05,0.3,0.875,0.7,0.777777777778,0.866666666667,0.577777777778,0.684210526316,0.692902328156,0.65,99,69,30,0,99,0,69,0,30,23,99,0.195652173913,2.18974518502,8.60869565217,6.6,4.5,4.59979377438,0.534319478842,0.291611769873,4.28989068105,0.996641269334,0.541062801932,2.91445898002,0.677096530713,0.355731225296,1.07629584498,0.491516479791,2.88826011686,2.18974518502,1.07629584498,2.88826011686,0.351612638569,0.458912768647,121,0.0683229813665,0.291765337837,23,23,23,1,0,0.347826086957,0.608695652174,0.0434782608696,23,0.136363636364,2.4012737286,6,4.6,3.28571428571,3.43775825476,0.572959709127,0.318210459987,3.07482445914,1.02494148638,0.553245116572,2.02259958739,0.674199862463,0.359168241966,1.34299098866,0.559282755924,3.73117254528,2.4012737286,1.34299098866,3.73117254528,0.292063492063,0.366233766234,47,0.0265386787126,0.159940218512,23,23,23,1,0,0.347826086957,0.565217391304,0.0869565217391,23,93,0.183794466403,2.35327347395,8.08695652174,6.2,4.22727272727,4.38917100765,0.542746952559,0.299205236092,4.19391616587,1.03720507328,0.558204768583,2.4767695395,0.612534402241,0.330060776064,1.21556063035,0.516540318755,3.20018975332,2.35327347395,1.21556063035,3.20018975332,0.345677752199,0.441048034934,101,0.0570299265951,0.223185121757,23,23,23,1,0,0.347826086957,0.608695652174,0.0434782608696,-6,-0.0118577075099,0.163528288928,-0.521739130435,-0.4,-0.272727272727,-0.210622766728,0.00842747371697,0.00759346621899,-0.0959745151798,0.0405638039448,0.0171419666511,-0.437689440528,-0.0645621284716,-0.0256704492329,0.13926478537,0.025023838964,0.311929636463,0.163528288928,0.13926478537,0.311929636463,-0.00593488636967,-0.0178647337128,-20,-0.0112930547713,-0.0685802160802,0,0,0,90,3,9,404,0.909090909091,0.992628992629,0.00737100737101,0.0909090909091,0.967741935484,0.909090909091,0.9375,0.923570296435,0.90171990172,0.882352941176,24,30,0,23,23,23,1,0,8,0,0.0386050732335,0,0,1,3.88826011686,0,16,NaN,1,ok,2.18974518502,0,23,23,23,1,0,8,0,0.0278545206925,0,0,1,4.73117254528,0,16,NaN,1,ok,2.4012737286,0,23,23,23,1,0,8,0,0.0266539553518,0,0,1,4.20018975332,0,16,NaN,1,ok,2.35327347395,0,0,0,0
652,WLNM_dir_neg,0.923611111111,0.591886701253,00:00:00,10,70,52,510967898,fixed,validated_v2,/gpfs/scratch/acw792/wlnm_roleonly_v2_20260910/result_wlnm_dir_neg_roleonly_trophicv2_100x290_train10-90_Apocrita_20260910_011848/ecological_snapshots/Broadstone_Stream_tax_mass_K10_ratio0.7_exp52_seed510967898_threshold0.5_validated_v2.mat,role_only,2,uniform_without_replacement,uniform_remaining_nonlinks,176,0,176,407,198,198,176,22,0,22,0.111111111111,138,60,0.5,0.913043478261,0.7,0.792452830189,21,2,9,58,0.7,0.966666666667,0.0333333333333,0.3,0.913043478261,0.7,0.792452830189,0.877777777778,0.581481481481,0.70796460177,0.72051607433,0.666666666667,99,69,30,0,99,0,69,0,30,23,99,0.195652173913,2.18974518502,8.60869565217,6.6,4.5,4.59979377438,0.534319478842,0.291611769873,4.28989068105,0.996641269334,0.541062801932,2.91445898002,0.677096530713,0.355731225296,1.07629584498,0.491516479791,2.88826011686,2.18974518502,1.07629584498,2.88826011686,0.351612638569,0.458912768647,121,0.0683229813665,0.291765337837,23,23,23,1,0,0.347826086957,0.608695652174,0.0434782608696,23,0.136363636364,2.34831529383,6,4.6,3.13636363636,3.78993883376,0.631656472293,0.345305608066,3.30289129538,1.10096376513,0.570888468809,1.97714210645,0.659047368816,0.347826086957,1.248519654,0.531666108585,3.17369901547,2.34831529383,1.248519654,3.17369901547,0.312966398681,0.330827067669,44,0.0248447204969,0.183467960611,23,23,23,1,0,0.347826086957,0.608695652174,0.0434782608696,23,92,0.181818181818,2.23034564676,8,6.13333333333,4.18181818182,4.53270940448,0.56658867556,0.308601134216,4.14509567825,1.03627391956,0.552930056711,2.74689907813,0.686724769534,0.342155009452,1.09985489034,0.493132036254,3.00550148117,2.23034564676,1.09985489034,3.00550148117,0.330105401845,0.361233480176,82,0.0463015245624,0.282911422533,23,23,23,1,0,0.347826086957,0.608695652174,0.0434782608696,-7,-0.0138339920949,0.0406004617314,-0.608695652174,-0.466666666667,-0.318181818182,-0.0670843698979,0.0322691967181,0.0169893643429,-0.144795002801,0.0396326502274,0.0118672547784,-0.16755990189,0.0096282388208,-0.0135762158446,0.0235590453529,0.00161555646318,0.11724136431,0.0406004617314,0.0235590453529,0.11724136431,-0.0215072367246,-0.0976792884711,-39,-0.0220214568041,-0.0088539153035,0,0,0,90,2,9,405,0.909090909091,0.995085995086,0.004914004914,0.0909090909091,0.978260869565,0.909090909091,0.942408376963,0.929981109951,0.904176904177,0.891089108911,23,30,0,23,23,23,1,0,8,0,0.0386050732335,0,0,1,3.88826011686,0,16,NaN,1,ok,2.18974518502,0,23,23,23,1,0,8,0,0.0308371199696,0,0,1,4.17369901547,0,16,NaN,1,ok,2.34831529383,0,23,23,23,1,0,8,0,0.0383937945517,0,0,1,4.00550148117,0,16,NaN,1,ok,2.23034564676,0,0,0,0
653,WLNM_dir_neg,0.824444444444,0.750981415634,00:00:00,10,70,53,510967899,fixed,validated_v2,/gpfs/scratch/acw792/wlnm_roleonly_v2_20260910/result_wlnm_dir_neg_roleonly_trophicv2_100x290_train10-90_Apocrita_20260910_011848/ecological_snapshots/Broadstone_Stream_tax_mass_K10_ratio0.7_exp53_seed510967899_threshold0.5_validated_v2.mat,role_only,2,uniform_without_replacement,uniform_remaining_nonlinks,176,0,176,407,198,198,176,22,0,22,0.111111111111,138,60,0.5,0.857142857143,0.6,0.705882352941,18,3,12,57,0.6,0.95,0.05,0.4,0.857142857143,0.6,0.705882352941,0.833333333333,0.588888888889,0.594594594595,0.613006033833,0.55,99,69,30,0,99,0,69,0,30,23,99,0.195652173913,2.18974518502,8.60869565217,6.6,4.5,4.59979377438,0.534319478842,0.291611769873,4.28989068105,0.996641269334,0.541062801932,2.91445898002,0.677096530713,0.355731225296,1.07629584498,0.491516479791,2.88826011686,2.18974518502,1.07629584498,2.88826011686,0.351612638569,0.458912768647,121,0.0683229813665,0.291765337837,23,23,23,1,0,0.347826086957,0.608695652174,0.0434782608696,23,0.136363636364,2.0728670191,6,4.92857142857,3.45,3.76587548677,0.627645914461,0.34404536862,3.33030165164,1.11010055055,0.588531821046,1.93061459833,0.643538199442,0.35790800252,1.0440654979,0.503681851407,2.87855034307,2.0728670191,1.0440654979,2.87855034307,0.357802514945,0.456057007126,64,0.0361377752682,0.151729863543,23,23,23,1,0,0.391304347826,0.478260869565,0.130434782609,23,90,0.177865612648,2.09316641163,7.82608695652,6.42857142857,4.28571428571,4.48889715058,0.573581302574,0.314975845411,4.24170895532,1.08399228858,0.575845410628,2.39151993279,0.611166205046,0.333333333333,1.04756474699,0.500468926488,2.67379468237,2.09316641163,1.04756474699,2.67379468237,0.50494529625,0.497014925373,111,0.0626764539808,0.210500840107,23,23,23,1,0,0.391304347826,0.521739130435,0.0869565217391,-9,-0.0177865612648,-0.0965787733899,-0.782608695652,-0.171428571429,-0.214285714286,-0.1108966238,0.0392618237319,0.023364075538,-0.0481817257251,0.0873510192481,0.0347826086957,-0.522939047234,-0.0659303256664,-0.0223978919631,-0.028731097992,0.00895244669653,-0.214465434492,-0.0965787733899,-0.028731097992,-0.214465434492,0.15333265768,0.0381021567259,-10,-0.00564652738566,-0.0812644977302,0.0434782608696,-0.0869565217391,0.0434782608696,87,3,12,404,0.878787878788,0.992628992629,0.00737100737101,0.121212121212,0.966666666667,0.878787878788,0.920634920635,0.904009190901,0.871416871417,0.852941176471,21,30,0,23,23,23,1,0,8,0,0.0386050732335,0,0,1,3.88826011686,0,16,NaN,1,ok,2.18974518502,0,23,23,23,1,0,9,0,0.054428479345,0,0,1,3.87855034307,0,16,NaN,1,ok,2.0728670191,0,23,23,23,1,0,9,0,0.0492830984169,0,0,1,3.67379468237,0,16,NaN,1,ok,2.09316641163,0,0,0,0
654,WLNM_dir_neg,0.914166666667,0.462908630169,00:00:00,10,70,54,510967900,fixed,validated_v2,/gpfs/scratch/acw792/wlnm_roleonly_v2_20260910/result_wlnm_dir_neg_roleonly_trophicv2_100x290_train10-90_Apocrita_20260910_011848/ecological_snapshots/Broadstone_Stream_tax_mass_K10_ratio0.7_exp54_seed510967900_threshold0.5_validated_v2.mat,role_only,2,uniform_without_replacement,uniform_remaining_nonlinks,176,0,176,407,198,198,176,22,0,22,0.111111111111,138,60,0.5,0.787878787879,0.866666666667,0.825396825397,26,7,4,53,0.866666666667,0.883333333333,0.116666666667,0.133333333333,0.787878787879,0.866666666667,0.825396825397,0.877777777778,0.544444444444,0.731707317073,0.733673982067,0.75,99,69,30,0,99,0,69,0,30,23,99,0.195652173913,2.18974518502,8.60869565217,6.6,4.5,4.59979377438,0.534319478842,0.291611769873,4.28989068105,0.996641269334,0.541062801932,2.91445898002,0.677096530713,0.355731225296,1.07629584498,0.491516479791,2.88826011686,2.18974518502,1.07629584498,2.88826011686,0.351612638569,0.458912768647,121,0.0683229813665,0.291765337837,23,23,23,1,0,0.347826086957,0.608695652174,0.0434782608696,23,0.136363636364,2.23831845204,6,4.6,3.45,3.20510955706,0.534184926176,0.295526149968,2.98481002898,0.994936676326,0.536862003781,2.17422922602,0.724743075339,0.360428481411,1.1335687739,0.506437666574,3.01769818829,2.23831845204,1.1335687739,3.01769818829,0.244306703398,0.280748663102,35,0.0197628458498,0.190205085919,23,23,23,1,0,0.347826086957,0.521739130435,0.130434782609,23,102,0.201581027668,3.28526758393,8.86956521739,6.375,4.63636363636,4.84584496644,0.546345265824,0.30136402387,4.54098594577,1.0239478113,0.549872122762,2.7440197282,0.618749546556,0.336743393009,1.87590103648,0.571004031957,5.37635899956,3.28526758393,1.87590103648,5.37635899956,0.372089987307,0.466507177033,130,0.0734048560136,0.217498490752,23,23,23,1,0,0.304347826087,0.652173913043,0.0434782608696,3,0.00592885375494,1.09552239891,0.260869565217,-0.225,0.136363636364,0.246051192059,0.0120257869819,0.00975225399778,0.251095264723,0.0273065419669,0.00880932082978,-0.17043925182,-0.0583469841569,-0.0189878322871,0.7996051915,0.0794875521658,2.4880988827,1.09552239891,0.7996051915,2.4880988827,0.0204773487382,0.00759440838621,9,0.00508187464709,-0.0742668470846,-0.0434782608696,0.0434782608696,0,95,7,4,400,0.959595959596,0.982800982801,0.017199017199,0.040404040404,0.93137254902,0.959595959596,0.945273631841,0.931875517241,0.942396942397,0.896226415094,33,30,0,23,23,23,1,0,8,0,0.0386050732335,0,0,1,3.88826011686,0,16,NaN,1,ok,2.18974518502,0,23,23,23,1,0,8,0,0.0206449700864,0,0,1,4.01769818829,0,16,NaN,1,ok,2.23831845204,0,23,23,23,1,0,7,0,0.0163653808078,0,0,1,6.37635899956,0,16,NaN,1,ok,3.28526758393,0,0,0,0
655,WLNM_dir_neg,0.914444444444,0.823736449585,00:00:00,10,70,55,510967901,fixed,validated_v2,/gpfs/scratch/acw792/wlnm_roleonly_v2_20260910/result_wlnm_dir_neg_roleonly_trophicv2_100x290_train10-90_Apocrita_20260910_011848/ecological_snapshots/Broadstone_Stream_tax_mass_K10_ratio0.7_exp55_seed510967901_threshold0.5_validated_v2.mat,role_only,2,uniform_without_replacement,uniform_remaining_nonlinks,176,0,176,407,198,198,176,22,0,22,0.111111111111,138,60,0.5,0.757575757576,0.833333333333,0.793650793651,25,8,5,52,0.833333333333,0.866666666667,0.133333333333,0.166666666667,0.757575757576,0.833333333333,0.793650793651,0.855555555556,0.544444444444,0.682926829268,0.684762383262,0.7,99,69,30,0,99,0,69,0,30,23,99,0.195652173913,2.18974518502,8.60869565217,6.6,4.5,4.59979377438,0.534319478842,0.291611769873,4.28989068105,0.996641269334,0.541062801932,2.91445898002,0.677096530713,0.355731225296,1.07629584498,0.491516479791,2.88826011686,2.18974518502,1.07629584498,2.88826011686,0.351612638569,0.458912768647,121,0.0683229813665,0.291765337837,23,23,23,1,0,0.347826086957,0.608695652174,0.0434782608696,23,0.136363636364,2.08336279015,6,4.6,3.45,3.2891004573,0.548183409549,0.298676748582,3.08957190327,1.02985730109,0.551984877127,2.37410270131,0.791367567103,0.412098298677,0.967013495753,0.464159915078,2.57588075881,2.08336279015,0.967013495753,2.57588075881,0.275524727797,0.316176470588,43,0.0242800677583,0.194635391064,23,23,23,1,0,0.347826086957,0.521739130435,0.130434782609,23,102,0.201581027668,2.7766460376,8.86956521739,6.375,4.63636363636,4.88322125265,0.550559258878,0.303495311168,4.59076233476,1.03517189901,0.554987212276,2.77695200725,0.626175452616,0.329923273657,1.34335148294,0.483803648268,3.63517374514,2.7766460376,1.34335148294,3.63517374514,0.43414870154,0.432172869148,120,0.0677583286279,0.242845799353,23,23,23,1,0,0.304347826087,0.652173913043,0.0434782608696,3,0.00592885375494,0.586900852573,0.260869565217,-0.225,0.136363636364,0.283427478277,0.0162397800359,0.0118835412953,0.30087165371,0.0385306296798,0.0139244103438,-0.13750697277,-0.0509210780966,-0.0258079516392,0.267055637955,-0.00771283152351,0.746913628287,0.586900852573,0.267055637955,0.746913628287,0.0825360629708,-0.0267398994996,-1,-0.000564652738566,-0.0489195384836,-0.0434782608696,0.0434782608696,0,94,8,5,399,0.949494949495,0.980343980344,0.019656019656,0.0505050505051,0.921568627451,0.949494949495,0.935323383085,0.919457709073,0.929838929839,0.878504672897,33,30,0,23,23,23,1,0,8,0,0.0386050732335,0,0,1,3.88826011686,0,16,NaN,1,ok,2.18974518502,0,23,23,23,1,0,8,0,0.0255168064518,0,0,1,3.57588075881,0,16,NaN,1,ok,2.08336279015,0,23,23,23,1,0,7,0,0.0255552739351,0,0,1,4.63517374514,0,16,NaN,1,ok,2.7766460376,0,0,0,0
656,WLNM_dir_neg,0.933333333333,0.863714027662,00:00:00,10,70,56,510967902,fixed,validated_v2,/gpfs/scratch/acw792/wlnm_roleonly_v2_20260910/result_wlnm_dir_neg_roleonly_trophicv2_100x290_train10-90_Apocrita_20260910_011848/ecological_snapshots/Broadstone_Stream_tax_mass_K10_ratio0.7_exp56_seed510967902_threshold0.5_validated_v2.mat,role_only,2,uniform_without_replacement,uniform_remaining_nonlinks,176,0,176,407,198,198,176,22,0,22,0.111111111111,138,60,0.5,0.821428571429,0.766666666667,0.793103448276,23,5,7,55,0.766666666667,0.916666666667,0.0833333333333,0.233333333333,0.821428571429,0.766666666667,0.793103448276,0.866666666667,0.562962962963,0.694915254237,0.695815339135,0.683333333333,99,69,30,0,99,0,69,0,30,23,99,0.195652173913,2.18974518502,8.60869565217,6.6,4.5,4.59979377438,0.534319478842,0.291611769873,4.28989068105,0.996641269334,0.541062801932,2.91445898002,0.677096530713,0.355731225296,1.07629584498,0.491516479791,2.88826011686,2.18974518502,1.07629584498,2.88826011686,0.351612638569,0.458912768647,121,0.0683229813665,0.291765337837,23,23,23,1,0,0.347826086957,0.608695652174,0.0434782608696,23,0.136363636364,2.18249967033,6,4.6,3.28571428571,3.49024614917,0.581707691529,0.312539382483,2.9541957835,0.984731927835,0.536862003781,2.46797672009,0.822658906697,0.420919974795,1.09763424786,0.502925275444,2.84943674177,2.18249967033,1.09763424786,2.84943674177,0.262130623,0.321695760599,43,0.0242800677583,0.209163138449,23,23,23,1,0,0.347826086957,0.565217391304,0.0869565217391,23,97,0.191699604743,1,8.4347826087,5.70588235294,4.61904761905,4.47036796285,0.52999207807,0.290900941282,4.10051572964,0.972287234863,0.527117884357,2.93809650406,0.696662057665,0.379202151502,0,0,0,NaN,NaN,NaN,0.370647227169,0.478201634877,117,0.0660643704122,0.207459682762,23,23,0,1,7,0.260869565217,0.652173913043,0.0869565217391,-2,-0.00395256916996,-1.18974518502,-0.173913043478,-0.894117647059,0.119047619048,-0.129425811522,-0.00432740077135,-0.000710828590703,-0.189374951409,-0.0243540344715,-0.0139449175756,0.0236375240397,0.0195655269519,0.0234709262051,-1.07629584498,-0.491516479791,-2.88826011686,NaN,NaN,NaN,0.0190345885998,0.0192888662301,-4,-0.00225861095426,-0.0843056550743,-0.0869565217391,0.0434782608696,0.0434782608696,92,5,7,402,0.929292929293,0.987714987715,0.012285012285,0.0707070707071,0.948453608247,0.929292929293,0.938775510204,0.924145527312,0.917007917008,0.884615384615,28,30,0,23,23,23,1,0,8,0,0.0386050732335,0,0,1,3.88826011686,0,16,NaN,1,ok,2.18974518502,0,23,23,23,1,0,8,0,0.020970212473,0,0,1,3.84943674177,0,16,NaN,1,ok,2.18249967033,0,23,23,0,1,7,6,3,NaN,NaN,NaN,NaN,NaN,0,0,NaN,0,basal_unreachable_in_lcc,NaN,2,0,0,0
657,WLNM_dir_neg,0.930833333333,0.753415903199,00:00:00,10,70,57,510967903,fixed,validated_v2,/gpfs/scratch/acw792/wlnm_roleonly_v2_20260910/result_wlnm_dir_neg_roleonly_trophicv2_100x290_train10-90_Apocrita_20260910_011848/ecological_snapshots/Broadstone_Stream_tax_mass_K10_ratio0.7_exp57_seed510967903_threshold0.5_validated_v2.mat,role_only,2,uniform_without_replacement,uniform_remaining_nonlinks,176,0,176,407,198,198,176,22,0,22,0.111111111111,138,60,0.5,0.84375,0.9,0.870967741935,27,5,3,55,0.9,0.916666666667,0.0833333333333,0.1,0.84375,0.9,0.870967741935,0.911111111111,0.548148148148,0.803278688525,0.804251901266,0.816666666667,99,69,30,0,99,0,69,0,30,23,99,0.195652173913,2.18974518502,8.60869565217,6.6,4.5,4.59979377438,0.534319478842,0.291611769873,4.28989068105,0.996641269334,0.541062801932,2.91445898002,0.677096530713,0.355731225296,1.07629584498,0.491516479791,2.88826011686,2.18974518502,1.07629584498,2.88826011686,0.351612638569,0.458912768647,121,0.0683229813665,0.291765337837,23,23,23,1,0,0.347826086957,0.608695652174,0.0434782608696,23,0.136363636364,2.20388154942,6,4.6,3.28571428571,3.69274472938,0.615457454897,0.339004410838,3.03015151136,1.01005050379,0.543163201008,2.50454132981,0.834847109937,0.422180214241,1.08909058409,0.494169291621,3.02539565697,2.20388154942,1.08909058409,3.02539565697,0.327901463616,0.314285714286,44,0.0248447204969,0.204938068467,23,23,23,1,0,0.347826086957,0.565217391304,0.0869565217391,23,101,0.199604743083,3.76534289095,8.78260869565,6.3125,4.59090909091,4.93555303836,0.561968910308,0.3073611709,4.36659978426,0.994374208297,0.53809728799,2.82423168047,0.64314186783,0.336633663366,2.12347152176,0.563951699291,5.71062647236,3.76534289095,2.12347152176,5.71062647236,0.384704426009,0.441947565543,118,0.0666290231508,0.244770939164,23,23,23,1,0,0.304347826087,0.652173913043,0.0434782608696,2,0.00395256916996,1.57559770592,0.173913043478,-0.2875,0.0909090909091,0.335759263983,0.0276494314666,0.0157494010271,0.0767091032116,-0.00226706103764,-0.0029655139427,-0.0902272995527,-0.0339546628825,-0.0190975619301,1.04717567678,0.0724352194993,2.8223663555,1.57559770592,1.04717567678,2.8223663555,0.0330917874396,-0.0169652031042,-3,-0.0016939582157,-0.0469943986724,-0.0434782608696,0.0434782608696,0,96,5,3,402,0.969696969697,0.987714987715,0.012285012285,0.030303030303,0.950495049505,0.969696969697,0.96,0.95022280831,0.957411957412,0.923076923077,32,30,0,23,23,23,1,0,8,0,0.0386050732335,0,0,1,3.88826011686,0,16,NaN,1,ok,2.18974518502,0,23,23,23,1,0,8,0,0.036731901099,0,0,1,4.02539565697,0,16,NaN,1,ok,2.20388154942,0,23,23,23,1,0,7,0,0.0220828766359,0,0,1,6.71062647236,0,16,NaN,1,ok,3.76534289095,0,0,0,0
658,WLNM_dir_neg,0.923333333333,0.843177574556,00:00:00,10,70,58,510967904,fixed,validated_v2,/gpfs/scratch/acw792/wlnm_roleonly_v2_20260910/result_wlnm_dir_neg_roleonly_trophicv2_100x290_train10-90_Apocrita_20260910_011848/ecological_snapshots/Broadstone_Stream_tax_mass_K10_ratio0.7_exp58_seed510967904_threshold0.5_validated_v2.mat,role_only,2,uniform_without_replacement,uniform_remaining_nonlinks,176,0,176,407,198,198,176,22,0,22,0.111111111111,138,60,0.5,0.96,0.8,0.872727272727,24,1,6,59,0.8,0.983333333333,0.0166666666667,0.2,0.96,0.8,0.872727272727,0.922222222222,0.574074074074,0.817391304348,0.824434538149,0.783333333333,99,69,30,0,99,0,69,0,30,23,99,0.195652173913,2.18974518502,8.60869565217,6.6,4.5,4.59979377438,0.534319478842,0.291611769873,4.28989068105,0.996641269334,0.541062801932,2.91445898002,0.677096530713,0.355731225296,1.07629584498,0.491516479791,2.88826011686,2.18974518502,1.07629584498,2.88826011686,0.351612638569,0.458912768647,121,0.0683229813665,0.291765337837,23,23,23,1,0,0.347826086957,0.608695652174,0.0434782608696,23,0.136363636364,2.08709174615,6,4.6,3.45,3.33030165164,0.555050275273,0.308758664146,3.08957190327,1.02985730109,0.554505356018,2.64575131106,0.881917103688,0.471329552615,0.951254307622,0.455779823468,2.48879392213,2.08709174615,0.951254307622,2.48879392213,0.249380165289,0.326666666667,49,0.0276679841897,0.197801827802,23,23,23,1,0,0.347826086957,0.521739130435,0.130434782609,23,94,0.185770750988,2.2730905674,8.17391304348,5.875,4.27272727273,4.4071447561,0.539171964842,0.291396854764,4.10003374131,1.00319974521,0.543015726179,2.92190852135,0.714935063734,0.380203515264,1.06308996627,0.4676848259,2.85531055402,2.2730905674,1.06308996627,2.85531055402,0.355237516107,0.435684647303,105,0.0592885375494,0.245446440134,23,23,23,1,0,0.304347826087,0.652173913043,0.0434782608696,-5,-0.0098814229249,0.0833453823739,-0.434782608696,-0.725,-0.227272727273,-0.192649018281,0.00485248599976,-0.000214915108532,-0.189856939742,0.00655847587879,0.0019529242471,0.00744954132161,0.0378385330209,0.0244722899672,-0.0132058787137,-0.0238316538909,-0.0329495628335,0.0833453823739,-0.0132058787137,-0.0329495628335,0.00362487753792,-0.0232281213444,-16,-0.00903444381705,-0.0463188977028,-0.0434782608696,0.0434782608696,0,93,1,6,406,0.939393939394,0.997542997543,0.002457002457,0.0606060606061,0.989361702128,0.939393939394,0.963730569948,0.955680286519,0.936936936937,0.93,25,30,0,23,23,23,1,0,8,0,0.0386050732335,0,0,1,3.88826011686,0,16,NaN,1,ok,2.18974518502,0,23,23,23,1,0,8,0,0.0332417293763,0,0,1,3.48879392213,0,16,NaN,1,ok,2.08709174615,0,23,23,23,1,0,7,0,0.029087352278,0,0,1,3.85531055402,0,16,NaN,1,ok,2.2730905674,0,0,0,0
659,WLNM_dir_neg,0.940555555556,0.843164198844,00:00:00,10,70,59,510967905,fixed,validated_v2,/gpfs/scratch/acw792/wlnm_roleonly_v2_20260910/result_wlnm_dir_neg_roleonly_trophicv2_100x290_train10-90_Apocrita_20260910_011848/ecological_snapshots/Broadstone_Stream_tax_mass_K10_ratio0.7_exp59_seed510967905_threshold0.5_validated_v2.mat,role_only,2,uniform_without_replacement,uniform_remaining_nonlinks,176,0,176,407,198,198,176,22,0,22,0.111111111111,138,60,0.5,0.84,0.7,0.763636363636,21,4,9,56,0.7,0.933333333333,0.0666666666667,0.3,0.84,0.7,0.763636363636,0.855555555556,0.574074074074,0.660869565217,0.666564094673,0.633333333333,99,69,30,0,99,0,69,0,30,23,99,0.195652173913,2.18974518502,8.60869565217,6.6,4.5,4.59979377438,0.534319478842,0.291611769873,4.28989068105,0.996641269334,0.541062801932,2.91445898002,0.677096530713,0.355731225296,1.07629584498,0.491516479791,2.88826011686,2.18974518502,1.07629584498,2.88826011686,0.351612638569,0.458912768647,121,0.0683229813665,0.291765337837,23,23,23,1,0,0.347826086957,0.608695652174,0.0434782608696,23,0.136363636364,2.19802405118,6,4.6,3.13636363636,3.04511531354,0.507519218923,0.279143037177,2.92326094378,0.974420314595,0.529300567108,2.33549683248,0.778498944162,0.398235664776,1.08128594696,0.491935448287,2.95840978593,2.19802405118,1.08128594696,2.95840978593,0.216919191919,0.288177339901,39,0.0220214568041,0.198830138116,23,23,23,1,0,0.347826086957,0.608695652174,0.0434782608696,23,94,0.185770750988,2.74524316973,8.17391304348,5.52941176471,4.27272727273,4.05252080824,0.495787120157,0.27335800185,3.94176983183,0.96447559715,0.523589269195,2.71214513352,0.663609979479,0.333950046253,1.30125388994,0.474003142704,3.81877248702,2.74524316973,1.30125388994,3.81877248702,0.432816217599,0.433734939759,108,0.0609824957651,0.215232166354,23,23,23,1,0,0.260869565217,0.695652173913,0.0434782608696,-5,-0.0098814229249,0.555497984708,-0.434782608696,-1.07058823529,-0.227272727273,-0.547272966141,-0.0385323586853,-0.0182537680225,-0.348120849219,-0.0321656721846,-0.0174735327372,-0.202313846501,-0.0134865512335,-0.021781179043,0.224958044957,-0.0175133370872,0.930512370163,0.555497984708,0.224958044957,0.930512370163,0.0812035790297,-0.0251778288882,-13,-0.00734048560136,-0.0765331714823,-0.0869565217391,0.0869565217391,0,90,4,9,403,0.909090909091,0.990171990172,0.00982800982801,0.0909090909091,0.957446808511,0.909090909091,0.932642487047,0.91725258269,0.899262899263,0.873786407767,25,30,0,23,23,23,1,0,8,0,0.0386050732335,0,0,1,3.88826011686,0,16,NaN,1,ok,2.18974518502,0,23,23,23,1,0,8,0,0.0233067383283,0,0,1,3.95840978593,0,16,NaN,1,ok,2.19802405118,0,23,23,23,1,0,6,0,0.0312333790462,0,0,1,4.81877248702,0,16,NaN,1,ok,2.74524316973,0,0,0,0
660,WLNM_dir_neg,0.917222222222,0.273391997548,00:00:00,10,70,60,510967906,fixed,validated_v2,/gpfs/scratch/acw792/wlnm_roleonly_v2_20260910/result_wlnm_dir_neg_roleonly_trophicv2_100x290_train10-90_Apocrita_20260910_011848/ecological_snapshots/Broadstone_Stream_tax_mass_K10_ratio0.7_exp60_seed510967906_threshold0.5_validated_v2.mat,role_only,2,uniform_without_replacement,uniform_remaining_nonlinks,176,0,176,407,198,198,176,22,0,22,0.111111111111,138,60,0.5,0.857142857143,0.8,0.827586206897,24,4,6,56,0.8,0.933333333333,0.0666666666667,0.2,0.857142857143,0.8,0.827586206897,0.888888888889,0.562962962963,0.745762711864,0.746728656632,0.733333333333,99,69,30,0,99,0,69,0,30,23,99,0.195652173913,2.18974518502,8.60869565217,6.6,4.5,4.59979377438,0.534319478842,0.291611769873,4.28989068105,0.996641269334,0.541062801932,2.91445898002,0.677096530713,0.355731225296,1.07629584498,0.491516479791,2.88826011686,2.18974518502,1.07629584498,2.88826011686,0.351612638569,0.458912768647,121,0.0683229813665,0.291765337837,23,23,23,1,0,0.347826086957,0.608695652174,0.0434782608696,23,0.136363636364,2.03179292707,6,4.6,3.28571428571,3.17661912903,0.529436521505,0.291745431632,3.16227766017,1.05409255339,0.557025834909,2.02259958739,0.674199862463,0.354127284184,0.933882002848,0.459634439321,2.6009127789,2.03179292707,0.933882002848,2.6009127789,0.269424767152,0.335714285714,47,0.0265386787126,0.191462452891,23,23,23,1,0,0.347826086957,0.565217391304,0.0869565217391,23,97,0.191699604743,3.79350457899,8.4347826087,6.0625,4.61904761905,4.36750487283,0.51779696946,0.285073957866,4.17739067905,0.99051531565,0.536978933214,2.77908620919,0.658958585684,0.344240251009,2.13136982939,0.561847174562,5.72363616719,3.79350457899,2.13136982939,5.72363616719,0.446617150965,0.458912768647,121,0.0683229813665,0.245094060172,23,23,23,1,0,0.304347826087,0.608695652174,0.0869565217391,-2,-0.00395256916996,1.60375939396,-0.173913043478,-0.5375,0.119047619048,-0.232288901543,-0.0165225093821,-0.00653781200621,-0.112500002002,-0.00612595368426,-0.00408386871856,-0.135372770836,-0.0181379450288,-0.0114909742879,1.05507398441,0.0703306947707,2.83537605033,1.60375939396,1.05507398441,2.83537605033,0.0950045123958,0,0,0,-0.0466712776643,-0.0434782608696,0,0.0434782608696,93,4,6,403,0.939393939394,0.990171990172,0.00982800982801,0.0606060606061,0.958762886598,0.939393939394,0.948979591837,0.936801286245,0.929565929566,0.902912621359,28,30,0,23,23,23,1,0,8,0,0.0386050732335,0,0,1,3.88826011686,0,16,NaN,1,ok,2.18974518502,0,23,23,23,1,0,8,0,0.0299868495804,0,0,1,3.6009127789,0,16,NaN,1,ok,2.03179292707,0,23,23,23,1,0,7,0,0.0173943558945,0,0,1,6.72363616719,0,16,NaN,1,ok,3.79350457899,0,0,0,0
661,WLNM_dir_neg,0.883333333333,0.790454666532,00:00:00,10,70,61,510967907,fixed,validated_v2,/gpfs/scratch/acw792/wlnm_roleonly_v2_20260910/result_wlnm_dir_neg_roleonly_trophicv2_100x290_train10-90_Apocrita_20260910_011848/ecological_snapshots/Broadstone_Stream_tax_mass_K10_ratio0.7_exp61_seed510967907_threshold0.5_validated_v2.mat,role_only,2,uniform_without_replacement,uniform_remaining_nonlinks,176,0,176,407,198,198,176,22,0,22,0.111111111111,138,60,0.5,0.846153846154,0.733333333333,0.785714285714,22,4,8,56,0.733333333333,0.933333333333,0.0666666666667,0.266666666667,0.846153846154,0.733333333333,0.785714285714,0.866666666667,0.57037037037,0.689655172414,0.693375245282,0.666666666667,99,69,30,0,99,0,69,0,30,23,99,0.195652173913,2.18974518502,8.60869565217,6.6,4.5,4.59979377438,0.534319478842,0.291611769873,4.28989068105,0.996641269334,0.541062801932,2.91445898002,0.677096530713,0.355731225296,1.07629584498,0.491516479791,2.88826011686,2.18974518502,1.07629584498,2.88826011686,0.351612638569,0.458912768647,121,0.0683229813665,0.291765337837,23,23,23,1,0,0.347826086957,0.608695652174,0.0434782608696,23,0.136363636364,2.05392701763,6,4.92857142857,3.13636363636,3.61813613493,0.603022689156,0.321991178324,3.20510955706,1.06836985235,0.568367989918,2.44948974278,0.816496580928,0.423440453686,0.983507241174,0.478842350643,2.51768831961,2.05392701763,0.983507241174,2.51768831961,0.320239813097,0.379562043796,52,0.0293619424054,0.208960880389,23,23,23,1,0,0.391304347826,0.565217391304,0.0434782608696,23,95,0.187747035573,2.93506859544,8.26086956522,6.33333333333,4.31818181818,5.01105497243,0.6066013914,0.330892448513,4.24590013827,1.02795477032,0.551945080092,3.10870256225,0.752633251914,0.396338672769,1.60526796501,0.546926898918,4.48808718876,2.93506859544,1.60526796501,4.48808718876,0.357380300859,0.487144790257,120,0.0677583286279,0.265081689241,23,23,23,1,0,0.347826086957,0.608695652174,0.0434782608696,-4,-0.00790513833992,0.745323410412,-0.347826086957,-0.266666666667,-0.181818181818,0.411261198057,0.0722819125582,0.0392806786399,-0.0439905427739,0.0313135009846,0.0108822781592,0.194243582228,0.0755367212009,0.0406074474724,0.528972120029,0.0554104191263,1.5998270719,0.745323410412,0.528972120029,1.5998270719,0.0057676622894,0.0282320216098,-1,-0.000564652738566,-0.0266836485954,0,0,0,91,4,8,403,0.919191919192,0.990171990172,0.00982800982801,0.0808080808081,0.957894736842,0.919191919192,0.938144329897,0.923782652253,0.909363909364,0.883495145631,26,30,0,23,23,23,1,0,8,0,0.0386050732335,0,0,1,3.88826011686,0,16,NaN,1,ok,2.18974518502,0,23,23,23,1,0,9,0,0.0654536187259,0,0,1,3.51768831961,0,16,NaN,1,ok,2.05392701763,0,23,23,23,1,0,8,0,0.0274857515548,0,0,1,5.48808718876,0,16,NaN,1,ok,2.93506859544,0,0,0,0
662,WLNM_dir_neg,0.885555555556,0.822152686887,00:00:00,10,70,62,510967908,fixed,validated_v2,/gpfs/scratch/acw792/wlnm_roleonly_v2_20260910/result_wlnm_dir_neg_roleonly_trophicv2_100x290_train10-90_Apocrita_20260910_011848/ecological_snapshots/Broadstone_Stream_tax_mass_K10_ratio0.7_exp62_seed510967908_threshold0.5_validated_v2.mat,role_only,2,uniform_without_replacement,uniform_remaining_nonlinks,176,0,176,407,198,198,176,22,0,22,0.111111111111,138,60,0.5,0.851851851852,0.766666666667,0.80701754386,23,4,7,56,0.766666666667,0.933333333333,0.0666666666667,0.233333333333,0.851851851852,0.766666666667,0.80701754386,0.877777777778,0.566666666667,0.717948717949,0.720082299823,0.7,99,69,30,0,99,0,69,0,30,23,99,0.195652173913,2.18974518502,8.60869565217,6.6,4.5,4.59979377438,0.534319478842,0.291611769873,4.28989068105,0.996641269334,0.541062801932,2.91445898002,0.677096530713,0.355731225296,1.07629584498,0.491516479791,2.88826011686,2.18974518502,1.07629584498,2.88826011686,0.351612638569,0.458912768647,121,0.0683229813665,0.291765337837,23,23,23,1,0,0.347826086957,0.608695652174,0.0434782608696,23,0.136363636364,2.26408721384,6,4.6,3.45,3.65563077507,0.609271795845,0.333963453056,3.03015151136,1.01005050379,0.545683679899,2.46797672009,0.822658906697,0.428481411468,1.16850333901,0.51610350161,3.25565624807,2.26408721384,1.16850333901,3.25565624807,0.287606585334,0.3525,47,0.0265386787126,0.198698285841,23,23,23,1,0,0.347826086957,0.521739130435,0.130434782609,23,96,0.189723320158,2.40283105826,8.34782608696,6,4.8,4.61823161406,0.553225662101,0.304347826087,4.13028915907,0.989548444361,0.533514492754,2.90222757571,0.695325356679,0.36231884058,1.14261278424,0.475527723981,3.13748092284,2.40283105826,1.14261278424,3.13748092284,0.426300028474,0.425648021828,104,0.0587238848108,0.247016138818,23,23,23,1,0,0.304347826087,0.565217391304,0.130434782609,-3,-0.00592885375494,0.21308587323,-0.260869565217,-0.6,0.3,0.0184378396833,0.0189061832592,0.0127360562143,-0.159601521975,-0.00709282497316,-0.00754830917874,-0.0122314043189,0.0182288259667,0.00658761528327,0.0663169392593,-0.0159887558104,0.249220805984,0.21308587323,0.0663169392593,0.249220805984,0.0746873899048,-0.0332647468192,-17,-0.00959909655562,-0.0447491990192,-0.0434782608696,-0.0434782608696,0.0869565217391,92,4,7,403,0.929292929293,0.990171990172,0.00982800982801,0.0707070707071,0.958333333333,0.929292929293,0.94358974359,0.930298715253,0.919464919465,0.893203883495,27,30,0,23,23,23,1,0,8,0,0.0386050732335,0,0,1,3.88826011686,0,16,NaN,1,ok,2.18974518502,0,23,23,23,1,0,8,0,0.025405163675,0,0,1,4.25565624807,0,16,NaN,1,ok,2.26408721384,0,23,23,23,1,0,7,0,0.0382932670552,0,0,1,4.13748092284,0,16,NaN,1,ok,2.40283105826,0,0,0,0
663,WLNM_dir_neg,0.924722222222,0.740628769151,00:00:00,10,70,63,510967909,fixed,validated_v2,/gpfs/scratch/acw792/wlnm_roleonly_v2_20260910/result_wlnm_dir_neg_roleonly_trophicv2_100x290_train10-90_Apocrita_20260910_011848/ecological_snapshots/Broadstone_Stream_tax_mass_K10_ratio0.7_exp63_seed510967909_threshold0.5_validated_v2.mat,role_only,2,uniform_without_replacement,uniform_remaining_nonlinks,176,0,176,407,198,198,176,22,0,22,0.111111111111,138,60,0.5,0.821428571429,0.766666666667,0.793103448276,23,5,7,55,0.766666666667,0.916666666667,0.0833333333333,0.233333333333,0.821428571429,0.766666666667,0.793103448276,0.866666666667,0.562962962963,0.694915254237,0.695815339135,0.683333333333,99,69,30,0,99,0,69,0,30,23,99,0.195652173913,2.18974518502,8.60869565217,6.6,4.5,4.59979377438,0.534319478842,0.291611769873,4.28989068105,0.996641269334,0.541062801932,2.91445898002,0.677096530713,0.355731225296,1.07629584498,0.491516479791,2.88826011686,2.18974518502,1.07629584498,2.88826011686,0.351612638569,0.458912768647,121,0.0683229813665,0.291765337837,23,23,23,1,0,0.347826086957,0.608695652174,0.0434782608696,23,0.136363636364,2.33423092113,6,4.6,3.13636363636,3.45095507202,0.57515917867,0.319470699433,3.07482445914,1.02494148638,0.549464398236,2.02259958739,0.674199862463,0.367989918084,1.25165350807,0.536216659947,3.47152480098,2.33423092113,1.25165350807,3.47152480098,0.297458349731,0.4,54,0.0304912478826,0.16289459218,23,23,23,1,0,0.347826086957,0.608695652174,0.0434782608696,23,97,0.191699604743,3.03516497344,8.4347826087,5.38888888889,4.40909090909,4.86009808128,0.576197195204,0.320484087853,4.17739067905,0.99051531565,0.531600179292,2.96887676555,0.703960470182,0.372030479606,1.31151821911,0.43210772086,3.61247116219,3.03516497344,1.31151821911,3.61247116219,0.40096594227,0.486590038314,127,0.0717108977979,0.204260273133,23,23,23,1,0,0.217391304348,0.739130434783,0.0434782608696,-2,-0.00395256916996,0.84541978841,-0.173913043478,-1.21111111111,-0.0909090909091,0.260304306905,0.0418777163618,0.0288723179803,-0.112500002002,-0.00612595368426,-0.00946262264057,0.0544177855238,0.0268639394688,0.0162992543091,0.235222374123,-0.0594087589309,0.724211045327,0.84541978841,0.235222374123,0.724211045327,0.0493533037011,0.0276772696669,6,0.00338791643139,-0.0875050647039,-0.130434782609,0.130434782609,0,92,5,7,402,0.929292929293,0.987714987715,0.012285012285,0.0707070707071,0.948453608247,0.929292929293,0.938775510204,0.924145527312,0.917007917008,0.884615384615,28,30,0,23,23,23,1,0,8,0,0.0386050732335,0,0,1,3.88826011686,0,16,NaN,1,ok,2.18974518502,0,23,23,23,1,0,8,0,0.0363219510808,0,0,1,4.47152480098,0,16,NaN,1,ok,2.33423092113,0,23,23,23,1,0,5,0,0.0136793874489,0,0,1,4.61247116219,0,16,NaN,1,ok,3.03516497344,0,0,0,0
664,WLNM_dir_neg,0.858055555556,0.705539399331,00:00:00,10,70,64,510967910,fixed,validated_v2,/gpfs/scratch/acw792/wlnm_roleonly_v2_20260910/result_wlnm_dir_neg_roleonly_trophicv2_100x290_train10-90_Apocrita_20260910_011848/ecological_snapshots/Broadstone_Stream_tax_mass_K10_ratio0.7_exp64_seed510967910_threshold0.5_validated_v2.mat,role_only,2,uniform_without_replacement,uniform_remaining_nonlinks,176,0,176,407,198,198,176,22,0,22,0.111111111111,138,60,0.5,0.875,0.7,0.777777777778,21,3,9,57,0.7,0.95,0.05,0.3,0.875,0.7,0.777777777778,0.866666666667,0.577777777778,0.684210526316,0.692902328156,0.65,99,69,30,0,99,0,69,0,30,23,99,0.195652173913,2.18974518502,8.60869565217,6.6,4.5,4.59979377438,0.534319478842,0.291611769873,4.28989068105,0.996641269334,0.541062801932,2.91445898002,0.677096530713,0.355731225296,1.07629584498,0.491516479791,2.88826011686,2.18974518502,1.07629584498,2.88826011686,0.351612638569,0.458912768647,121,0.0683229813665,0.291765337837,23,23,23,1,0,0.347826086957,0.608695652174,0.0434782608696,23,0.136363636364,2.27629120469,6,4.6,3.45,3.69274472938,0.615457454897,0.332073093888,3.07482445914,1.02494148638,0.550724637681,2.2360679775,0.7453559925,0.407057340895,1.18594609212,0.520999285892,3.22670499603,2.33430444126,1.17997856947,3.22670499603,0.305371900826,0.386363636364,51,0.0287972896669,0.173602667174,23,22,22,0.95652173913,0,0.304347826087,0.565217391304,0.0869565217391,23,93,0.183794466403,2.27314818937,8.08695652174,6.2,4.65,4.79500728484,0.59293100834,0.323515661524,4.27974362942,1.05843122018,0.566619915849,2.89950247879,0.717081258195,0.395511921459,1.17495697388,0.516885339626,3.05877534303,2.33101856161,1.16857548035,3.05877534303,0.40503183685,0.521739130435,124,0.0700169395822,0.249281690143,23,22,22,0.95652173913,0,0.304347826087,0.565217391304,0.0869565217391,-6,-0.0118577075099,0.0834030043455,-0.521739130435,-0.4,0.15,0.195213510462,0.0586115294985,0.0319038916514,-0.0101470516231,0.061789950846,0.0255571139162,-0.014956501235,0.0399847274825,0.0397806961622,0.0986611289,0.0253688598349,0.170515226169,0.14127337659,0.0922796353662,0.170515226169,0.0534191982809,0.0628263617875,3,0.0016939582157,-0.0424836476937,-0.0434782608696,-0.0434782608696,0.0434782608696,90,3,9,404,0.909090909091,0.992628992629,0.00737100737101,0.0909090909091,0.967741935484,0.909090909091,0.9375,0.923570296435,0.90171990172,0.882352941176,24,30,0,23,23,23,1,0,8,0,0.0386050732335,0,0,1,3.88826011686,0,16,NaN,1,ok,2.18974518502,0,23,22,22,0.95652173913,0,7,0,0.0324351173669,0,0,1,4.22670499603,0,16,NaN,1,ok,2.33430444126,0,23,22,22,0.95652173913,0,7,0,0.0286618693958,0,0,1,4.05877534303,0,16,NaN,1,ok,2.33101856161,0,0,0,0
665,WLNM_dir_neg,0.928888888889,0.841613869071,00:00:00,10,70,65,510967911,fixed,validated_v2,/gpfs/scratch/acw792/wlnm_roleonly_v2_20260910/result_wlnm_dir_neg_roleonly_trophicv2_100x290_train10-90_Apocrita_20260910_011848/ecological_snapshots/Broadstone_Stream_tax_mass_K10_ratio0.7_exp65_seed510967911_threshold0.5_validated_v2.mat,role_only,2,uniform_without_replacement,uniform_remaining_nonlinks,176,0,176,407,198,198,176,22,0,22,0.111111111111,138,60,0.5,0.702702702703,0.866666666667,0.776119402985,26,11,4,49,0.866666666667,0.816666666667,0.183333333333,0.133333333333,0.702702702703,0.866666666667,0.776119402985,0.833333333333,0.52962962963,0.645669291339,0.654681489838,0.683333333333,99,69,30,0,99,0,69,0,30,23,99,0.195652173913,2.18974518502,8.60869565217,6.6,4.5,4.59979377438,0.534319478842,0.291611769873,4.28989068105,0.996641269334,0.541062801932,2.91445898002,0.677096530713,0.355731225296,1.07629584498,0.491516479791,2.88826011686,2.18974518502,1.07629584498,2.88826011686,0.351612638569,0.458912768647,121,0.0683229813665,0.291765337837,23,23,23,1,0,0.347826086957,0.608695652174,0.0434782608696,23,0.136363636364,2.15231162575,6,4.6,3.28571428571,3.27525155175,0.545875258626,0.303717706364,3.08957190327,1.02985730109,0.553245116572,2.06705763653,0.689019212176,0.362948960302,1.0301725786,0.478635419829,2.70268349031,2.15231162575,1.0301725786,2.70268349031,0.309835366654,0.407239819005,60,0.0338791643139,0.162582444011,23,23,23,1,0,0.347826086957,0.565217391304,0.0869565217391,23,106,0.209486166008,4.50856707363,9.21739130435,5.3,4.81818181818,4.75735336791,0.516127959726,0.28219852338,4.21834877685,0.91530209309,0.494667760459,2.95017920002,0.640133222647,0.342083675144,1.97065380538,0.437090936698,5.86306958385,4.50856707363,1.97065380538,5.86306958385,0.503498916542,0.493055555556,142,0.0801806888763,0.166498012425,23,23,23,1,0,0.130434782609,0.826086956522,0.0434782608696,7,0.0138339920949,2.3188218886,0.608695652174,-1.3,0.318181818182,0.157559593536,-0.0181915191154,-0.00941324649282,-0.071541904196,-0.0813391762439,-0.046395041473,0.0357202199993,-0.0369633080661,-0.0136475501529,0.894357960396,-0.054425543093,2.97480946699,2.3188218886,0.894357960396,2.97480946699,0.151886277973,0.0341427869083,21,0.0118577075099,-0.125267325412,-0.217391304348,0.217391304348,0,95,11,4,396,0.959595959596,0.972972972973,0.027027027027,0.040404040404,0.896226415094,0.959595959596,0.926829268293,0.909102426539,0.932568932569,0.863636363636,37,30,0,23,23,23,1,0,8,0,0.0386050732335,0,0,1,3.88826011686,0,16,NaN,1,ok,2.18974518502,0,23,23,23,1,0,8,0,0.0423337044423,0,0,1,3.70268349031,0,16,NaN,1,ok,2.15231162575,0,23,23,23,1,0,3,0,0.0158757348662,0,0,1,6.86306958385,0,16,NaN,1,ok,4.50856707363,0,0,0,0
666,WLNM_dir_neg,0.840555555556,0.691190991264,00:00:00,10,70,66,510967912,fixed,validated_v2,/gpfs/scratch/acw792/wlnm_roleonly_v2_20260910/result_wlnm_dir_neg_roleonly_trophicv2_100x290_train10-90_Apocrita_20260910_011848/ecological_snapshots/Broadstone_Stream_tax_mass_K10_ratio0.7_exp66_seed510967912_threshold0.5_validated_v2.mat,role_only,2,uniform_without_replacement,uniform_remaining_nonlinks,176,0,176,407,198,198,176,22,0,22,0.111111111111,138,60,0.5,0.791666666667,0.633333333333,0.703703703704,19,5,11,55,0.633333333333,0.916666666667,0.0833333333333,0.366666666667,0.791666666667,0.633333333333,0.703703703704,0.822222222222,0.577777777778,0.578947368421,0.586301969978,0.55,99,69,30,0,99,0,69,0,30,23,99,0.195652173913,2.18974518502,8.60869565217,6.6,4.5,4.59979377438,0.534319478842,0.291611769873,4.28989068105,0.996641269334,0.541062801932,2.91445898002,0.677096530713,0.355731225296,1.07629584498,0.491516479791,2.88826011686,2.18974518502,1.07629584498,2.88826011686,0.351612638569,0.458912768647,121,0.0683229813665,0.291765337837,23,23,23,1,0,0.347826086957,0.608695652174,0.0434782608696,23,0.136363636364,2.11344400527,6,4.6,3.28571428571,3.33030165164,0.555050275273,0.308758664146,3.14787085331,1.04929028444,0.558286074354,2.43086217402,0.810287391341,0.388153749212,1.03654543192,0.490453226743,2.9186013986,2.11344400527,1.03654543192,2.9186013986,0.249747474747,0.294964028777,41,0.0231507622812,0.218033685891,23,23,23,1,0,0.347826086957,0.565217391304,0.0869565217391,23,93,0.183794466403,2.21021320727,8.08695652174,6.2,4.42857142857,4.34754939831,0.537600194415,0.296400187003,4.16127450832,1.02913240528,0.550724637681,2.7382519452,0.677202093975,0.354371201496,1.05776040917,0.478578449216,2.85847830807,2.21021320727,1.05776040917,2.85847830807,0.364569971092,0.404255319149,95,0.0536420101637,0.240539728712,23,23,23,1,0,0.347826086957,0.565217391304,0.0869565217391,-6,-0.0118577075099,0.0204680222478,-0.521739130435,-0.4,-0.0714285714286,-0.252244376066,0.00328071557297,0.00478841713063,-0.128616172727,0.0324911359493,0.00966183574879,-0.17620703482,0.000105563262505,-0.00136002380042,-0.0185354358104,-0.0129380305754,-0.0297818087904,0.0204680222478,-0.0185354358104,-0.0297818087904,0.0129573325225,-0.0546574494983,-26,-0.0146809712027,-0.0512256091248,0,-0.0434782608696,0.0434782608696,88,5,11,402,0.888888888889,0.987714987715,0.012285012285,0.111111111111,0.94623655914,0.888888888889,0.916666666667,0.897845662081,0.876603876604,0.846153846154,24,30,0,23,23,23,1,0,8,0,0.0386050732335,0,0,1,3.88826011686,0,16,NaN,1,ok,2.18974518502,0,23,23,23,1,0,8,0,0.034578616768,0,0,1,3.9186013986,0,16,NaN,1,ok,2.11344400527,0,23,23,23,1,0,8,0,0.0376221248922,0,0,1,3.85847830807,0,16,NaN,1,ok,2.21021320727,0,0,0,0
667,WLNM_dir_neg,0.93,0.829080548271,00:00:00,10,70,67,510967913,fixed,validated_v2,/gpfs/scratch/acw792/wlnm_roleonly_v2_20260910/result_wlnm_dir_neg_roleonly_trophicv2_100x290_train10-90_Apocrita_20260910_011848/ecological_snapshots/Broadstone_Stream_tax_mass_K10_ratio0.7_exp67_seed510967913_threshold0.5_validated_v2.mat,role_only,2,uniform_without_replacement,uniform_remaining_nonlinks,176,0,176,407,198,198,176,22,0,22,0.111111111111,138,60,0.5,0.848484848485,0.933333333333,0.888888888889,28,5,2,55,0.933333333333,0.916666666667,0.0833333333333,0.0666666666667,0.848484848485,0.933333333333,0.888888888889,0.922222222222,0.544444444444,0.829268292683,0.831497179676,0.85,99,69,30,0,99,0,69,0,30,23,99,0.195652173913,2.18974518502,8.60869565217,6.6,4.5,4.59979377438,0.534319478842,0.291611769873,4.28989068105,0.996641269334,0.541062801932,2.91445898002,0.677096530713,0.355731225296,1.07629584498,0.491516479791,2.88826011686,2.18974518502,1.07629584498,2.88826011686,0.351612638569,0.458912768647,121,0.0683229813665,0.291765337837,23,23,23,1,0,0.347826086957,0.608695652174,0.0434782608696,23,0.136363636364,2.07930335744,6,4.92857142857,3.28571428571,3.31662479036,0.552770798393,0.303717706364,2.96954235837,0.989847452792,0.535601764335,2.31595258234,0.771984194113,0.412098298677,1.02400937778,0.492477143423,2.59333403207,2.07930335744,1.02400937778,2.59333403207,0.281975600157,0.338129496403,47,0.0265386787126,0.200437108679,23,23,23,1,0,0.391304347826,0.521739130435,0.0869565217391,23,102,0.201581027668,2.29674316476,8.86956521739,6.8,4.4347826087,4.97543372094,0.560955762655,0.309036658142,4.4906578477,1.0125993186,0.549019607843,2.92055547264,0.658556626184,0.339300937766,1.14252109763,0.497452703968,3.11960562293,2.29674316476,1.14252109763,3.11960562293,0.36978335674,0.484223300971,133,0.0750988142292,0.272205467268,23,23,23,1,0,0.347826086957,0.652173913043,0,3,0.00592885375494,0.10699797974,0.260869565217,0.2,-0.0652173913043,0.375639946562,0.0266362838132,0.0174248882689,0.200767166656,0.0159580492655,0.00795680591077,0.00609649261681,-0.0185399045289,-0.01643028753,0.06622525265,0.00593622417721,0.231345506074,0.10699797974,0.06622525265,0.231345506074,0.0181707181707,0.0253105323236,12,0.00677583286279,-0.0195598705683,0,0.0434782608696,-0.0434782608696,97,5,2,402,0.979797979798,0.987714987715,0.012285012285,0.020202020202,0.950980392157,0.979797979798,0.965174129353,0.956711133575,0.967512967513,0.932692307692,33,30,0,23,23,23,1,0,8,0,0.0386050732335,0,0,1,3.88826011686,0,16,NaN,1,ok,2.18974518502,0,23,23,23,1,0,9,0,0.0416257087399,0,0,1,3.59333403207,0,16,NaN,1,ok,2.07930335744,0,23,23,23,1,0,8,0,0.0300969528209,0,0,1,4.11960562293,0,16,NaN,1,ok,2.29674316476,0,0,0,0
668,WLNM_dir_neg,0.97,0.883938238932,00:00:00,10,70,68,510967914,fixed,validated_v2,/gpfs/scratch/acw792/wlnm_roleonly_v2_20260910/result_wlnm_dir_neg_roleonly_trophicv2_100x290_train10-90_Apocrita_20260910_011848/ecological_snapshots/Broadstone_Stream_tax_mass_K10_ratio0.7_exp68_seed510967914_threshold0.5_validated_v2.mat,role_only,2,uniform_without_replacement,uniform_remaining_nonlinks,176,0,176,407,198,198,176,22,0,22,0.111111111111,138,60,0.5,0.866666666667,0.866666666667,0.866666666667,26,4,4,56,0.866666666667,0.933333333333,0.0666666666667,0.133333333333,0.866666666667,0.866666666667,0.866666666667,0.911111111111,0.555555555556,0.8,0.8,0.8,99,69,30,0,99,0,69,0,30,23,99,0.195652173913,2.18974518502,8.60869565217,6.6,4.5,4.59979377438,0.534319478842,0.291611769873,4.28989068105,0.996641269334,0.541062801932,2.91445898002,0.677096530713,0.355731225296,1.07629584498,0.491516479791,2.88826011686,2.18974518502,1.07629584498,2.88826011686,0.351612638569,0.458912768647,121,0.0683229813665,0.291765337837,23,23,23,1,0,0.347826086957,0.608695652174,0.0434782608696,23,0.136363636364,2.20306570978,6,4.6,3.28571428571,3.19089614087,0.531816023478,0.297416509137,3.21926021993,1.07308673998,0.570888468809,2.02259958739,0.674199862463,0.359168241966,1.10265660516,0.50051008477,2.87970253718,2.20306570978,1.10265660516,2.87970253718,0.218673750492,0.266978922717,38,0.0214568040655,0.172277537278,23,23,23,1,0,0.347826086957,0.565217391304,0.0869565217391,23,99,0.195652173913,4.20596275573,8.60869565217,6.1875,4.5,4.89655844293,0.56879214236,0.31093544137,4.27928182811,0.99417658633,0.540184453228,2.97619009976,0.691438103984,0.367149758454,2.46867558836,0.586946611688,6.95952939253,4.20596275573,2.46867558836,6.95952939253,0.370660498921,0.474278544542,126,0.0711462450593,0.238972715737,23,23,23,1,0,0.304347826087,0.652173913043,0.0434782608696,0,0,2.01621757071,0,-0.4125,0,0.296764668548,0.0344726635182,0.0193236714976,-0.0106088529332,-0.00246468300469,-0.000878348704435,0.0617311197309,0.0143415732708,0.0114185331577,1.39237974338,0.095430131897,4.07126927567,2.01621757071,1.39237974338,4.07126927567,0.0190478603522,0.0153657758948,5,0.00282326369283,-0.0527926220993,-0.0434782608696,0.0434782608696,0,95,4,4,403,0.959595959596,0.990171990172,0.00982800982801,0.040404040404,0.959595959596,0.959595959596,0.959595959596,0.949767949768,0.949767949768,0.922330097087,30,30,0,23,23,23,1,0,8,0,0.0386050732335,0,0,1,3.88826011686,0,16,NaN,1,ok,2.18974518502,0,23,23,23,1,0,8,0,0.0226802474665,0,0,1,3.87970253718,0,16,NaN,1,ok,2.20306570978,0,23,23,23,1,0,7,0,0.0124287863516,0,0,1,7.95952939253,0,16,NaN,1,ok,4.20596275573,0,0,0,0
669,WLNM_dir_neg,0.922222222222,0.748591996384,00:00:00,10,70,69,510967915,fixed,validated_v2,/gpfs/scratch/acw792/wlnm_roleonly_v2_20260910/result_wlnm_dir_neg_roleonly_trophicv2_100x290_train10-90_Apocrita_20260910_011848/ecological_snapshots/Broadstone_Stream_tax_mass_K10_ratio0.7_exp69_seed510967915_threshold0.5_validated_v2.mat,role_only,2,uniform_without_replacement,uniform_remaining_nonlinks,176,0,176,407,198,198,176,22,0,22,0.111111111111,138,60,0.5,0.793103448276,0.766666666667,0.779661016949,23,6,7,54,0.766666666667,0.9,0.1,0.233333333333,0.793103448276,0.766666666667,0.779661016949,0.855555555556,0.559259259259,0.672268907563,0.672482639139,0.666666666667,99,69,30,0,99,0,69,0,30,23,99,0.195652173913,2.18974518502,8.60869565217,6.6,4.5,4.59979377438,0.534319478842,0.291611769873,4.28989068105,0.996641269334,0.541062801932,2.91445898002,0.677096530713,0.355731225296,1.07629584498,0.491516479791,2.88826011686,2.18974518502,1.07629584498,2.88826011686,0.351612638569,0.458912768647,121,0.0683229813665,0.291765337837,23,23,23,1,0,0.347826086957,0.608695652174,0.0434782608696,23,0.136363636364,2.2147664407,6,4.6,3.13636363636,3.51619629197,0.586032715328,0.325141776938,3.08957190327,1.02985730109,0.555765595463,2.55840859627,0.852802865422,0.420919974795,1.11113632945,0.5016945846,3.14736070381,2.2147664407,1.11113632945,3.14736070381,0.293420600563,0.367021276596,46,0.025974025974,0.20419760134,23,23,23,1,0,0.347826086957,0.608695652174,0.0434782608696,23,98,0.193675889328,1,8.52173913043,5.44444444444,4.26086956522,4.6306249845,0.543389666548,0.299023957409,4.19108785297,0.98362265937,0.531499556344,2.81582203893,0.660856192811,0.333629103815,0,0,0,22.9486302031,13.5766774502,34.0885410164,0.382871717654,0.453441295547,112,0.0632411067194,0.202169567096,23,23,23,1,0,0.217391304348,0.782608695652,0,-1,-0.00197628458498,-1.18974518502,-0.0869565217391,-1.15555555556,-0.239130434783,0.0308312101186,0.00907018770618,0.00741218753641,-0.0988028280782,-0.0130186099639,-0.00956324558809,-0.0986369410914,-0.0162403379019,-0.022102121481,-1.07629584498,-0.491516479791,-2.88826011686,20.7588850181,12.5003816052,31.2002808995,0.0312590790852,-0.00547147310072,-9,-0.00508187464709,-0.0895957707405,-0.130434782609,0.173913043478,-0.0434782608696,92,6,7,401,0.929292929293,0.985257985258,0.014742014742,0.0707070707071,0.938775510204,0.929292929293,0.934010152284,0.918077979749,0.914550914551,0.87619047619,29,30,0,23,23,23,1,0,8,0,0.0386050732335,0,0,1,3.88826011686,0,16,NaN,1,ok,2.18974518502,0,23,23,23,1,0,8,0,0.0166565000587,0,0,1,4.14736070381,0,16,NaN,1,ok,2.2147664407,0,23,23,23,1,0,5,0,0.00152324060294,0,0,1,35.0885410164,1,16,NaN,1,ok,NaN,3,0,0,0
670,WLNM_dir_neg,0.923333333333,0.74823790302,00:00:00,10,70,70,510967916,fixed,validated_v2,/gpfs/scratch/acw792/wlnm_roleonly_v2_20260910/result_wlnm_dir_neg_roleonly_trophicv2_100x290_train10-90_Apocrita_20260910_011848/ecological_snapshots/Broadstone_Stream_tax_mass_K10_ratio0.7_exp70_seed510967916_threshold0.5_validated_v2.mat,role_only,2,uniform_without_replacement,uniform_remaining_nonlinks,176,0,176,407,198,198,176,22,0,22,0.111111111111,138,60,0.5,0.785714285714,0.733333333333,0.758620689655,22,6,8,54,0.733333333333,0.9,0.1,0.266666666667,0.785714285714,0.733333333333,0.758620689655,0.844444444444,0.562962962963,0.64406779661,0.644902021637,0.633333333333,99,69,30,0,99,0,69,0,30,23,99,0.195652173913,2.18974518502,8.60869565217,6.6,4.5,4.59979377438,0.534319478842,0.291611769873,4.28989068105,0.996641269334,0.541062801932,2.91445898002,0.677096530713,0.355731225296,1.07629584498,0.491516479791,2.88826011686,2.18974518502,1.07629584498,2.88826011686,0.351612638569,0.458912768647,121,0.0683229813665,0.291765337837,23,23,23,1,0,0.347826086957,0.608695652174,0.0434782608696,23,0.136363636364,2.22758875447,6,4.6,3.13636363636,3.61813613493,0.603022689156,0.33018273472,3.01511344578,1.00503781526,0.535601764335,2.39317210565,0.797724035217,0.398235664776,1.14920127785,0.515894720489,3.47652693607,2.22758875447,1.14920127785,3.47652693607,0.318040953755,0.39,52,0.0293619424054,0.195858004429,23,23,23,1,0,0.347826086957,0.608695652174,0.0434782608696,23,97,0.191699604743,1,8.4347826087,5.70588235294,4.40909090909,4.64000477034,0.550103658339,0.306140744061,4.05593304745,0.961716083415,0.524428507396,2.77908620919,0.658958585684,0.354101299866,0,0,0,17.6912145885,12.0250074021,29.0759193969,0.349637801812,0.46408839779,112,0.0632411067194,0.204061952921,23,23,23,1,0,0.260869565217,0.695652173913,0.0434782608696,-2,-0.00395256916996,-1.18974518502,-0.173913043478,-0.894117647059,-0.0909090909091,0.0402109959625,0.0157841794975,0.0145289741883,-0.2339576336,-0.0349251859189,-0.0166342945366,-0.135372770836,-0.0181379450288,-0.00162992543091,-1.07629584498,-0.491516479791,-2.88826011686,15.5014694034,10.9487115571,26.18765928,-0.00197483675745,0.00517562914277,-9,-0.00508187464709,-0.0877033849156,-0.0869565217391,0.0869565217391,0,91,6,8,401,0.919191919192,0.985257985258,0.014742014742,0.0808080808081,0.938144329897,0.919191919192,0.928571428571,0.911489768379,0.90444990445,0.866666666667,28,30,0,23,23,23,1,0,8,0,0.0386050732335,0,0,1,3.88826011686,0,16,NaN,1,ok,2.18974518502,0,23,23,23,1,0,8,0,0.0228534813575,0,0,1,4.47652693607,0,16,NaN,1,ok,2.22758875447,0,23,23,23,1,0,6,0,0.00276593531748,0,0,1,30.0759193969,1,16,NaN,1,ok,NaN,3,0,0,0
671,WLNM_dir_neg,0.958611111111,0.852650200746,00:00:00,10,70,71,510967917,fixed,validated_v2,/gpfs/scratch/acw792/wlnm_roleonly_v2_20260910/result_wlnm_dir_neg_roleonly_trophicv2_100x290_train10-90_Apocrita_20260910_011848/ecological_snapshots/Broadstone_Stream_tax_mass_K10_ratio0.7_exp71_seed510967917_threshold0.5_validated_v2.mat,role_only,2,uniform_without_replacement,uniform_remaining_nonlinks,176,0,176,407,198,198,176,22,0,22,0.111111111111,138,60,0.5,0.884615384615,0.766666666667,0.821428571429,23,3,7,57,0.766666666667,0.95,0.05,0.233333333333,0.884615384615,0.766666666667,0.821428571429,0.888888888889,0.57037037037,0.741379310345,0.745378388678,0.716666666667,99,69,30,0,99,0,69,0,30,23,99,0.195652173913,2.18974518502,8.60869565217,6.6,4.5,4.59979377438,0.534319478842,0.291611769873,4.28989068105,0.996641269334,0.541062801932,2.91445898002,0.677096530713,0.355731225296,1.07629584498,0.491516479791,2.88826011686,2.18974518502,1.07629584498,2.88826011686,0.351612638569,0.458912768647,121,0.0683229813665,0.291765337837,23,23,23,1,0,0.347826086957,0.608695652174,0.0434782608696,23,0.136363636364,2.02000325714,6,4.92857142857,3.45,3.46410161514,0.57735026919,0.322621298047,3.16227766017,1.05409255339,0.563327032136,2.2360679775,0.7453559925,0.393194706994,0.989534954866,0.489867999652,2.76890359168,2.02000325714,0.989534954866,2.76890359168,0.305692984264,0.361179361179,49,0.0276679841897,0.192253351045,23,23,23,1,0,0.391304347826,0.478260869565,0.130434782609,23,95,0.187747035573,2.19521462933,8.26086956522,6.33333333333,4.31818181818,4.79789150001,0.580797392106,0.319908466819,4.18117369153,1.0122841569,0.545537757437,2.91242397991,0.705113174083,0.37528604119,1.08362683891,0.493631385483,2.97132123366,2.19521462933,1.08362683891,2.97132123366,0.397249610293,0.511409395973,127,0.0717108977979,0.27250483447,23,23,23,1,0,0.347826086957,0.608695652174,0.0434782608696,-4,-0.00790513833992,0.00546944430454,-0.347826086957,-0.266666666667,-0.181818181818,0.198097725631,0.0464779132645,0.0282966969466,-0.108716989518,0.0156428875623,0.0044749555047,-0.0020350001178,0.0280166433699,0.0195548158935,0.00733099392437,0.00211490569139,0.0830611168068,0.00546944430454,0.00733099392437,0.0830611168068,0.0456369717239,0.0524966273259,6,0.00338791643139,-0.0192605033671,0,0,0,92,3,7,404,0.929292929293,0.992628992629,0.00737100737101,0.0707070707071,0.968421052632,0.929292929293,0.948453608247,0.936539782845,0.921921921922,0.901960784314,26,30,0,23,23,23,1,0,8,0,0.0386050732335,0,0,1,3.88826011686,0,16,NaN,1,ok,2.18974518502,0,23,23,23,1,0,9,0,0.0457331416334,0,0,1,3.76890359168,0,16,NaN,1,ok,2.02000325714,0,23,23,23,1,0,8,0,0.0361091537325,0,0,1,3.97132123366,0,16,NaN,1,ok,2.19521462933,0,0,0,0
672,WLNM_dir_neg,0.967777777778,0.925519255255,00:00:00,10,70,72,510967918,fixed,validated_v2,/gpfs/scratch/acw792/wlnm_roleonly_v2_20260910/result_wlnm_dir_neg_roleonly_trophicv2_100x290_train10-90_Apocrita_20260910_011848/ecological_snapshots/Broadstone_Stream_tax_mass_K10_ratio0.7_exp72_seed510967918_threshold0.5_validated_v2.mat,role_only,2,uniform_without_replacement,uniform_remaining_nonlinks,176,0,176,407,198,198,176,22,0,22,0.111111111111,138,60,0.5,0.84375,0.9,0.870967741935,27,5,3,55,0.9,0.916666666667,0.0833333333333,0.1,0.84375,0.9,0.870967741935,0.911111111111,0.548148148148,0.803278688525,0.804251901266,0.816666666667,99,69,30,0,99,0,69,0,30,23,99,0.195652173913,2.18974518502,8.60869565217,6.6,4.5,4.59979377438,0.534319478842,0.291611769873,4.28989068105,0.996641269334,0.541062801932,2.91445898002,0.677096530713,0.355731225296,1.07629584498,0.491516479791,2.88826011686,2.18974518502,1.07629584498,2.88826011686,0.351612638569,0.458912768647,121,0.0683229813665,0.291765337837,23,23,23,1,0,0.347826086957,0.608695652174,0.0434782608696,23,0.136363636364,2.16196200671,6,4.6,3.13636363636,3,0.5,0.276622558286,2.98481002898,0.994936676326,0.538122243226,2.02259958739,0.674199862463,0.342785129175,1.06311702302,0.491737144186,2.93534314871,2.16196200671,1.06311702302,2.93534314871,0.196401907271,0.241813602015,32,0.0180688876341,0.175023997167,23,23,23,1,0,0.347826086957,0.608695652174,0.0434782608696,23,101,0.199604743083,4.93955663646,8.78260869565,5.61111111111,4.59090909091,4.39996406741,0.500986007675,0.276797244942,4.14223403091,0.943281016939,0.513990529488,2.80809107653,0.639466284754,0.336633663366,2.29479244137,0.464574578299,7.03356871077,4.93955663646,2.29479244137,7.03356871077,0.335957038131,0.422744128554,114,0.0643704121965,0.207499644509,23,23,23,1,0,0.217391304348,0.739130434783,0.0434782608696,2,0.00395256916996,2.74981145144,0.173913043478,-0.988888888889,0.0909090909091,-0.199829706971,-0.0333334711668,-0.0148145249308,-0.147656650141,-0.0533602523951,-0.0270722724446,-0.106367903497,-0.0376302459591,-0.0190975619301,1.21849659639,-0.0269419014921,4.14530859392,2.74981145144,1.21849659639,4.14530859392,-0.0156556004382,-0.0361686400935,-7,-0.00395256916996,-0.0842656933273,-0.130434782609,0.130434782609,0,96,5,3,402,0.969696969697,0.987714987715,0.012285012285,0.030303030303,0.950495049505,0.969696969697,0.96,0.95022280831,0.957411957412,0.923076923077,32,30,0,23,23,23,1,0,8,0,0.0386050732335,0,0,1,3.88826011686,0,16,NaN,1,ok,2.18974518502,0,23,23,23,1,0,8,0,0.0304447662879,0,0,1,3.93534314871,0,16,NaN,1,ok,2.16196200671,0,23,23,23,1,0,5,0,0.0149782125686,0,0,1,8.03356871077,0,16,NaN,1,ok,4.93955663646,0,0,0,0
673,WLNM_dir_neg,0.895555555556,0.835046007622,00:00:00,10,70,73,510967919,fixed,validated_v2,/gpfs/scratch/acw792/wlnm_roleonly_v2_20260910/result_wlnm_dir_neg_roleonly_trophicv2_100x290_train10-90_Apocrita_20260910_011848/ecological_snapshots/Broadstone_Stream_tax_mass_K10_ratio0.7_exp73_seed510967919_threshold0.5_validated_v2.mat,role_only,2,uniform_without_replacement,uniform_remaining_nonlinks,176,0,176,407,198,198,176,22,0,22,0.111111111111,138,60,0.5,0.833333333333,0.833333333333,0.833333333333,25,5,5,55,0.833333333333,0.916666666667,0.0833333333333,0.166666666667,0.833333333333,0.833333333333,0.833333333333,0.888888888889,0.555555555556,0.75,0.75,0.75,99,69,30,0,99,0,69,0,30,23,99,0.195652173913,2.18974518502,8.60869565217,6.6,4.5,4.59979377438,0.534319478842,0.291611769873,4.28989068105,0.996641269334,0.541062801932,2.91445898002,0.677096530713,0.355731225296,1.07629584498,0.491516479791,2.88826011686,2.18974518502,1.07629584498,2.88826011686,0.351612638569,0.458912768647,121,0.0683229813665,0.291765337837,23,23,23,1,0,0.347826086957,0.608695652174,0.0434782608696,23,0.136363636364,2.09893171483,6,5.30769230769,3.13636363636,3.58024884864,0.59670814144,0.327032136106,3.30289129538,1.10096376513,0.58475110271,1.95401684184,0.651338947279,0.351606805293,1.14996602522,0.547881580469,3.32941943901,2.09893171483,1.14996602522,3.32941943901,0.327417027417,0.338235294118,46,0.025974025974,0.180785702901,23,23,23,1,0,0.434782608696,0.521739130435,0.0434782608696,23,99,0.195652173913,3.39361002092,8.60869565217,7.07142857143,4.5,5.08776724056,0.591003265317,0.32674571805,4.394570851,1.02096090478,0.55248133509,2.53044700702,0.587881627894,0.324110671937,2.16177117516,0.637012255927,5.55260214292,3.39361002092,2.16177117516,5.55260214292,0.395762823036,0.498691099476,127,0.0717108977979,0.249826316576,23,23,23,1,0,0.391304347826,0.565217391304,0.0434782608696,0,0,1.20386483589,0,0.471428571429,0,0.487973466179,0.0566837864753,0.0351339481774,0.104680169949,0.0243196354427,0.0114185331577,-0.384011973005,-0.0892149028192,-0.0316205533597,1.08547533018,0.145495776136,2.66434202606,1.20386483589,1.08547533018,2.66434202606,0.0441501844664,0.0397783308292,6,0.00338791643139,-0.0419390212603,0.0434782608696,-0.0434782608696,0,94,5,5,402,0.949494949495,0.987714987715,0.012285012285,0.0505050505051,0.949494949495,0.949494949495,0.949494949495,0.93720993721,0.93720993721,0.903846153846,30,30,0,23,23,23,1,0,8,0,0.0386050732335,0,0,1,3.88826011686,0,16,NaN,1,ok,2.18974518502,0,23,23,23,1,0,10,0,0.0637417086378,0,0,1,4.32941943901,0,16,NaN,1,ok,2.09893171483,0,23,23,23,1,0,9,0,0.0459978187586,0,0,1,6.55260214292,0,16,NaN,1,ok,3.39361002092,0,0,0,0
674,WLNM_dir_neg,0.975555555556,0.611974621339,00:00:00,10,70,74,510967920,fixed,validated_v2,/gpfs/scratch/acw792/wlnm_roleonly_v2_20260910/result_wlnm_dir_neg_roleonly_trophicv2_100x290_train10-90_Apocrita_20260910_011848/ecological_snapshots/Broadstone_Stream_tax_mass_K10_ratio0.7_exp74_seed510967920_threshold0.5_validated_v2.mat,role_only,2,uniform_without_replacement,uniform_remaining_nonlinks,176,0,176,407,198,198,176,22,0,22,0.111111111111,138,60,0.5,0.913043478261,0.7,0.792452830189,21,2,9,58,0.7,0.966666666667,0.0333333333333,0.3,0.913043478261,0.7,0.792452830189,0.877777777778,0.581481481481,0.70796460177,0.72051607433,0.666666666667,99,69,30,0,99,0,69,0,30,23,99,0.195652173913,2.18974518502,8.60869565217,6.6,4.5,4.59979377438,0.534319478842,0.291611769873,4.28989068105,0.996641269334,0.541062801932,2.91445898002,0.677096530713,0.355731225296,1.07629584498,0.491516479791,2.88826011686,2.18974518502,1.07629584498,2.88826011686,0.351612638569,0.458912768647,121,0.0683229813665,0.291765337837,23,23,23,1,0,0.347826086957,0.608695652174,0.0434782608696,23,0.136363636364,2.16117148179,6,4.6,3.45,3.68041499636,0.613402499394,0.340264650284,3.03015151136,1.01005050379,0.546943919345,2.44948974278,0.816496580928,0.428481411468,1.05897248105,0.489999285095,2.93627963738,2.27175924196,1.04206138534,2.93627963738,0.295378959665,0.379652605459,51,0.0287972896669,0.196581989439,23,21,21,0.913043478261,0,0.260869565217,0.608695652174,0.0434782608696,23,92,0.181818181818,2.27384514589,8,6.13333333333,4,4.77683805652,0.597104757065,0.329395085066,4.10099766132,1.02524941533,0.551984877127,2.7136021012,0.6784005253,0.362003780718,1.13505575738,0.499179004971,2.93251867309,2.27384514589,1.13505575738,2.93251867309,0.370322270322,0.450892857143,101,0.0570299265951,0.247437192437,23,23,23,1,0,0.347826086957,0.652173913043,0,-7,-0.0138339920949,0.084099960862,-0.608695652174,-0.466666666667,-0.5,0.177044282139,0.0627852782227,0.0377833151935,-0.188893019724,0.0286081459967,0.0109220751943,-0.200856878825,0.00130399458722,0.00627255542189,0.0587599123993,0.00766252518,0.0442585562298,0.084099960862,0.0587599123993,0.0442585562298,0.0187096317531,-0.00801991150442,-20,-0.0112930547713,-0.0443281453996,0,0.0434782608696,-0.0434782608696,90,2,9,405,0.909090909091,0.995085995086,0.004914004914,0.0909090909091,0.978260869565,0.909090909091,0.942408376963,0.929981109951,0.904176904177,0.891089108911,23,30,0,23,23,23,1,0,8,0,0.0386050732335,0,0,1,3.88826011686,0,16,NaN,1,ok,2.18974518502,0,23,21,21,0.913043478261,0,6,0,0.0339238464024,0,0,1,3.93627963738,0,16,NaN,1,ok,2.27175924196,0,23,23,23,1,0,8,0,0.0349307732888,0,0,1,3.93251867309,0,16,NaN,1,ok,2.27384514589,0,0,0,0
675,WLNM_dir_neg,0.943333333333,0.78101033528,00:00:00,10,70,75,510967921,fixed,validated_v2,/gpfs/scratch/acw792/wlnm_roleonly_v2_20260910/result_wlnm_dir_neg_roleonly_trophicv2_100x290_train10-90_Apocrita_20260910_011848/ecological_snapshots/Broadstone_Stream_tax_mass_K10_ratio0.7_exp75_seed510967921_threshold0.5_validated_v2.mat,role_only,2,uniform_without_replacement,uniform_remaining_nonlinks,176,0,176,407,198,198,176,22,0,22,0.111111111111,138,60,0.5,0.806451612903,0.833333333333,0.819672131148,25,6,5,54,0.833333333333,0.9,0.1,0.166666666667,0.806451612903,0.833333333333,0.819672131148,0.877777777778,0.551851851852,0.727272727273,0.727496362058,0.733333333333,99,69,30,0,99,0,69,0,30,23,99,0.195652173913,2.18974518502,8.60869565217,6.6,4.5,4.59979377438,0.534319478842,0.291611769873,4.28989068105,0.996641269334,0.541062801932,2.91445898002,0.677096530713,0.355731225296,1.07629584498,0.491516479791,2.88826011686,2.18974518502,1.07629584498,2.88826011686,0.351612638569,0.458912768647,121,0.0683229813665,0.291765337837,23,23,23,1,0,0.347826086957,0.608695652174,0.0434782608696,23,0.136363636364,2.15647252916,6,4.6,3.28571428571,3.45095507202,0.57515917867,0.316950220542,3.03015151136,1.01005050379,0.539382482672,2.52262489555,0.840874965183,0.442344045369,1.04973911619,0.486785294966,2.78874309392,2.15647252916,1.04973911619,2.78874309392,0.271263656978,0.328358208955,44,0.0248447204969,0.204922696351,23,23,23,1,0,0.347826086957,0.565217391304,0.0869565217391,23,100,0.197628458498,2.80793083926,8.69565217391,5.88235294118,4.34782608696,4.49681485871,0.517133708752,0.287391304348,4.06323533935,0.93454412805,0.512173913043,2.74041628643,0.630295745879,0.34347826087,1.36671984294,0.486735579035,4.14134380739,2.80793083926,1.36671984294,4.14134380739,0.396886929496,0.47625,127,0.0717108977979,0.213956501976,23,23,23,1,0,0.260869565217,0.739130434783,0,1,0.00197628458498,0.618185654232,0.0869565217391,-0.717647058824,-0.152173913043,-0.102978915667,-0.0171857700901,-0.00422046552481,-0.226655341699,-0.0620971412842,-0.0288888888889,-0.174042693596,-0.0468007848341,-0.0122529644269,0.290423997953,-0.00478090075604,1.25308369053,0.618185654232,0.290423997953,1.25308369053,0.0452742909265,0.0173372313527,6,0.00338791643139,-0.0778088358612,-0.0869565217391,0.130434782609,-0.0434782608696,94,6,5,401,0.949494949495,0.985257985258,0.014742014742,0.0505050505051,0.94,0.949494949495,0.94472361809,0.931212125682,0.934752934753,0.895238095238,31,30,0,23,23,23,1,0,8,0,0.0386050732335,0,0,1,3.88826011686,0,16,NaN,1,ok,2.18974518502,0,23,23,23,1,0,8,0,0.0321098266785,0,0,1,3.78874309392,0,16,NaN,1,ok,2.15647252916,0,23,23,23,1,0,6,0,0.0351590678153,0,0,1,5.14134380739,0,16,NaN,1,ok,2.80793083926,0,0,0,0
676,WLNM_dir_neg,0.928888888889,0.864720988765,00:00:00,10,70,76,510967922,fixed,validated_v2,/gpfs/scratch/acw792/wlnm_roleonly_v2_20260910/result_wlnm_dir_neg_roleonly_trophicv2_100x290_train10-90_Apocrita_20260910_011848/ecological_snapshots/Broadstone_Stream_tax_mass_K10_ratio0.7_exp76_seed510967922_threshold0.5_validated_v2.mat,role_only,2,uniform_without_replacement,uniform_remaining_nonlinks,176,0,176,407,198,198,176,22,0,22,0.111111111111,138,60,0.5,0.806451612903,0.833333333333,0.819672131148,25,6,5,54,0.833333333333,0.9,0.1,0.166666666667,0.806451612903,0.833333333333,0.819672131148,0.877777777778,0.551851851852,0.727272727273,0.727496362058,0.733333333333,99,69,30,0,99,0,69,0,30,23,99,0.195652173913,2.18974518502,8.60869565217,6.6,4.5,4.59979377438,0.534319478842,0.291611769873,4.28989068105,0.996641269334,0.541062801932,2.91445898002,0.677096530713,0.355731225296,1.07629584498,0.491516479791,2.88826011686,2.18974518502,1.07629584498,2.88826011686,0.351612638569,0.458912768647,121,0.0683229813665,0.291765337837,23,23,23,1,0,0.347826086957,0.608695652174,0.0434782608696,23,0.136363636364,2.15650930336,6,4.6,3.45,3.52909980796,0.588183301327,0.327032136106,3.1333978072,1.04446593573,0.562066792691,2.29624198915,0.765413996383,0.404536862004,1.05014431064,0.486964887658,2.82453375361,2.20907790805,1.04342288739,2.82453375361,0.325245310245,0.334951456311,46,0.025974025974,0.174011332583,23,22,22,0.95652173913,0,0.304347826087,0.565217391304,0.0869565217391,23,100,0.197628458498,2.70116484927,8.69565217391,5.88235294118,4.34782608696,4.79995059263,0.551994318153,0.303043478261,4.28112873447,0.984659608928,0.530434782609,2.97884504239,0.685134359749,0.362608695652,1.23257261426,0.456311511157,4.10529227716,2.70116484927,1.23257261426,4.10529227716,0.408815931543,0.466498103666,123,0.0694522868436,0.227058084459,23,23,23,1,0,0.260869565217,0.739130434783,0,1,0.00197628458498,0.511419664247,0.0869565217391,-0.717647058824,-0.152173913043,0.200156818254,0.0176748393108,0.0114317083882,-0.00876194657701,-0.0119816604061,-0.0106280193237,0.0643860623639,0.00803782903656,0.00687747035573,0.156276769272,-0.0352049686343,1.2170321603,0.511419664247,0.156276769272,1.2170321603,0.057203292974,0.00758533501896,2,0.00112930547713,-0.0647072533774,-0.0869565217391,0.130434782609,-0.0434782608696,94,6,5,401,0.949494949495,0.985257985258,0.014742014742,0.0505050505051,0.94,0.949494949495,0.94472361809,0.931212125682,0.934752934753,0.895238095238,31,30,0,23,23,23,1,0,8,0,0.0386050732335,0,0,1,3.88826011686,0,16,NaN,1,ok,2.18974518502,0,23,22,22,0.95652173913,0,7,0,0.0289497565085,0,0,1,3.82453375361,0,16,NaN,1,ok,2.20907790805,0,23,23,23,1,0,6,0,0.0328212106777,0,0,1,5.10529227716,0,16,NaN,1,ok,2.70116484927,0,0,0,0
677,WLNM_dir_neg,0.920555555556,0.793675685353,00:00:00,10,70,77,510967923,fixed,validated_v2,/gpfs/scratch/acw792/wlnm_roleonly_v2_20260910/result_wlnm_dir_neg_roleonly_trophicv2_100x290_train10-90_Apocrita_20260910_011848/ecological_snapshots/Broadstone_Stream_tax_mass_K10_ratio0.7_exp77_seed510967923_threshold0.5_validated_v2.mat,role_only,2,uniform_without_replacement,uniform_remaining_nonlinks,176,0,176,407,198,198,176,22,0,22,0.111111111111,138,60,0.5,0.88,0.733333333333,0.8,22,3,8,57,0.733333333333,0.95,0.05,0.266666666667,0.88,0.733333333333,0.8,0.877777777778,0.574074074074,0.713043478261,0.719187575832,0.683333333333,99,69,30,0,99,0,69,0,30,23,99,0.195652173913,2.18974518502,8.60869565217,6.6,4.5,4.59979377438,0.534319478842,0.291611769873,4.28989068105,0.996641269334,0.541062801932,2.91445898002,0.677096530713,0.355731225296,1.07629584498,0.491516479791,2.88826011686,2.18974518502,1.07629584498,2.88826011686,0.351612638569,0.458912768647,121,0.0683229813665,0.291765337837,23,23,23,1,0,0.347826086957,0.608695652174,0.0434782608696,23,0.136363636364,2.28772325827,6,4.6,3.13636363636,3.56753034006,0.594588390011,0.324511657215,3.38445644891,1.12815214964,0.592312539382,2.08893187147,0.696310623823,0.367989918084,1.24044777327,0.542219330412,3.73547589617,2.28772325827,1.24044777327,3.73547589617,0.308061130788,0.340579710145,47,0.0265386787126,0.151269484484,23,23,23,1,0,0.347826086957,0.608695652174,0.0434782608696,23,94,0.185770750988,2.59851781147,8.17391304348,5.875,4.27272727273,4.4071447561,0.539171964842,0.293709528215,4.25241154553,1.04048367603,0.557816836263,2.71214513352,0.663609979479,0.348751156337,1.35110562254,0.519952419251,3.76917949034,2.59851781147,1.35110562254,3.76917949034,0.363758463758,0.442280945758,106,0.059853190288,0.212959158897,23,23,23,1,0,0.304347826087,0.652173913043,0.0434782608696,-5,-0.0098814229249,0.408772626446,-0.434782608696,-0.725,-0.227272727273,-0.192649018281,0.00485248599976,0.00209775834198,-0.0374791355158,0.0438424067001,0.0167540343304,-0.202313846501,-0.0134865512335,-0.00698006895972,0.274809777558,0.0284359394597,0.880919373482,0.408772626446,0.274809777558,0.880919373482,0.0121458251893,-0.0166318228893,-15,-0.00846979107849,-0.0788061789401,-0.0434782608696,0.0434782608696,0,91,3,8,404,0.919191919192,0.992628992629,0.00737100737101,0.0808080808081,0.968085106383,0.919191919192,0.943005181347,0.9300618173,0.911820911821,0.892156862745,25,30,0,23,23,23,1,0,8,0,0.0386050732335,0,0,1,3.88826011686,0,16,NaN,1,ok,2.18974518502,0,23,23,23,1,0,8,0,0.0346947397008,0,0,1,4.73547589617,0,16,NaN,1,ok,2.28772325827,0,23,23,23,1,0,7,0,0.0312393109095,0,0,1,4.76917949034,0,16,NaN,1,ok,2.59851781147,0,0,0,0
678,WLNM_dir_neg,0.954444444444,0.868558811659,00:00:00,10,70,78,510967924,fixed,validated_v2,/gpfs/scratch/acw792/wlnm_roleonly_v2_20260910/result_wlnm_dir_neg_roleonly_trophicv2_100x290_train10-90_Apocrita_20260910_011848/ecological_snapshots/Broadstone_Stream_tax_mass_K10_ratio0.7_exp78_seed510967924_threshold0.5_validated_v2.mat,role_only,2,uniform_without_replacement,uniform_remaining_nonlinks,176,0,176,407,198,198,176,22,0,22,0.111111111111,138,60,0.5,0.913043478261,0.7,0.792452830189,21,2,9,58,0.7,0.966666666667,0.0333333333333,0.3,0.913043478261,0.7,0.792452830189,0.877777777778,0.581481481481,0.70796460177,0.72051607433,0.666666666667,99,69,30,0,99,0,69,0,30,23,99,0.195652173913,2.18974518502,8.60869565217,6.6,4.5,4.59979377438,0.534319478842,0.291611769873,4.28989068105,0.996641269334,0.541062801932,2.91445898002,0.677096530713,0.355731225296,1.07629584498,0.491516479791,2.88826011686,2.18974518502,1.07629584498,2.88826011686,0.351612638569,0.458912768647,121,0.0683229813665,0.291765337837,23,23,23,1,0,0.347826086957,0.608695652174,0.0434782608696,23,0.136363636364,2.13453165192,6,4.6,3.28571428571,3.14787085331,0.524645142218,0.291115311909,3.01511344578,1.00503781526,0.544423440454,2.19503572139,0.731678573797,0.388153749212,1.00640728611,0.471488574648,2.75202020202,2.13453165192,1.00640728611,2.75202020202,0.262343936257,0.365517241379,53,0.029926595144,0.180354063925,23,23,23,1,0,0.347826086957,0.565217391304,0.0869565217391,23,92,0.181818181818,2.14564963132,8,6.13333333333,4.18181818182,4.29587540026,0.536984425032,0.299621928166,4.16696968595,1.04174242149,0.560491493384,2.7136021012,0.6784005253,0.350661625709,1.02253163786,0.476560395943,2.72479532164,2.14564963132,1.02253163786,2.72479532164,0.334670643366,0.403846153846,98,0.0553359683794,0.255083752227,23,23,23,1,0,0.347826086957,0.608695652174,0.0434782608696,-7,-0.0138339920949,-0.0440955537002,-0.608695652174,-0.466666666667,-0.318181818182,-0.303918374119,0.00266494619052,0.00801015829371,-0.122920995096,0.0451011521536,0.0194286914514,-0.200856878825,0.00130399458722,-0.00506959958756,-0.053764207125,-0.0149560838486,-0.16346479522,-0.0440955537002,-0.053764207125,-0.16346479522,-0.0169419952029,-0.0550666148011,-23,-0.012987012987,-0.0366815856102,0,0,0,90,2,9,405,0.909090909091,0.995085995086,0.004914004914,0.0909090909091,0.978260869565,0.909090909091,0.942408376963,0.929981109951,0.904176904177,0.891089108911,23,30,0,23,23,23,1,0,8,0,0.0386050732335,0,0,1,3.88826011686,0,16,NaN,1,ok,2.18974518502,0,23,23,23,1,0,8,0,0.0303827040254,0,0,1,3.75202020202,0,16,NaN,1,ok,2.13453165192,0,23,23,23,1,0,8,0,0.0290471378966,0,0,1,3.72479532164,0,16,NaN,1,ok,2.14564963132,0,0,0,0
679,WLNM_dir_neg,0.958333333333,0.878203864161,00:00:00,10,70,79,510967925,fixed,validated_v2,/gpfs/scratch/acw792/wlnm_roleonly_v2_20260910/result_wlnm_dir_neg_roleonly_trophicv2_100x290_train10-90_Apocrita_20260910_011848/ecological_snapshots/Broadstone_Stream_tax_mass_K10_ratio0.7_exp79_seed510967925_threshold0.5_validated_v2.mat,role_only,2,uniform_without_replacement,uniform_remaining_nonlinks,176,0,176,407,198,198,176,22,0,22,0.111111111111,138,60,0.5,0.862068965517,0.833333333333,0.847457627119,25,4,5,56,0.833333333333,0.933333333333,0.0666666666667,0.166666666667,0.862068965517,0.833333333333,0.847457627119,0.9,0.559259259259,0.773109243697,0.77335503501,0.766666666667,99,69,30,0,99,0,69,0,30,23,99,0.195652173913,2.18974518502,8.60869565217,6.6,4.5,4.59979377438,0.534319478842,0.291611769873,4.28989068105,0.996641269334,0.541062801932,2.91445898002,0.677096530713,0.355731225296,1.07629584498,0.491516479791,2.88826011686,2.18974518502,1.07629584498,2.88826011686,0.351612638569,0.458912768647,121,0.0683229813665,0.291765337837,23,23,23,1,0,0.347826086957,0.608695652174,0.0434782608696,23,0.136363636364,2.20531772887,6,4.6,3.28571428571,3.2891004573,0.548183409549,0.302457466919,2.93876906823,0.979589689409,0.533081285444,2.25630429927,0.75210143309,0.393194706994,1.08286509451,0.491024526914,2.789193729,2.20531772887,1.08286509451,2.789193729,0.255519480519,0.28125,36,0.0203274985884,0.179191337763,23,23,23,1,0,0.347826086957,0.565217391304,0.0869565217391,23,98,0.193675889328,2.13385465643,8.52173913043,6.53333333333,4.45454545455,4.36795734679,0.512566423348,0.284826974268,4.18022825937,0.981073979239,0.53504880213,2.94212958284,0.690499800054,0.36379769299,1.00595577359,0.471426566264,2.63853032194,2.13385465643,1.00595577359,2.63853032194,0.344894236199,0.436567164179,117,0.0660643704122,0.281387756346,23,23,23,1,0,0.347826086957,0.608695652174,0.0434782608696,-1,-0.00197628458498,-0.0558905285938,-0.0869565217391,-0.0666666666667,-0.0454545454545,-0.231836427585,-0.0217530554937,-0.00678479560467,-0.109662421682,-0.0155672900954,-0.00601399980282,0.0276706028141,0.0134032693412,0.0080664676938,-0.0703400713947,-0.0200899135269,-0.249729794917,-0.0558905285938,-0.0703400713947,-0.249729794917,-0.00671840237058,-0.0223456044682,-4,-0.00225861095426,-0.010377581491,0,0,0,94,4,5,403,0.949494949495,0.990171990172,0.00982800982801,0.0505050505051,0.959183673469,0.949494949495,0.954314720812,0.943290867552,0.939666939667,0.912621359223,29,30,0,23,23,23,1,0,8,0,0.0386050732335,0,0,1,3.88826011686,0,16,NaN,1,ok,2.18974518502,0,23,23,23,1,0,8,0,0.0384313211271,0,0,1,3.789193729,0,16,NaN,1,ok,2.20531772887,0,23,23,23,1,0,8,0,0.0411026513747,0,0,1,3.63853032194,0,16,NaN,1,ok,2.13385465643,0,0,0,0
680,WLNM_dir_neg,0.818055555556,0.686734268988,00:00:00,10,70,80,510967926,fixed,validated_v2,/gpfs/scratch/acw792/wlnm_roleonly_v2_20260910/result_wlnm_dir_neg_roleonly_trophicv2_100x290_train10-90_Apocrita_20260910_011848/ecological_snapshots/Broadstone_Stream_tax_mass_K10_ratio0.7_exp80_seed510967926_threshold0.5_validated_v2.mat,role_only,2,uniform_without_replacement,uniform_remaining_nonlinks,176,0,176,407,198,198,176,22,0,22,0.111111111111,138,60,0.5,0.789473684211,0.5,0.612244897959,15,4,15,56,0.5,0.933333333333,0.0666666666667,0.5,0.789473684211,0.5,0.612244897959,0.788888888889,0.596296296296,0.477064220183,0.500555658627,0.433333333333,99,69,30,0,99,0,69,0,30,23,99,0.195652173913,2.18974518502,8.60869565217,6.6,4.5,4.59979377438,0.534319478842,0.291611769873,4.28989068105,0.996641269334,0.541062801932,2.91445898002,0.677096530713,0.355731225296,1.07629584498,0.491516479791,2.88826011686,2.18974518502,1.07629584498,2.88826011686,0.351612638569,0.458912768647,121,0.0683229813665,0.291765337837,23,23,23,1,0,0.347826086957,0.608695652174,0.0434782608696,23,0.136363636364,1.94488699586,6,4.92857142857,3.45,3.51619629197,0.586032715328,0.325141776938,3.20510955706,1.06836985235,0.5734089477,2.17422922602,0.724743075339,0.395715185885,0.92878970054,0.477554584157,2.4552305884,1.98783640476,0.926974417876,2.4552305884,0.240572390572,0.322250639386,42,0.0237154150198,0.187325495018,23,22,22,0.95652173913,0,0.347826086957,0.521739130435,0.0869565217391,23,88,0.173913043478,1.95142958377,7.65217391304,6.28571428571,4.4,4.29173302199,0.560851474464,0.313241106719,4.07489178789,1.06502853547,0.571146245059,2.7077695268,0.70771248996,0.387351778656,0.896731325348,0.459525330971,2.37700753851,1.99467638303,0.89294672693,2.37700753851,0.335049546413,0.433130699088,95,0.0536420101637,0.252744127057,23,22,22,0.95652173913,0,0.347826086957,0.521739130435,0.0869565217391,-11,-0.0217391304348,-0.238315601256,-0.95652173913,-0.314285714286,-0.1,-0.30806075239,0.0265319956225,0.0216293368467,-0.214998893158,0.0683872661367,0.0300834431269,-0.206689453223,0.0306159592468,0.0316205533597,-0.179564519635,-0.0319911488201,-0.511252578346,-0.195068801994,-0.183349118053,-0.511252578346,-0.016563092156,-0.0257820695591,-26,-0.0146809712027,-0.0390212107795,0,-0.0869565217391,0.0434782608696,84,4,15,403,0.848484848485,0.990171990172,0.00982800982801,0.151515151515,0.954545454545,0.848484848485,0.898395721925,0.877747533271,0.838656838657,0.815533980583,19,30,0,23,23,23,1,0,8,0,0.0386050732335,0,0,1,3.88826011686,0,16,NaN,1,ok,2.18974518502,0,23,22,22,0.95652173913,0,8,0,0.0472368588114,0,0,1,3.4552305884,0,16,NaN,1,ok,1.98783640476,0,23,22,22,0.95652173913,0,8,0,0.0381900339857,0,0,1,3.37700753851,0,16,NaN,1,ok,1.99467638303,0,0,0,0
681,WLNM_dir_neg,0.867777777778,0.783595853469,00:00:00,10,70,81,510967927,fixed,validated_v2,/gpfs/scratch/acw792/wlnm_roleonly_v2_20260910/result_wlnm_dir_neg_roleonly_trophicv2_100x290_train10-90_Apocrita_20260910_011848/ecological_snapshots/Broadstone_Stream_tax_mass_K10_ratio0.7_exp81_seed510967927_threshold0.5_validated_v2.mat,role_only,2,uniform_without_replacement,uniform_remaining_nonlinks,176,0,176,407,198,198,176,22,0,22,0.111111111111,138,60,0.5,0.833333333333,0.666666666667,0.740740740741,20,4,10,56,0.666666666667,0.933333333333,0.0666666666667,0.333333333333,0.833333333333,0.666666666667,0.740740740741,0.844444444444,0.577777777778,0.631578947368,0.639602149067,0.6,99,69,30,0,99,0,69,0,30,23,99,0.195652173913,2.18974518502,8.60869565217,6.6,4.5,4.59979377438,0.534319478842,0.291611769873,4.28989068105,0.996641269334,0.541062801932,2.91445898002,0.677096530713,0.355731225296,1.07629584498,0.491516479791,2.88826011686,2.18974518502,1.07629584498,2.88826011686,0.351612638569,0.458912768647,121,0.0683229813665,0.291765337837,23,23,23,1,0,0.347826086957,0.608695652174,0.0434782608696,23,0.136363636364,2.10513073565,6,4.92857142857,3.13636363636,3.06000594176,0.510000990294,0.281663516068,3.35748823866,1.11916274622,0.587271581601,1.80906806747,0.603022689156,0.323881537492,1.03949904958,0.493793108418,2.56461731493,2.10513073565,1.03949904958,2.56461731493,0.270176924525,0.31870669746,46,0.025974025974,0.14485846876,23,23,23,1,0,0.391304347826,0.565217391304,0.0434782608696,23,93,0.183794466403,3.23409753645,8.08695652174,6.2,4.22727272727,4.57178146577,0.56532781566,0.309957924264,4.59721517353,1.13694568808,0.594670406732,2.22543684924,0.550376855189,0.303880317906,1.9247721461,0.595149689955,5.94954248366,3.23409753645,1.9247721461,5.94954248366,0.379219572698,0.413199426112,96,0.0542066629023,0.175754707846,23,23,23,1,0,0.347826086957,0.608695652174,0.0434782608696,-6,-0.0118577075099,1.04435235143,-0.521739130435,-0.4,-0.272727272727,-0.0280123086079,0.0310083368178,0.018346154391,0.307324492488,0.140304418744,0.0536076047998,-0.689022130783,-0.126719675524,-0.0518509073909,0.84847630112,0.103633210164,3.0612823668,1.04435235143,0.84847630112,3.0612823668,0.0276069341287,-0.0457133425354,-25,-0.0141163184641,-0.116010629991,0,0,0,89,4,10,403,0.89898989899,0.990171990172,0.00982800982801,0.10101010101,0.956989247312,0.89898989899,0.927083333333,0.910707979258,0.889161889162,0.864077669903,24,30,0,23,23,23,1,0,8,0,0.0386050732335,0,0,1,3.88826011686,0,16,NaN,1,ok,2.18974518502,0,23,23,23,1,0,9,0,0.0532212151406,0,0,1,3.56461731493,0,16,NaN,1,ok,2.10513073565,0,23,23,23,1,0,8,0,0.0324660684871,0,0,1,6.94954248366,0,16,NaN,1,ok,3.23409753645,0,0,0,0
682,WLNM_dir_neg,0.823888888889,0.550971773438,00:00:00,10,70,82,510967928,fixed,validated_v2,/gpfs/scratch/acw792/wlnm_roleonly_v2_20260910/result_wlnm_dir_neg_roleonly_trophicv2_100x290_train10-90_Apocrita_20260910_011848/ecological_snapshots/Broadstone_Stream_tax_mass_K10_ratio0.7_exp82_seed510967928_threshold0.5_validated_v2.mat,role_only,2,uniform_without_replacement,uniform_remaining_nonlinks,176,0,176,407,198,198,176,22,0,22,0.111111111111,138,60,0.5,0.846153846154,0.733333333333,0.785714285714,22,4,8,56,0.733333333333,0.933333333333,0.0666666666667,0.266666666667,0.846153846154,0.733333333333,0.785714285714,0.866666666667,0.57037037037,0.689655172414,0.693375245282,0.666666666667,99,69,30,0,99,0,69,0,30,23,99,0.195652173913,2.18974518502,8.60869565217,6.6,4.5,4.59979377438,0.534319478842,0.291611769873,4.28989068105,0.996641269334,0.541062801932,2.91445898002,0.677096530713,0.355731225296,1.07629584498,0.491516479791,2.88826011686,2.18974518502,1.07629584498,2.88826011686,0.351612638569,0.458912768647,121,0.0683229813665,0.291765337837,23,23,23,1,0,0.347826086957,0.608695652174,0.0434782608696,23,0.136363636364,2.06681719161,6,4.6,3.28571428571,3.61813613493,0.603022689156,0.335223692502,3.41121146169,1.13707048723,0.594833018273,2.39317210565,0.797724035217,0.414618777568,0.954868123359,0.461999313357,2.6712769659,2.06681719161,0.954868123359,2.6712769659,0.362942348657,0.43648960739,63,0.0355731225296,0.195651517794,23,23,23,1,0,0.347826086957,0.565217391304,0.0869565217391,23,95,0.187747035573,2.44817739606,8.26086956522,5.9375,4.13043478261,4.47434496277,0.541631232335,0.30114416476,4.4954962091,1.08838329273,0.577574370709,2.54601913558,0.616404632824,0.30938215103,1.16315786645,0.475111757965,3.17162044088,2.44817739606,1.16315786645,3.17162044088,0.385594839943,0.46875,120,0.0677583286279,0.222580913561,23,23,23,1,0,0.304347826087,0.695652173913,0,-4,-0.00790513833992,0.25843221104,-0.347826086957,-0.6625,-0.369565217391,-0.125448811609,0.00731175349332,0.00953239488709,0.20560552805,0.0917420233946,0.036511568777,-0.368439844445,-0.0606918978883,-0.0463490742667,0.0868620214707,-0.0164047218264,0.283360324017,0.25843221104,0.0868620214707,0.283360324017,0.0339822013735,0.00983723135272,-1,-0.000564652738566,-0.0691844242758,-0.0434782608696,0.0869565217391,-0.0434782608696,91,4,8,403,0.919191919192,0.990171990172,0.00982800982801,0.0808080808081,0.957894736842,0.919191919192,0.938144329897,0.923782652253,0.909363909364,0.883495145631,26,30,0,23,23,23,1,0,8,0,0.0386050732335,0,0,1,3.88826011686,0,16,NaN,1,ok,2.18974518502,0,23,23,23,1,0,8,0,0.0249989253,0,0,1,3.6712769659,0,16,NaN,1,ok,2.06681719161,0,23,23,23,1,0,7,0,0.0147400552374,0,0,1,4.17162044088,0,16,NaN,1,ok,2.44817739606,0,0,0,0
683,WLNM_dir_neg,0.967777777778,0.603440945717,00:00:00,10,70,83,510967929,fixed,validated_v2,/gpfs/scratch/acw792/wlnm_roleonly_v2_20260910/result_wlnm_dir_neg_roleonly_trophicv2_100x290_train10-90_Apocrita_20260910_011848/ecological_snapshots/Broadstone_Stream_tax_mass_K10_ratio0.7_exp83_seed510967929_threshold0.5_validated_v2.mat,role_only,2,uniform_without_replacement,uniform_remaining_nonlinks,176,0,176,407,198,198,176,22,0,22,0.111111111111,138,60,0.5,0.8125,0.866666666667,0.838709677419,26,6,4,54,0.866666666667,0.9,0.1,0.133333333333,0.8125,0.866666666667,0.838709677419,0.888888888889,0.548148148148,0.754098360656,0.755011988943,0.766666666667,99,69,30,0,99,0,69,0,30,23,99,0.195652173913,2.18974518502,8.60869565217,6.6,4.5,4.59979377438,0.534319478842,0.291611769873,4.28989068105,0.996641269334,0.541062801932,2.91445898002,0.677096530713,0.355731225296,1.07629584498,0.491516479791,2.88826011686,2.18974518502,1.07629584498,2.88826011686,0.351612638569,0.458912768647,121,0.0683229813665,0.291765337837,23,23,23,1,0,0.347826086957,0.608695652174,0.0434782608696,23,0.136363636364,2.27347653834,6,4.6,3.28571428571,3.87298334621,0.645497224368,0.349716446125,3.35748823866,1.11916274622,0.589792060491,1.90692517849,0.635641726164,0.350346565848,1.19328347704,0.524871691841,3.30996758509,2.27347653834,1.19328347704,3.30996758509,0.357752525253,0.391304347826,51,0.0287972896669,0.144755694041,23,23,23,1,0,0.347826086957,0.565217391304,0.0869565217391,23,101,0.199604743083,2.94756420494,8.78260869565,6.3125,4.80952380952,4.8237718337,0.549241347401,0.302625914765,4.34573072038,0.989621847216,0.53809728799,2.79185716024,0.635769452331,0.346965131296,1.51442583027,0.513788920267,3.89745701729,2.94756420494,1.51442583027,3.89745701729,0.392433576524,0.48,128,0.0722755505364,0.222462633363,23,23,23,1,0,0.304347826087,0.608695652174,0.0869565217391,2,0.00395256916996,0.757819019914,0.173913043478,-0.2875,0.309523809524,0.223978059319,0.0149218685592,0.0110141448928,0.0558400393347,-0.00701942211852,-0.0029655139427,-0.122601819788,-0.0413270783817,-0.0087660940007,0.438129985291,0.0222724404762,1.00919690044,0.757819019914,0.438129985291,1.00919690044,0.0408209379553,0.0210872313527,7,0.00395256916996,-0.0693027044734,-0.0434782608696,0,0.0434782608696,95,6,4,401,0.959595959596,0.985257985258,0.014742014742,0.040404040404,0.940594059406,0.959595959596,0.95,0.937759093116,0.944853944854,0.904761904762,32,30,0,23,23,23,1,0,8,0,0.0386050732335,0,0,1,3.88826011686,0,16,NaN,1,ok,2.18974518502,0,23,23,23,1,0,8,0,0.0268688807887,0,0,1,4.30996758509,0,16,NaN,1,ok,2.27347653834,0,23,23,23,1,0,7,0,0.0260355139697,0,0,1,4.89745701729,0,16,NaN,1,ok,2.94756420494,0,0,0,0
684,WLNM_dir_neg,0.901388888889,0.504605122912,00:00:00,10,70,84,510967930,fixed,validated_v2,/gpfs/scratch/acw792/wlnm_roleonly_v2_20260910/result_wlnm_dir_neg_roleonly_trophicv2_100x290_train10-90_Apocrita_20260910_011848/ecological_snapshots/Broadstone_Stream_tax_mass_K10_ratio0.7_exp84_seed510967930_threshold0.5_validated_v2.mat,role_only,2,uniform_without_replacement,uniform_remaining_nonlinks,176,0,176,407,198,198,176,22,0,22,0.111111111111,138,60,0.5,0.818181818182,0.6,0.692307692308,18,4,12,56,0.6,0.933333333333,0.0666666666667,0.4,0.818181818182,0.6,0.692307692308,0.822222222222,0.585185185185,0.571428571429,0.585017939302,0.533333333333,99,69,30,0,99,0,69,0,30,23,99,0.195652173913,2.18974518502,8.60869565217,6.6,4.5,4.59979377438,0.534319478842,0.291611769873,4.28989068105,0.996641269334,0.541062801932,2.91445898002,0.677096530713,0.355731225296,1.07629584498,0.491516479791,2.88826011686,2.18974518502,1.07629584498,2.88826011686,0.351612638569,0.458912768647,121,0.0683229813665,0.291765337837,23,23,23,1,0,0.347826086957,0.608695652174,0.0434782608696,23,0.136363636364,2.22140283449,6,4.92857142857,3.13636363636,3.65563077507,0.609271795845,0.337744171393,3.27525155175,1.09175051725,0.582230623819,2.06705763653,0.689019212176,0.360428481411,1.20755545189,0.543600392122,3.45668273187,2.22140283449,1.20755545189,3.45668273187,0.32569854388,0.332547169811,47,0.0265386787126,0.165018132051,23,23,23,1,0,0.391304347826,0.565217391304,0.0434782608696,23,91,0.179841897233,2.19758802199,7.91304347826,6.5,4.13636363636,4.68957299353,0.592638345336,0.328236980411,4.33252247405,1.09503315278,0.582895365504,2.32532032729,0.58771832448,0.307692307692,1.1334731951,0.515780566583,3.03504003896,2.19758802199,1.1334731951,3.03504003896,0.462650151781,0.454031117397,107,0.0604178430265,0.216245048079,23,23,23,1,0,0.391304347826,0.565217391304,0.0434782608696,-8,-0.0158102766798,0.00784283696853,-0.695652173913,-0.1,-0.363636363636,0.0897792191544,0.0583188664946,0.0366252105383,0.0426317930021,0.0983918834475,0.0418325635717,-0.589138652735,-0.089378206233,-0.0480389176041,0.0571773501164,0.0242640867917,0.146779922104,0.00784283696853,0.0571773501164,0.146779922104,0.111037513211,-0.00488165124983,-14,-0.00790513833992,-0.0755202897576,0.0434782608696,-0.0434782608696,0,87,4,12,403,0.878787878788,0.990171990172,0.00982800982801,0.121212121212,0.956043956044,0.878787878788,0.915789473684,0.897572994433,0.86895986896,0.844660194175,22,30,0,23,23,23,1,0,8,0,0.0386050732335,0,0,1,3.88826011686,0,16,NaN,1,ok,2.18974518502,0,23,23,23,1,0,9,0,0.0458242453026,0,0,1,4.45668273187,0,16,NaN,1,ok,2.22140283449,0,23,23,23,1,0,9,0,0.0488782498604,0,0,1,4.03504003896,0,16,NaN,1,ok,2.19758802199,0,0,0,0
685,WLNM_dir_neg,0.898888888889,0.693805649883,00:00:00,10,70,85,510967931,fixed,validated_v2,/gpfs/scratch/acw792/wlnm_roleonly_v2_20260910/result_wlnm_dir_neg_roleonly_trophicv2_100x290_train10-90_Apocrita_20260910_011848/ecological_snapshots/Broadstone_Stream_tax_mass_K10_ratio0.7_exp85_seed510967931_threshold0.5_validated_v2.mat,role_only,2,uniform_without_replacement,uniform_remaining_nonlinks,176,0,176,407,198,198,176,22,0,22,0.111111111111,138,60,0.5,0.75,0.9,0.818181818182,27,9,3,51,0.9,0.85,0.15,0.1,0.75,0.9,0.818181818182,0.866666666667,0.533333333333,0.714285714286,0.721687836487,0.75,99,69,30,0,99,0,69,0,30,23,99,0.195652173913,2.18974518502,8.60869565217,6.6,4.5,4.59979377438,0.534319478842,0.291611769873,4.28989068105,0.996641269334,0.541062801932,2.91445898002,0.677096530713,0.355731225296,1.07629584498,0.491516479791,2.88826011686,2.18974518502,1.07629584498,2.88826011686,0.351612638569,0.458912768647,121,0.0683229813665,0.291765337837,23,23,23,1,0,0.347826086957,0.608695652174,0.0434782608696,23,0.136363636364,2.12024242424,6,4.6,3.28571428571,3.70503343133,0.617505571888,0.336483931947,3.39786028928,1.13262009643,0.589792060491,2.17422922602,0.724743075339,0.391934467549,1.01658004978,0.479464064184,2.84787878788,2.12024242424,1.01658004978,2.84787878788,0.336452700738,0.457142857143,64,0.0361377752682,0.162720612721,23,23,23,1,0,0.347826086957,0.565217391304,0.0869565217391,23,105,0.207509881423,5.49143042014,9.13043478261,5.83333333333,4.77272727273,5.10173186126,0.558761108614,0.304761904762,4.33617014674,0.949827746429,0.515942028986,3.07225245998,0.672969586472,0.359420289855,2.61247781674,0.475737215419,8.12929151552,5.49143042014,2.61247781674,8.12929151552,0.396106550454,0.486390532544,137,0.0773574251835,0.219873039268,23,23,23,1,0,0.217391304348,0.739130434783,0.0434782608696,6,0.0118577075099,3.30168523511,0.521739130435,-0.766666666667,0.272727272727,0.501938086882,0.0244416297723,0.0131501348893,0.0462794656954,-0.0468135229049,-0.0251207729469,0.157793479958,-0.00412694424049,0.00368906455863,1.53618197176,-0.0157792643726,5.24103139867,3.30168523511,1.53618197176,5.24103139867,0.0444939118852,0.0274777638971,16,0.00903444381705,-0.0718922985684,-0.130434782609,0.130434782609,0,96,9,3,398,0.969696969697,0.977886977887,0.022113022113,0.030303030303,0.914285714286,0.969696969697,0.941176470588,0.926969961567,0.947583947584,0.888888888889,36,30,0,23,23,23,1,0,8,0,0.0386050732335,0,0,1,3.88826011686,0,16,NaN,1,ok,2.18974518502,0,23,23,23,1,0,8,0,0.0341756069092,0,0,1,3.84787878788,0,16,NaN,1,ok,2.12024242424,0,23,23,23,1,0,5,0,0.00987682106127,0,0,1,9.12929151552,0,16,NaN,1,ok,5.49143042014,0,0,0,0
686,WLNM_dir_neg,0.908611111111,0.853389329748,00:00:00,10,70,86,510967932,fixed,validated_v2,/gpfs/scratch/acw792/wlnm_roleonly_v2_20260910/result_wlnm_dir_neg_roleonly_trophicv2_100x290_train10-90_Apocrita_20260910_011848/ecological_snapshots/Broadstone_Stream_tax_mass_K10_ratio0.7_exp86_seed510967932_threshold0.5_validated_v2.mat,role_only,2,uniform_without_replacement,uniform_remaining_nonlinks,176,0,176,407,198,198,176,22,0,22,0.111111111111,138,60,0.5,0.92,0.766666666667,0.836363636364,23,2,7,58,0.766666666667,0.966666666667,0.0333333333333,0.233333333333,0.92,0.766666666667,0.836363636364,0.9,0.574074074074,0.765217391304,0.77181105699,0.733333333333,99,69,30,0,99,0,69,0,30,23,99,0.195652173913,2.18974518502,8.60869565217,6.6,4.5,4.59979377438,0.534319478842,0.291611769873,4.28989068105,0.996641269334,0.541062801932,2.91445898002,0.677096530713,0.355731225296,1.07629584498,0.491516479791,2.88826011686,2.18974518502,1.07629584498,2.88826011686,0.351612638569,0.458912768647,121,0.0683229813665,0.291765337837,23,23,23,1,0,0.347826086957,0.608695652174,0.0434782608696,23,0.136363636364,2.1035070275,6,4.92857142857,3.13636363636,3.31662479036,0.552770798393,0.297416509137,3.06000594176,1.02000198059,0.550724637681,1.88293774338,0.627645914461,0.340264650284,1.07770642741,0.512337925816,2.74297734628,2.1035070275,1.07770642741,2.74297734628,0.212255673619,0.288607594937,38,0.0214568040655,0.181601060722,23,23,23,1,0,0.391304347826,0.565217391304,0.0434782608696,23,94,0.185770750988,4.18699454878,8.17391304348,5.875,4.27272727273,4.42772436845,0.541689683375,0.297872340426,4.08893232873,1.00048344214,0.542090656799,2.60965068157,0.638531549747,0.343200740056,2.35070461446,0.561430063277,6.12512198459,4.18699454878,2.35070461446,6.12512198459,0.328855235673,0.416208791209,101,0.0570299265951,0.215374370999,23,23,23,1,0,0.304347826087,0.652173913043,0.0434782608696,-5,-0.0098814229249,1.99724936375,-0.434782608696,-0.725,-0.227272727273,-0.172069405923,0.00737020453294,0.00626057055289,-0.200958352317,0.00384217280184,0.00102785486689,-0.30480829845,-0.0385649809658,-0.0125304852409,1.27440876948,0.0699135834862,3.23686186773,1.99724936375,1.27440876948,3.23686186773,-0.0227574028957,-0.0427039774385,-20,-0.0112930547713,-0.0763909668374,-0.0434782608696,0.0434782608696,0,92,2,7,405,0.929292929293,0.995085995086,0.004914004914,0.0707070707071,0.978723404255,0.929292929293,0.953367875648,0.942871051909,0.924378924379,0.910891089109,25,30,0,23,23,23,1,0,8,0,0.0386050732335,0,0,1,3.88826011686,0,16,NaN,1,ok,2.18974518502,0,23,23,23,1,0,9,0,0.053417117571,0,0,1,3.74297734628,0,16,NaN,1,ok,2.1035070275,0,23,23,23,1,0,7,0,0.0196388331906,0,0,1,7.12512198459,0,16,NaN,1,ok,4.18699454878,0,0,0,0
687,WLNM_dir_neg,0.928888888889,0.779911092036,00:00:00,10,70,87,510967933,fixed,validated_v2,/gpfs/scratch/acw792/wlnm_roleonly_v2_20260910/result_wlnm_dir_neg_roleonly_trophicv2_100x290_train10-90_Apocrita_20260910_011848/ecological_snapshots/Broadstone_Stream_tax_mass_K10_ratio0.7_exp87_seed510967933_threshold0.5_validated_v2.mat,role_only,2,uniform_without_replacement,uniform_remaining_nonlinks,176,0,176,407,198,198,176,22,0,22,0.111111111111,138,60,0.5,0.866666666667,0.866666666667,0.866666666667,26,4,4,56,0.866666666667,0.933333333333,0.0666666666667,0.133333333333,0.866666666667,0.866666666667,0.866666666667,0.911111111111,0.555555555556,0.8,0.8,0.8,99,69,30,0,99,0,69,0,30,23,99,0.195652173913,2.18974518502,8.60869565217,6.6,4.5,4.59979377438,0.534319478842,0.291611769873,4.28989068105,0.996641269334,0.541062801932,2.91445898002,0.677096530713,0.355731225296,1.07629584498,0.491516479791,2.88826011686,2.18974518502,1.07629584498,2.88826011686,0.351612638569,0.458912768647,121,0.0683229813665,0.291765337837,23,23,23,1,0,0.347826086957,0.608695652174,0.0434782608696,23,0.136363636364,2.15037343292,6,4.6,3.45,3.43775825476,0.572959709127,0.31190926276,3.04511531354,1.01503843785,0.54820415879,2.39317210565,0.797724035217,0.422180214241,1.04714941142,0.486961657632,2.91411042945,2.15037343292,1.04714941142,2.91411042945,0.262245834973,0.318396226415,45,0.0254093732355,0.181738156024,23,23,23,1,0,0.347826086957,0.521739130435,0.130434782609,23,99,0.195652173913,2.19001906841,8.60869565217,6.6,4.5,4.47964213703,0.520362470464,0.283267457181,4.19344491286,0.974234676724,0.530522617479,3.06645757436,0.712409335457,0.376811594203,1.05236553381,0.480528023242,2.85002411099,2.19001906841,1.05236553381,2.85002411099,0.350135371875,0.45297029703,122,0.068887634105,0.295549192482,23,23,23,1,0,0.347826086957,0.608695652174,0.0434782608696,0,0,0.000273883385498,0,0,0,-0.120151637343,-0.0139570083783,-0.00834431269214,-0.0964457681917,-0.0224065926102,-0.0105401844532,0.151998594333,0.0353128047441,0.0210803689065,-0.0239303111774,-0.0109884565491,-0.0382360058646,0.000273883385498,-0.0239303111774,-0.0382360058646,-0.00147726669466,-0.00594247161758,1,0.000564652738566,0.0037838546452,0,0,0,95,4,4,403,0.959595959596,0.990171990172,0.00982800982801,0.040404040404,0.959595959596,0.959595959596,0.959595959596,0.949767949768,0.949767949768,0.922330097087,30,30,0,23,23,23,1,0,8,0,0.0386050732335,0,0,1,3.88826011686,0,16,NaN,1,ok,2.18974518502,0,23,23,23,1,0,8,0,0.0273072443101,0,0,1,3.91411042945,0,16,NaN,1,ok,2.15037343292,0,23,23,23,1,0,8,0,0.0363183675381,0,0,1,3.85002411099,0,16,NaN,1,ok,2.19001906841,0,0,0,0
688,WLNM_dir_neg,0.943333333333,0.895704433304,00:00:00,10,70,88,510967934,fixed,validated_v2,/gpfs/scratch/acw792/wlnm_roleonly_v2_20260910/result_wlnm_dir_neg_roleonly_trophicv2_100x290_train10-90_Apocrita_20260910_011848/ecological_snapshots/Broadstone_Stream_tax_mass_K10_ratio0.7_exp88_seed510967934_threshold0.5_validated_v2.mat,role_only,2,uniform_without_replacement,uniform_remaining_nonlinks,176,0,176,407,198,198,176,22,0,22,0.111111111111,138,60,0.5,0.954545454545,0.7,0.807692307692,21,1,9,59,0.7,0.983333333333,0.0166666666667,0.3,0.954545454545,0.7,0.807692307692,0.888888888889,0.585185185185,0.732142857143,0.74955423473,0.683333333333,99,69,30,0,99,0,69,0,30,23,99,0.195652173913,2.18974518502,8.60869565217,6.6,4.5,4.59979377438,0.534319478842,0.291611769873,4.28989068105,0.996641269334,0.541062801932,2.91445898002,0.677096530713,0.355731225296,1.07629584498,0.491516479791,2.88826011686,2.18974518502,1.07629584498,2.88826011686,0.351612638569,0.458912768647,121,0.0683229813665,0.291765337837,23,23,23,1,0,0.347826086957,0.608695652174,0.0434782608696,23,0.136363636364,2.12870239299,6,4.6,3.13636363636,3.07482445914,0.512470743191,0.280403276623,3,1,0.533081285444,1.90692517849,0.635641726164,0.297416509137,1.05945831265,0.497701471161,2.9503875969,2.12870239299,1.05945831265,2.9503875969,0.231231570362,0.283464566929,36,0.0203274985884,0.185245283817,23,23,23,1,0,0.347826086957,0.608695652174,0.0434782608696,23,91,0.179841897233,2.15640008654,7.91304347826,6.06666666667,4.13636363636,4.35799206765,0.550735261296,0.300525561395,4.13937040524,1.04621449803,0.560917343526,2.40223874503,0.60715924325,0.320114667941,1.07019347774,0.496287068631,2.90698079001,2.15640008654,1.07019347774,2.90698079001,0.322221498308,0.44427480916,97,0.0547713156409,0.248509559224,23,23,23,1,0,0.347826086957,0.608695652174,0.0434782608696,-8,-0.0158102766798,-0.0333450984849,-0.695652173913,-0.533333333333,-0.363636363636,-0.241801706732,0.0164157824541,0.00891379152249,-0.150520275807,0.0495732286935,0.0198545415937,-0.51222023499,-0.0699372874624,-0.0356165573557,-0.00610236723844,0.00477058883986,0.0187206731508,-0.0333450984849,-0.00610236723844,0.0187206731508,-0.0293911402607,-0.014637959487,-24,-0.0135516657256,-0.0432557786129,0,0,0,90,1,9,406,0.909090909091,0.997542997543,0.002457002457,0.0909090909091,0.989010989011,0.909090909091,0.947368421053,0.936487563466,0.906633906634,0.9,22,30,0,23,23,23,1,0,8,0,0.0386050732335,0,0,1,3.88826011686,0,16,NaN,1,ok,2.18974518502,0,23,23,23,1,0,8,0,0.0315551637466,0,0,1,3.9503875969,0,16,NaN,1,ok,2.12870239299,0,23,23,23,1,0,8,0,0.0395135414309,0,0,1,3.90698079001,0,16,NaN,1,ok,2.15640008654,0,0,0,0
689,WLNM_dir_neg,0.824444444444,0.658603107334,00:00:00,10,70,89,510967935,fixed,validated_v2,/gpfs/scratch/acw792/wlnm_roleonly_v2_20260910/result_wlnm_dir_neg_roleonly_trophicv2_100x290_train10-90_Apocrita_20260910_011848/ecological_snapshots/Broadstone_Stream_tax_mass_K10_ratio0.7_exp89_seed510967935_threshold0.5_validated_v2.mat,role_only,2,uniform_without_replacement,uniform_remaining_nonlinks,176,0,176,407,198,198,176,22,0,22,0.111111111111,138,60,0.5,0.84,0.7,0.763636363636,21,4,9,56,0.7,0.933333333333,0.0666666666667,0.3,0.84,0.7,0.763636363636,0.855555555556,0.574074074074,0.660869565217,0.666564094673,0.633333333333,99,69,30,0,99,0,69,0,30,23,99,0.195652173913,2.18974518502,8.60869565217,6.6,4.5,4.59979377438,0.534319478842,0.291611769873,4.28989068105,0.996641269334,0.541062801932,2.91445898002,0.677096530713,0.355731225296,1.07629584498,0.491516479791,2.88826011686,2.18974518502,1.07629584498,2.88826011686,0.351612638569,0.458912768647,121,0.0683229813665,0.291765337837,23,23,23,1,0,0.347826086957,0.608695652174,0.0434782608696,23,0.136363636364,1.95804399958,6,5.30769230769,3.28571428571,3.72948936305,0.621581560508,0.338374291115,3.35748823866,1.11916274622,0.588531821046,2.17422922602,0.724743075339,0.391934467549,0.9560086289,0.488246754978,2.55035971223,1.95804399958,0.9560086289,2.55035971223,0.327653154926,0.423173803526,56,0.0316205533597,0.187508040393,23,23,23,1,0,0.434782608696,0.478260869565,0.0869565217391,23,94,0.185770750988,1.94908696053,8.17391304348,7.23076923077,4.27272727273,4.62849056402,0.566251505172,0.310360777058,4.57178146577,1.11862737992,0.59204440333,2.35319982303,0.575782935423,0.308973172988,0.930326338846,0.477313920664,2.39285488776,1.94908696053,0.930326338846,2.39285488776,0.40696815262,0.461852861035,113,0.0638057594579,0.252813026118,23,23,23,1,0,0.434782608696,0.521739130435,0.0434782608696,-5,-0.0098814229249,-0.240658224497,-0.434782608696,0.630769230769,-0.227272727273,0.028696789639,0.0319320263304,0.0187490071856,0.281890784722,0.121986110588,0.0509816013979,-0.561259156993,-0.10131359529,-0.0467580523085,-0.145969506138,-0.0142025591268,-0.495405229103,-0.240658224497,-0.145969506138,-0.495405229103,0.0553555140512,0.00294009238814,-8,-0.00451722190853,-0.0389523117191,0.0869565217391,-0.0869565217391,0,90,4,9,403,0.909090909091,0.990171990172,0.00982800982801,0.0909090909091,0.957446808511,0.909090909091,0.932642487047,0.91725258269,0.899262899263,0.873786407767,25,30,0,23,23,23,1,0,8,0,0.0386050732335,0,0,1,3.88826011686,0,16,NaN,1,ok,2.18974518502,0,23,23,23,1,0,10,0,0.0604396355619,0,0,1,3.55035971223,0,16,NaN,1,ok,1.95804399958,0,23,23,23,1,0,10,0,0.0674017405194,0,0,1,3.39285488776,0,16,NaN,1,ok,1.94908696053,0,0,0,0
690,WLNM_dir_neg,0.838888888889,0.669400885065,00:00:00,10,70,90,510967936,fixed,validated_v2,/gpfs/scratch/acw792/wlnm_roleonly_v2_20260910/result_wlnm_dir_neg_roleonly_trophicv2_100x290_train10-90_Apocrita_20260910_011848/ecological_snapshots/Broadstone_Stream_tax_mass_K10_ratio0.7_exp90_seed510967936_threshold0.5_validated_v2.mat,role_only,2,uniform_without_replacement,uniform_remaining_nonlinks,176,0,176,407,198,198,176,22,0,22,0.111111111111,138,60,0.5,0.826086956522,0.633333333333,0.716981132075,19,4,11,56,0.633333333333,0.933333333333,0.0666666666667,0.366666666667,0.826086956522,0.633333333333,0.716981132075,0.833333333333,0.581481481481,0.601769911504,0.612438663181,0.566666666667,99,69,30,0,99,0,69,0,30,23,99,0.195652173913,2.18974518502,8.60869565217,6.6,4.5,4.59979377438,0.534319478842,0.291611769873,4.28989068105,0.996641269334,0.541062801932,2.91445898002,0.677096530713,0.355731225296,1.07629584498,0.491516479791,2.88826011686,2.18974518502,1.07629584498,2.88826011686,0.351612638569,0.458912768647,121,0.0683229813665,0.291765337837,23,23,23,1,0,0.347826086957,0.608695652174,0.0434782608696,23,0.136363636364,2.1484631769,6,4.92857142857,3.28571428571,3.74165738677,0.623609564462,0.332703213611,3.31662479036,1.10554159679,0.586011342155,1.97714210645,0.659047368816,0.356647763075,1.09425790204,0.509321227288,2.81876913094,2.1484631769,1.09425790204,2.81876913094,0.292085450781,0.410447761194,55,0.0310559006211,0.152895212236,23,23,23,1,0,0.391304347826,0.521739130435,0.0869565217391,23,92,0.181818181818,4.51039233196,8,6.13333333333,4.18181818182,4.90824908607,0.613531135759,0.329395085066,4.28528136342,1.07132034085,0.570888468809,2.46797672009,0.616994180023,0.331758034026,3.27262016325,0.725573281077,7.81309503095,4.51039233196,3.27262016325,7.81309503095,0.469955406912,0.478915662651,106,0.059853190288,0.205999497701,23,23,23,1,0,0.347826086957,0.608695652174,0.0434782608696,-7,-0.0138339920949,2.32064714694,-0.608695652174,-0.466666666667,-0.318181818182,0.308455311693,0.079211656917,0.0377833151935,-0.00460931763172,0.0746790715197,0.0298256668767,-0.446482259934,-0.0601023506901,-0.02397319127,2.19632431826,0.234056801285,4.92483491409,2.32064714694,2.19632431826,4.92483491409,0.118342768343,0.0200028940033,-15,-0.00846979107849,-0.0857658401356,0,0,0,88,4,11,403,0.888888888889,0.990171990172,0.00982800982801,0.111111111111,0.95652173913,0.888888888889,0.921465968586,0.904148301341,0.879060879061,0.854368932039,23,30,0,23,23,23,1,0,8,0,0.0386050732335,0,0,1,3.88826011686,0,16,NaN,1,ok,2.18974518502,0,23,23,23,1,0,9,0,0.0367520576112,0,0,1,3.81876913094,0,16,NaN,1,ok,2.1484631769,0,23,23,23,1,0,8,0,0.0131250669666,0,0,1,8.81309503095,0,16,NaN,1,ok,4.51039233196,0,0,0,0
691,WLNM_dir_neg,0.900555555556,0.836998329051,00:00:00,10,70,91,510967937,fixed,validated_v2,/gpfs/scratch/acw792/wlnm_roleonly_v2_20260910/result_wlnm_dir_neg_roleonly_trophicv2_100x290_train10-90_Apocrita_20260910_011848/ecological_snapshots/Broadstone_Stream_tax_mass_K10_ratio0.7_exp91_seed510967937_threshold0.5_validated_v2.mat,role_only,2,uniform_without_replacement,uniform_remaining_nonlinks,176,0,176,407,198,198,176,22,0,22,0.111111111111,138,60,0.5,0.869565217391,0.666666666667,0.754716981132,20,3,10,57,0.666666666667,0.95,0.05,0.333333333333,0.869565217391,0.666666666667,0.754716981132,0.855555555556,0.581481481481,0.654867256637,0.666477368755,0.616666666667,99,69,30,0,99,0,69,0,30,23,99,0.195652173913,2.18974518502,8.60869565217,6.6,4.5,4.59979377438,0.534319478842,0.291611769873,4.28989068105,0.996641269334,0.541062801932,2.91445898002,0.677096530713,0.355731225296,1.07629584498,0.491516479791,2.88826011686,2.18974518502,1.07629584498,2.88826011686,0.351612638569,0.458912768647,121,0.0683229813665,0.291765337837,23,23,23,1,0,0.347826086957,0.608695652174,0.0434782608696,23,0.136363636364,2.0101526473,6,5.30769230769,3.28571428571,3.43775825476,0.572959709127,0.308758664146,3.19089614087,1.06363204696,0.567107750473,2.29624198915,0.765413996383,0.412098298677,1.00973331333,0.502316734349,2.65297482952,2.05606867672,1.00861903327,2.65297482952,0.295011337868,0.366233766234,47,0.0265386787126,0.204837576953,23,22,22,0.95652173913,0,0.391304347826,0.521739130435,0.0434782608696,23,92,0.181818181818,5.17193918081,8,6.13333333333,4.38095238095,4.85236587094,0.606545733867,0.331285444234,4.06761042204,1.01690260551,0.551039697543,2.79610118168,0.69902529542,0.384688090737,3.47701012677,0.672283645498,9.28817485898,5.36157277994,3.43493932092,9.28817485898,0.404117839832,0.507288629738,116,0.0654997176736,0.235086857587,23,22,22,0.95652173913,0,0.304347826087,0.608695652174,0.0434782608696,-7,-0.0138339920949,2.98219399579,-0.608695652174,-0.466666666667,-0.119047619048,0.252572096562,0.0722262550256,0.0396736743618,-0.222280259011,0.0202613361748,0.00997689561017,-0.118357798346,0.0219287647068,0.0289568654408,2.40071428179,0.180767165707,6.39991474213,3.17182759491,2.35864347593,6.39991474213,0.052505201263,0.0483758610903,-5,-0.00282326369283,-0.0566784802499,-0.0434782608696,0,0,89,3,10,404,0.89898989899,0.992628992629,0.00737100737101,0.10101010101,0.967391304348,0.89898989899,0.931937172775,0.917064705646,0.891618891619,0.872549019608,23,30,0,23,23,23,1,0,8,0,0.0386050732335,0,0,1,3.88826011686,0,16,NaN,1,ok,2.18974518502,0,23,22,22,0.95652173913,0,9,0,0.0788953010482,0,0,1,3.65297482952,0,16,NaN,1,ok,2.05606867672,0,23,22,22,0.95652173913,0,7,0,0.0127176398004,0,0,1,10.288174859,0,16,NaN,1,ok,5.36157277994,0,0,0,0
692,WLNM_dir_neg,0.830555555556,0.668203150716,00:00:00,10,70,92,510967938,fixed,validated_v2,/gpfs/scratch/acw792/wlnm_roleonly_v2_20260910/result_wlnm_dir_neg_roleonly_trophicv2_100x290_train10-90_Apocrita_20260910_011848/ecological_snapshots/Broadstone_Stream_tax_mass_K10_ratio0.7_exp92_seed510967938_threshold0.5_validated_v2.mat,role_only,2,uniform_without_replacement,uniform_remaining_nonlinks,176,0,176,407,198,198,176,22,0,22,0.111111111111,138,60,0.5,0.689655172414,0.666666666667,0.677966101695,20,9,10,51,0.666666666667,0.85,0.15,0.333333333333,0.689655172414,0.666666666667,0.677966101695,0.788888888889,0.559259259259,0.521008403361,0.521174045333,0.516666666667,99,69,30,0,99,0,69,0,30,23,99,0.195652173913,2.18974518502,8.60869565217,6.6,4.5,4.59979377438,0.534319478842,0.291611769873,4.28989068105,0.996641269334,0.541062801932,2.91445898002,0.677096530713,0.355731225296,1.07629584498,0.491516479791,2.88826011686,2.18974518502,1.07629584498,2.88826011686,0.351612638569,0.458912768647,121,0.0683229813665,0.291765337837,23,23,23,1,0,0.347826086957,0.608695652174,0.0434782608696,23,0.136363636364,2.17504923496,6,4.6,3.28571428571,3.47719845435,0.579533075724,0.320100819156,3.21926021993,1.07308673998,0.5734089477,1.90692517849,0.635641726164,0.350346565848,1.07593607108,0.494672053297,2.98780487805,2.22846056383,1.06959146169,2.98780487805,0.264380821199,0.327272727273,42,0.0237154150198,0.148552690696,23,22,22,0.95652173913,0,0.304347826087,0.608695652174,0.0434782608696,23,98,0.193675889328,1,8.52173913043,4.9,4.45454545455,5.04407451839,0.591906703688,0.318988464951,4.23424772007,0.993752015935,0.523513753327,2.92663926566,0.686864317451,0.367346938776,0,0,0,74.4592652001,30.3348679862,92.2653169996,0.384263463809,0.426877470356,108,0.0609824957651,0.189796784743,23,23,23,1,0,0.130434782609,0.826086956522,0.0434782608696,-1,-0.00197628458498,-1.18974518502,-0.0869565217391,-1.7,-0.0454545454545,0.444280744009,0.0575872248464,0.0273766950786,-0.0556429609746,-0.00288925339878,-0.0175490486049,0.0121802856358,0.00976778673813,0.0116157134791,-1.07629584498,-0.491516479791,-2.88826011686,72.269520015,29.2585721413,89.3770568827,0.0326508252398,-0.0320352982916,-13,-0.00734048560136,-0.101968553094,-0.217391304348,0.217391304348,0,89,9,10,398,0.89898989899,0.977886977887,0.022113022113,0.10101010101,0.908163265306,0.89898989899,0.903553299492,0.880258648046,0.876876876877,0.824074074074,29,30,0,23,23,23,1,0,8,0,0.0386050732335,0,0,1,3.88826011686,0,16,NaN,1,ok,2.18974518502,0,23,22,22,0.95652173913,0,7,0,0.0240755420576,0,0,1,3.98780487805,0,16,NaN,1,ok,2.22846056383,0,23,23,23,1,0,3,0,0.000389607951896,0,0,1,93.2653169996,1,16,NaN,1,ok,NaN,3,0,0,0
693,WLNM_dir_neg,0.891111111111,0.799841995448,00:00:00,10,70,93,510967939,fixed,validated_v2,/gpfs/scratch/acw792/wlnm_roleonly_v2_20260910/result_wlnm_dir_neg_roleonly_trophicv2_100x290_train10-90_Apocrita_20260910_011848/ecological_snapshots/Broadstone_Stream_tax_mass_K10_ratio0.7_exp93_seed510967939_threshold0.5_validated_v2.mat,role_only,2,uniform_without_replacement,uniform_remaining_nonlinks,176,0,176,407,198,198,176,22,0,22,0.111111111111,138,60,0.5,0.724137931034,0.7,0.71186440678,21,8,9,52,0.7,0.866666666667,0.133333333333,0.3,0.724137931034,0.7,0.71186440678,0.811111111111,0.559259259259,0.571428571429,0.571610243268,0.566666666667,99,69,30,0,99,0,69,0,30,23,99,0.195652173913,2.18974518502,8.60869565217,6.6,4.5,4.59979377438,0.534319478842,0.291611769873,4.28989068105,0.996641269334,0.541062801932,2.91445898002,0.677096530713,0.355731225296,1.07629584498,0.491516479791,2.88826011686,2.18974518502,1.07629584498,2.88826011686,0.351612638569,0.458912768647,121,0.0683229813665,0.291765337837,23,23,23,1,0,0.347826086957,0.608695652174,0.0434782608696,23,0.136363636364,2.11426651306,6,4.92857142857,3.13636363636,3.51619629197,0.586032715328,0.31884057971,3.14787085331,1.04929028444,0.563327032136,2.25630429927,0.75210143309,0.390674228103,1.08340046482,0.512423792428,2.87007168459,2.11426651306,1.08340046482,2.87007168459,0.319056776557,0.383886255924,54,0.0304912478826,0.194430142507,23,23,23,1,0,0.391304347826,0.565217391304,0.0434782608696,23,98,0.193675889328,2.4871169777,8.52173913043,5.15789473684,4.45454545455,4.48096545215,0.525827578569,0.287488908607,4.11446883023,0.96564064383,0.516415261757,3.27826716012,0.769389231457,0.378881987578,0.991717794671,0.398741918278,3.1941276773,2.4871169777,0.991717794671,3.1941276773,0.508159473377,0.458279845956,119,0.0671936758893,0.265119794367,23,23,23,1,0,0.173913043478,0.782608695652,0.0434782608696,-1,-0.00197628458498,0.29737179268,-0.0869565217391,-1.44210526316,-0.0454545454545,-0.118828322223,-0.00849190027267,-0.00412286126572,-0.175421850816,-0.0310006255045,-0.0246475401755,0.363808180096,0.092292700744,0.0231507622812,-0.0845780503126,-0.0927745615137,0.305867560446,0.29737179268,-0.0845780503126,0.305867560446,0.156546834808,-0.000632922690928,-2,-0.00112930547713,-0.0266455434695,-0.173913043478,0.173913043478,0,90,8,9,399,0.909090909091,0.980343980344,0.019656019656,0.0909090909091,0.918367346939,0.909090909091,0.913705583756,0.892865091947,0.889434889435,0.841121495327,29,30,0,23,23,23,1,0,8,0,0.0386050732335,0,0,1,3.88826011686,0,16,NaN,1,ok,2.18974518502,0,23,23,23,1,0,9,0,0.0364240641348,0,0,1,3.87007168459,0,16,NaN,1,ok,2.11426651306,0,23,23,23,1,0,4,0,0.00878268512398,0,0,1,4.1941276773,0,16,NaN,1,ok,2.4871169777,0,0,0,0
694,WLNM_dir_neg,0.9275,0.667696395392,00:00:00,10,70,94,510967940,fixed,validated_v2,/gpfs/scratch/acw792/wlnm_roleonly_v2_20260910/result_wlnm_dir_neg_roleonly_trophicv2_100x290_train10-90_Apocrita_20260910_011848/ecological_snapshots/Broadstone_Stream_tax_mass_K10_ratio0.7_exp94_seed510967940_threshold0.5_validated_v2.mat,role_only,2,uniform_without_replacement,uniform_remaining_nonlinks,176,0,176,407,198,198,176,22,0,22,0.111111111111,138,60,0.5,0.888888888889,0.8,0.842105263158,24,3,6,57,0.8,0.95,0.05,0.2,0.888888888889,0.8,0.842105263158,0.9,0.566666666667,0.769230769231,0.77151674981,0.75,99,69,30,0,99,0,69,0,30,23,99,0.195652173913,2.18974518502,8.60869565217,6.6,4.5,4.59979377438,0.534319478842,0.291611769873,4.28989068105,0.996641269334,0.541062801932,2.91445898002,0.677096530713,0.355731225296,1.07629584498,0.491516479791,2.88826011686,2.18974518502,1.07629584498,2.88826011686,0.351612638569,0.458912768647,121,0.0683229813665,0.291765337837,23,23,23,1,0,0.347826086957,0.608695652174,0.0434782608696,23,0.136363636364,2.22539791013,6,4.6,3.13636363636,3.66804381851,0.611340636419,0.332073093888,3.27525155175,1.09175051725,0.574669187146,2,0.666666666667,0.362948960302,1.14627918841,0.515089541154,3.27327410378,2.22539791013,1.14627918841,3.27327410378,0.332564935065,0.37984496124,49,0.0276679841897,0.159153465582,23,23,23,1,0,0.347826086957,0.608695652174,0.0434782608696,23,96,0.189723320158,2.19851077198,8.34782608696,6.4,4.36363636364,4.77311310317,0.571779173817,0.312952898551,4.48889715058,1.07546494233,0.57518115942,2.62249315647,0.628305652071,0.336956521739,1.06931368149,0.486380915261,2.82234393176,2.19851077198,1.06931368149,2.82234393176,0.429201233549,0.496062992126,126,0.0711462450593,0.228170346616,23,23,23,1,0,0.347826086957,0.608695652174,0.0434782608696,-3,-0.00592885375494,0.00876558695513,-0.260869565217,-0.2,-0.136363636364,0.173319328793,0.0374596949754,0.0213411286781,0.19900646953,0.0788236729915,0.0341183574879,-0.291965823555,-0.0487908786418,-0.0187747035573,-0.00698216349745,-0.0051355645307,-0.0659161851013,0.00876558695513,-0.00698216349745,-0.0659161851013,0.0775885949799,0.0371502234787,5,0.00282326369283,-0.063594991221,0,0,0,93,3,6,404,0.939393939394,0.992628992629,0.00737100737101,0.0606060606061,0.96875,0.939393939394,0.953846153846,0.943004695331,0.932022932023,0.911764705882,27,30,0,23,23,23,1,0,8,0,0.0386050732335,0,0,1,3.88826011686,0,16,NaN,1,ok,2.18974518502,0,23,23,23,1,0,8,0,0.0408678206608,0,0,1,4.27327410378,0,16,NaN,1,ok,2.22539791013,0,23,23,23,1,0,8,0,0.037026136374,0,0,1,3.82234393176,0,16,NaN,1,ok,2.19851077198,0,0,0,0
695,WLNM_dir_neg,0.843888888889,0.574574378864,00:00:00,10,70,95,510967941,fixed,validated_v2,/gpfs/scratch/acw792/wlnm_roleonly_v2_20260910/result_wlnm_dir_neg_roleonly_trophicv2_100x290_train10-90_Apocrita_20260910_011848/ecological_snapshots/Broadstone_Stream_tax_mass_K10_ratio0.7_exp95_seed510967941_threshold0.5_validated_v2.mat,role_only,2,uniform_without_replacement,uniform_remaining_nonlinks,176,0,176,407,198,198,176,22,0,22,0.111111111111,138,60,0.5,0.814814814815,0.733333333333,0.771929824561,22,5,8,55,0.733333333333,0.916666666667,0.0833333333333,0.266666666667,0.814814814815,0.733333333333,0.771929824561,0.855555555556,0.566666666667,0.666666666667,0.668647849836,0.65,99,69,30,0,99,0,69,0,30,23,99,0.195652173913,2.18974518502,8.60869565217,6.6,4.5,4.59979377438,0.534319478842,0.291611769873,4.28989068105,0.996641269334,0.541062801932,2.91445898002,0.677096530713,0.355731225296,1.07629584498,0.491516479791,2.88826011686,2.18974518502,1.07629584498,2.88826011686,0.351612638569,0.458912768647,121,0.0683229813665,0.291765337837,23,23,23,1,0,0.347826086957,0.608695652174,0.0434782608696,23,0.136363636364,2.1233398574,6,4.92857142857,3.28571428571,3.24737656354,0.541229427257,0.291115311909,3.2891004573,1.0963668191,0.580970384373,1.85864075457,0.61954691819,0.327662255829,1.12308365012,0.528923170829,3.31028938907,2.1233398574,1.12308365012,3.31028938907,0.212987012987,0.23661971831,28,0.0158102766798,0.158321684421,23,23,23,1,0,0.391304347826,0.521739130435,0.0869565217391,23,96,0.189723320158,2.3941034172,8.34782608696,6.4,4.36363636364,4.70597971301,0.563737153121,0.312952898551,4.53924477011,1.08752739284,0.577898550725,2.4430266979,0.585308479705,0.308876811594,1.21172957186,0.506130839278,3.69174514591,2.3941034172,1.21172957186,3.69174514591,0.348802646629,0.404539385848,101,0.0570299265951,0.213034644112,23,23,23,1,0,0.347826086957,0.608695652174,0.0434782608696,-3,-0.00592885375494,0.204358232171,-0.260869565217,-0.2,-0.136363636364,0.106185938636,0.0294176742795,0.0213411286781,0.249354089066,0.0908861235055,0.0368357487923,-0.471432282127,-0.0917880510081,-0.0468544137022,0.13543372688,0.0146143594867,0.80348502905,0.204358232171,0.13543372688,0.80348502905,-0.00280999194043,-0.0543733827995,-20,-0.0112930547713,-0.0787306937252,0,0,0,91,5,8,402,0.919191919192,0.987714987715,0.012285012285,0.0808080808081,0.947916666667,0.919191919192,0.933333333333,0.917592735176,0.906906906907,0.875,27,30,0,23,23,23,1,0,8,0,0.0386050732335,0,0,1,3.88826011686,0,16,NaN,1,ok,2.18974518502,0,23,23,23,1,0,9,0,0.044767812048,0,0,1,4.31028938907,0,16,NaN,1,ok,2.1233398574,0,23,23,23,1,0,8,0,0.0386794166976,0,0,1,4.69174514591,0,16,NaN,1,ok,2.3941034172,0,0,0,0
696,WLNM_dir_neg,0.978888888889,0.914209665818,00:00:00,10,70,96,510967942,fixed,validated_v2,/gpfs/scratch/acw792/wlnm_roleonly_v2_20260910/result_wlnm_dir_neg_roleonly_trophicv2_100x290_train10-90_Apocrita_20260910_011848/ecological_snapshots/Broadstone_Stream_tax_mass_K10_ratio0.7_exp96_seed510967942_threshold0.5_validated_v2.mat,role_only,2,uniform_without_replacement,uniform_remaining_nonlinks,176,0,176,407,198,198,176,22,0,22,0.111111111111,138,60,0.5,0.888888888889,0.8,0.842105263158,24,3,6,57,0.8,0.95,0.05,0.2,0.888888888889,0.8,0.842105263158,0.9,0.566666666667,0.769230769231,0.77151674981,0.75,99,69,30,0,99,0,69,0,30,23,99,0.195652173913,2.18974518502,8.60869565217,6.6,4.5,4.59979377438,0.534319478842,0.291611769873,4.28989068105,0.996641269334,0.541062801932,2.91445898002,0.677096530713,0.355731225296,1.07629584498,0.491516479791,2.88826011686,2.18974518502,1.07629584498,2.88826011686,0.351612638569,0.458912768647,121,0.0683229813665,0.291765337837,23,23,23,1,0,0.347826086957,0.608695652174,0.0434782608696,23,0.136363636364,2.23955734951,6,4.6,3.45,3.30289129538,0.550481882563,0.301197227473,3.01511344578,1.00503781526,0.544423440454,2.11057941204,0.703526470681,0.378071833648,1.17917451882,0.526521242725,3.19665657496,2.23955734951,1.17917451882,3.19665657496,0.265692640693,0.313672922252,39,0.0220214568041,0.179242080671,23,23,23,1,0,0.347826086957,0.521739130435,0.130434782609,23,96,0.189723320158,2.23822346664,8.34782608696,6.4,4.36363636364,4.39636932492,0.526648408715,0.290307971014,4.22817577162,1.01300044528,0.545289855072,2.85485509763,0.683975700474,0.357789855072,1.12267955639,0.501594042381,2.95001077354,2.23822346664,1.12267955639,2.95001077354,0.310801034714,0.389344262295,95,0.0536420101637,0.273543999164,23,23,23,1,0,0.347826086957,0.608695652174,0.0434782608696,-3,-0.00592885375494,0.0484782816193,-0.260869565217,-0.2,-0.136363636364,-0.203424449456,-0.00767107012729,-0.00130379885815,-0.0617149094253,0.0163591759502,0.0042270531401,-0.0596038823954,0.00687916976088,0.00205862977602,0.0463837114017,0.0100775625893,0.0617506566824,0.0484782816193,0.0463837114017,0.0617506566824,-0.0408116038551,-0.0695685063522,-26,-0.0146809712027,-0.0182213386725,0,0,0,93,3,6,404,0.939393939394,0.992628992629,0.00737100737101,0.0606060606061,0.96875,0.939393939394,0.953846153846,0.943004695331,0.932022932023,0.911764705882,27,30,0,23,23,23,1,0,8,0,0.0386050732335,0,0,1,3.88826011686,0,16,NaN,1,ok,2.18974518502,0,23,23,23,1,0,8,0,0.0252564771318,0,0,1,4.19665657496,0,16,NaN,1,ok,2.23955734951,0,23,23,23,1,0,8,0,0.0388371598578,0,0,1,3.95001077354,0,16,NaN,1,ok,2.23822346664,0,0,0,0
697,WLNM_dir_neg,0.960833333333,0.885499713847,00:00:00,10,70,97,510967943,fixed,validated_v2,/gpfs/scratch/acw792/wlnm_roleonly_v2_20260910/result_wlnm_dir_neg_roleonly_trophicv2_100x290_train10-90_Apocrita_20260910_011848/ecological_snapshots/Broadstone_Stream_tax_mass_K10_ratio0.7_exp97_seed510967943_threshold0.5_validated_v2.mat,role_only,2,uniform_without_replacement,uniform_remaining_nonlinks,176,0,176,407,198,198,176,22,0,22,0.111111111111,138,60,0.5,0.84375,0.9,0.870967741935,27,5,3,55,0.9,0.916666666667,0.0833333333333,0.1,0.84375,0.9,0.870967741935,0.911111111111,0.548148148148,0.803278688525,0.804251901266,0.816666666667,99,69,30,0,99,0,69,0,30,23,99,0.195652173913,2.18974518502,8.60869565217,6.6,4.5,4.59979377438,0.534319478842,0.291611769873,4.28989068105,0.996641269334,0.541062801932,2.91445898002,0.677096530713,0.355731225296,1.07629584498,0.491516479791,2.88826011686,2.18974518502,1.07629584498,2.88826011686,0.351612638569,0.458912768647,121,0.0683229813665,0.291765337837,23,23,23,1,0,0.347826086957,0.608695652174,0.0434782608696,23,0.136363636364,2.08506638662,6,4.6,3.28571428571,3.38445644891,0.564076074818,0.313169502205,3.26134383903,1.08711461301,0.575929426591,2,0.666666666667,0.35790800252,1.00438354258,0.481703387969,2.71878371751,2.08506638662,1.00438354258,2.71878371751,0.277948314312,0.348484848485,46,0.025974025974,0.179443532658,23,23,23,1,0,0.347826086957,0.565217391304,0.0869565217391,23,101,0.199604743083,3.54074774726,8.78260869565,5.94117647059,4.59090909091,4.41028263101,0.50216089363,0.275505811451,4.38736958299,0.999103964442,0.539819199311,2.79185716024,0.635769452331,0.344382264313,1.85102147598,0.522776997433,5.29521586931,3.54074774726,1.85102147598,5.29521586931,0.343434826044,0.447595561036,121,0.0683229813665,0.212606656968,23,23,23,1,0,0.260869565217,0.695652173913,0.0434782608696,2,0.00395256916996,1.35100256223,0.173913043478,-0.658823529412,0.0909090909091,-0.189511143369,-0.0321585852121,-0.0161059584219,0.0974789019384,0.00246269510806,-0.00124360262113,-0.122601819788,-0.0413270783817,-0.0113489609831,0.774725630994,0.0312605176416,2.40695575245,1.35100256223,0.774725630994,2.40695575245,-0.00817781252564,-0.0113172076115,0,0,-0.0791586808692,-0.0869565217391,0.0869565217391,0,96,5,3,402,0.969696969697,0.987714987715,0.012285012285,0.030303030303,0.950495049505,0.969696969697,0.96,0.95022280831,0.957411957412,0.923076923077,32,30,0,23,23,23,1,0,8,0,0.0386050732335,0,0,1,3.88826011686,0,16,NaN,1,ok,2.18974518502,0,23,23,23,1,0,8,0,0.0221086183863,0,0,1,3.71878371751,0,16,NaN,1,ok,2.08506638662,0,23,23,23,1,0,6,0,0.0155730832209,0,0,1,6.29521586931,0,16,NaN,1,ok,3.54074774726,0,0,0,0
698,WLNM_dir_neg,0.891666666667,0.58772396213,00:00:00,10,70,98,510967944,fixed,validated_v2,/gpfs/scratch/acw792/wlnm_roleonly_v2_20260910/result_wlnm_dir_neg_roleonly_trophicv2_100x290_train10-90_Apocrita_20260910_011848/ecological_snapshots/Broadstone_Stream_tax_mass_K10_ratio0.7_exp98_seed510967944_threshold0.5_validated_v2.mat,role_only,2,uniform_without_replacement,uniform_remaining_nonlinks,176,0,176,407,198,198,176,22,0,22,0.111111111111,138,60,0.5,0.833333333333,0.666666666667,0.740740740741,20,4,10,56,0.666666666667,0.933333333333,0.0666666666667,0.333333333333,0.833333333333,0.666666666667,0.740740740741,0.844444444444,0.577777777778,0.631578947368,0.639602149067,0.6,99,69,30,0,99,0,69,0,30,23,99,0.195652173913,2.18974518502,8.60869565217,6.6,4.5,4.59979377438,0.534319478842,0.291611769873,4.28989068105,0.996641269334,0.541062801932,2.91445898002,0.677096530713,0.355731225296,1.07629584498,0.491516479791,2.88826011686,2.18974518502,1.07629584498,2.88826011686,0.351612638569,0.458912768647,121,0.0683229813665,0.291765337837,23,23,23,1,0,0.347826086957,0.608695652174,0.0434782608696,23,0.136363636364,2.21841239479,6,4.6,3.28571428571,3.30289129538,0.550481882563,0.30056710775,3.24737656354,1.08245885451,0.564587271582,2.13200716356,0.710669054519,0.352867044739,1.1150512386,0.502634785679,3.03808967621,2.21841239479,1.1150512386,3.03808967621,0.296541381324,0.393203883495,54,0.0304912478826,0.175364903537,23,23,23,1,0,0.347826086957,0.565217391304,0.0869565217391,23,93,0.183794466403,1,8.08695652174,5.47058823529,4.22727272727,4.64085653809,0.57386935686,0.314165497896,4.16127450832,1.02913240528,0.551659654044,2.51320622584,0.621545625745,0.323515661524,0,0,0,NaN,NaN,NaN,0.374485900573,0.461538461538,102,0.0575945793337,0.183046804095,23,23,0,1,7,0.260869565217,0.695652173913,0.0434782608696,-6,-0.0118577075099,-1.18974518502,-0.521739130435,-1.12941176471,-0.272727272727,0.0410627637109,0.0395498780186,0.0225537280236,-0.128616172727,0.0324911359493,0.0105968521116,-0.401252754185,-0.0555509049676,-0.0322155637724,-1.07629584498,-0.491516479791,-2.88826011686,NaN,NaN,NaN,0.0228732620037,0.00262569289118,-19,-0.0107284020327,-0.108718533742,-0.0869565217391,0.0869565217391,0,89,4,10,403,0.89898989899,0.990171990172,0.00982800982801,0.10101010101,0.956989247312,0.89898989899,0.927083333333,0.910707979258,0.889161889162,0.864077669903,24,30,0,23,23,23,1,0,8,0,0.0386050732335,0,0,1,3.88826011686,0,16,NaN,1,ok,2.18974518502,0,23,23,23,1,0,8,0,0.0208625350966,0,0,1,4.03808967621,0,16,NaN,1,ok,2.21841239479,0,23,23,0,1,7,6,2,NaN,NaN,NaN,NaN,NaN,0,0,NaN,0,basal_unreachable_in_lcc,NaN,2,0,0,0
699,WLNM_dir_neg,0.8975,0.780696511597,00:00:00,10,70,99,510967945,fixed,validated_v2,/gpfs/scratch/acw792/wlnm_roleonly_v2_20260910/result_wlnm_dir_neg_roleonly_trophicv2_100x290_train10-90_Apocrita_20260910_011848/ecological_snapshots/Broadstone_Stream_tax_mass_K10_ratio0.7_exp99_seed510967945_threshold0.5_validated_v2.mat,role_only,2,uniform_without_replacement,uniform_remaining_nonlinks,176,0,176,407,198,198,176,22,0,22,0.111111111111,138,60,0.5,0.771428571429,0.9,0.830769230769,27,8,3,52,0.9,0.866666666667,0.133333333333,0.1,0.771428571429,0.9,0.830769230769,0.877777777778,0.537037037037,0.736,0.741357126903,0.766666666667,99,69,30,0,99,0,69,0,30,23,99,0.195652173913,2.18974518502,8.60869565217,6.6,4.5,4.59979377438,0.534319478842,0.291611769873,4.28989068105,0.996641269334,0.541062801932,2.91445898002,0.677096530713,0.355731225296,1.07629584498,0.491516479791,2.88826011686,2.18974518502,1.07629584498,2.88826011686,0.351612638569,0.458912768647,121,0.0683229813665,0.291765337837,23,23,23,1,0,0.347826086957,0.608695652174,0.0434782608696,23,0.136363636364,2.16957808938,6,4.6,3.28571428571,3.37099931232,0.561833218719,0.312539382483,2.9541957835,0.984731927835,0.531821045999,2.21564683763,0.738548945876,0.395715185885,1.06049529295,0.488802545592,2.87245726292,2.16957808938,1.06049529295,2.87245726292,0.306613756614,0.358851674641,50,0.0282326369283,0.191840513983,23,23,23,1,0,0.347826086957,0.565217391304,0.0869565217391,23,104,0.205533596838,3.86431788114,9.04347826087,6.5,4.72727272727,4.82868569422,0.533941206573,0.295986622074,4.27327386967,0.945050951947,0.516722408027,2.88994440364,0.639122320036,0.344481605351,2.19250701,0.567372322216,5.8833239312,3.86431788114,2.19250701,5.8833239312,0.475958341176,0.491103202847,138,0.0779220779221,0.25181446141,23,23,23,1,0,0.304347826087,0.652173913043,0.0434782608696,5,0.0098814229249,1.67457269611,0.434782608696,-0.1,0.227272727273,0.228891919846,-0.000378272269016,0.00437485220094,-0.0166168113757,-0.0515903173876,-0.0243403939056,-0.0245145763851,-0.0379742106771,-0.0112496199453,1.11621116502,0.0758558424246,2.99506381434,1.67457269611,1.11621116502,2.99506381434,0.124345702607,0.0321904341997,17,0.00959909655562,-0.0399508764267,-0.0434782608696,0.0434782608696,0,96,8,3,399,0.969696969697,0.980343980344,0.019656019656,0.030303030303,0.923076923077,0.969696969697,0.945812807882,0.93266876174,0.950040950041,0.897196261682,35,30,0,23,23,23,1,0,8,0,0.0386050732335,0,0,1,3.88826011686,0,16,NaN,1,ok,2.18974518502,0,23,23,23,1,0,8,0,0.0296717987889,0,0,1,3.87245726292,0,16,NaN,1,ok,2.16957808938,0,23,23,23,1,0,7,0,0.0254246231671,0,0,1,6.8833239312,0,16,NaN,1,ok,3.86431788114,0,0,0,0
700,WLNM_dir_neg,0.941666666667,0.814066265208,00:00:00,10,70,100,510967946,fixed,validated_v2,/gpfs/scratch/acw792/wlnm_roleonly_v2_20260910/result_wlnm_dir_neg_roleonly_trophicv2_100x290_train10-90_Apocrita_20260910_011848/ecological_snapshots/Broadstone_Stream_tax_mass_K10_ratio0.7_exp100_seed510967946_threshold0.5_validated_v2.mat,role_only,2,uniform_without_replacement,uniform_remaining_nonlinks,176,0,176,407,198,198,176,22,0,22,0.111111111111,138,60,0.5,0.774193548387,0.8,0.786885245902,24,7,6,53,0.8,0.883333333333,0.116666666667,0.2,0.774193548387,0.8,0.786885245902,0.855555555556,0.551851851852,0.677685950413,0.677894337372,0.683333333333,99,69,30,0,99,0,69,0,30,23,99,0.195652173913,2.18974518502,8.60869565217,6.6,4.5,4.59979377438,0.534319478842,0.291611769873,4.28989068105,0.996641269334,0.541062801932,2.91445898002,0.677096530713,0.355731225296,1.07629584498,0.491516479791,2.88826011686,2.18974518502,1.07629584498,2.88826011686,0.351612638569,0.458912768647,121,0.0683229813665,0.291765337837,23,23,23,1,0,0.347826086957,0.608695652174,0.0434782608696,23,0.136363636364,2.03949374394,6,4.92857142857,3.13636363636,3.21926021993,0.536543369989,0.297416509137,3.31662479036,1.10554159679,0.587271581601,1.93061459833,0.643538199442,0.337744171393,0.976272842337,0.478683911259,2.52730760551,2.03949374394,0.976272842337,2.52730760551,0.321773636991,0.367346938776,54,0.0304912478826,0.153777114217,23,23,23,1,0,0.391304347826,0.565217391304,0.0434782608696,23,100,0.197628458498,3.74986439643,8.69565217391,6.66666666667,4.54545454545,4.91227389125,0.564911497493,0.313043478261,4.41699914228,1.01590980272,0.548695652174,2.55144692732,0.586832793283,0.324347826087,2.46122468502,0.656350316924,6.22824844361,3.74986439643,2.46122468502,6.22824844361,0.399274155796,0.489171974522,128,0.0722755505364,0.216641289772,23,23,23,1,0,0.347826086957,0.608695652174,0.0434782608696,1,0.00197628458498,1.56011921141,0.0869565217391,0.0666666666667,0.0454545454545,0.312480116868,0.0305920186514,0.0214317083882,0.127108461235,0.0192685333908,0.00763285024155,-0.363012052706,-0.0902637374294,-0.0313833992095,1.38492884004,0.164833837133,3.33998832675,1.56011921141,1.38492884004,3.33998832675,0.0476615172267,0.030259205875,7,0.00395256916996,-0.0751240480652,0,0,0,93,7,6,400,0.939393939394,0.982800982801,0.017199017199,0.0606060606061,0.93,0.939393939394,0.934673366834,0.918701682405,0.922194922195,0.877358490566,31,30,0,23,23,23,1,0,8,0,0.0386050732335,0,0,1,3.88826011686,0,16,NaN,1,ok,2.18974518502,0,23,23,23,1,0,9,0,0.0371913880763,0,0,1,3.52730760551,0,16,NaN,1,ok,2.03949374394,0,23,23,23,1,0,8,0,0.0260259118957,0,0,1,7.22824844361,0,16,NaN,1,ok,3.74986439643,0,0,0,0
701,WLNM_dir_neg,0.973125,0.884951849728,00:00:01,10,80,1,511885147,fixed,validated_v2,/gpfs/scratch/acw792/wlnm_roleonly_v2_20260910/result_wlnm_dir_neg_roleonly_trophicv2_100x290_train10-90_Apocrita_20260910_011848/ecological_snapshots/Broadstone_Stream_tax_mass_K10_ratio0.8_exp1_seed511885147_threshold0.5_validated_v2.mat,role_only,2,uniform_without_replacement,uniform_remaining_nonlinks,176,0,176,407,198,198,176,22,0,22,0.111111111111,158,40,0.5,0.857142857143,0.9,0.878048780488,18,3,2,37,0.9,0.925,0.075,0.1,0.857142857143,0.9,0.878048780488,0.916666666667,0.55,0.814814814815,0.815374248327,0.825,99,79,20,0,99,0,79,0,20,23,99,0.195652173913,2.18974518502,8.60869565217,6.6,4.5,4.59979377438,0.534319478842,0.291611769873,4.28989068105,0.996641269334,0.541062801932,2.91445898002,0.677096530713,0.355731225296,1.07629584498,0.491516479791,2.88826011686,2.18974518502,1.07629584498,2.88826011686,0.351612638569,0.458912768647,121,0.0683229813665,0.291765337837,23,23,23,1,0,0.347826086957,0.608695652174,0.0434782608696,23,0.156126482213,2.18014937186,6.86956521739,5.26666666667,3.7619047619,3.74535285176,0.545209592345,0.299394606494,3.57804018165,1.04170790099,0.560264171712,2.53746629098,0.738756008767,0.386351128233,1.0872249091,0.498692852487,3.0101997827,2.18014937186,1.0872249091,3.0101997827,0.282244523154,0.375745526839,63,0.0355731225296,0.218221742465,23,23,23,1,0,0.347826086957,0.565217391304,0.0869565217391,23,100,0.197628458498,5.23883130708,8.69565217391,6.25,4.54545454545,4.74279149302,0.545421021697,0.299565217391,4.35481651479,1.0016077984,0.54347826087,2.77339135441,0.637880011515,0.342608695652,3.37518960475,0.644263845678,8.57573554495,5.23883130708,3.37518960475,8.57573554495,0.369030003813,0.473484848485,125,0.0705815923207,0.227562649088,23,23,23,1,0,0.304347826087,0.652173913043,0.0434782608696,1,0.00197628458498,3.04908612205,0.0869565217391,-0.35,0.0454545454545,0.142997718641,0.0111015428553,0.00795344751866,0.0649258337408,0.00496652906703,0.0024154589372,-0.14106762561,-0.0392165191973,-0.0131225296443,2.29889375977,0.152747365887,5.6874754281,3.04908612205,2.29889375977,5.6874754281,0.0174173652435,0.0145720798376,4,0.00225861095426,-0.0642026887484,-0.0434782608696,0.0434782608696,0,97,3,2,404,0.979797979798,0.992628992629,0.00737100737101,0.020202020202,0.97,0.979797979798,0.974874371859,0.968743455514,0.972426972427,0.950980392157,21,20,0,23,23,23,1,0,8,0,0.0386050732335,0,0,1,3.88826011686,0,16,NaN,1,ok,2.18974518502,0,23,23,23,1,0,8,0,0.0203436012548,0,0,1,4.0101997827,0,16,NaN,1,ok,2.18014937186,0,23,23,23,1,0,7,0,0.00990132310185,0,0,1,9.57573554495,0,16,NaN,1,ok,5.23883130708,0,0,0,0
702,WLNM_dir_neg,1,0.6,00:00:00,10,80,2,511885148,fixed,validated_v2,/gpfs/scratch/acw792/wlnm_roleonly_v2_20260910/result_wlnm_dir_neg_roleonly_trophicv2_100x290_train10-90_Apocrita_20260910_011848/ecological_snapshots/Broadstone_Stream_tax_mass_K10_ratio0.8_exp2_seed511885148_threshold0.5_validated_v2.mat,role_only,2,uniform_without_replacement,uniform_remaining_nonlinks,176,0,176,407,198,198,176,22,0,22,0.111111111111,158,40,0.5,1,1,1,20,0,0,40,1,1,0,0,1,1,1,1,0.555555555556,1,1,1,99,79,20,0,99,0,79,0,20,23,99,0.195652173913,2.18974518502,8.60869565217,6.6,4.5,4.59979377438,0.534319478842,0.291611769873,4.28989068105,0.996641269334,0.541062801932,2.91445898002,0.677096530713,0.355731225296,1.07629584498,0.491516479791,2.88826011686,2.18974518502,1.07629584498,2.88826011686,0.351612638569,0.458912768647,121,0.0683229813665,0.291765337837,23,23,23,1,0,0.347826086957,0.608695652174,0.0434782608696,23,0.156126482213,2.23669807915,6.86956521739,5.26666666667,3.7619047619,3.94627958078,0.574458419986,0.312052834342,3.56531379413,1.03800275019,0.558062740782,2.44626035477,0.712202381769,0.380847550908,1.11492952321,0.4984711766,2.84172407702,2.23669807915,1.11492952321,2.84172407702,0.302380952381,0.352250489237,60,0.0338791643139,0.199560862418,23,23,23,1,0,0.347826086957,0.565217391304,0.0869565217391,23,99,0.195652173913,2.18974518502,8.60869565217,6.6,4.5,4.59979377438,0.534319478842,0.291611769873,4.28989068105,0.996641269334,0.541062801932,2.91445898002,0.677096530713,0.355731225296,1.07629584498,0.491516479791,2.88826011686,2.18974518502,1.07629584498,2.88826011686,0.351612638569,0.458912768647,121,0.0683229813665,0.291765337837,23,23,23,1,0,0.347826086957,0.608695652174,0.0434782608696,0,0,0,0,0,0,0,0,0,0,0,0,0,0,0,0,0,0,0,0,0,0,0,0,0,0,0,0,0,99,0,0,407,1,1,0,0,1,1,1,1,1,1,20,20,0,23,23,23,1,0,8,0,0.0386050732335,0,0,1,3.88826011686,0,16,NaN,1,ok,2.18974518502,0,23,23,23,1,0,8,0,0.0345636365926,0,0,1,3.84172407702,0,16,NaN,1,ok,2.23669807915,0,23,23,23,1,0,8,0,0.0386050732335,0,0,1,3.88826011686,0,16,NaN,1,ok,2.18974518502,0,0,0,0
703,WLNM_dir_neg,0.97625,0.604589174799,00:00:00,10,80,3,511885149,fixed,validated_v2,/gpfs/scratch/acw792/wlnm_roleonly_v2_20260910/result_wlnm_dir_neg_roleonly_trophicv2_100x290_train10-90_Apocrita_20260910_011848/ecological_snapshots/Broadstone_Stream_tax_mass_K10_ratio0.8_exp3_seed511885149_threshold0.5_validated_v2.mat,role_only,2,uniform_without_replacement,uniform_remaining_nonlinks,176,0,176,407,198,198,176,22,0,22,0.111111111111,158,40,0.5,0.888888888889,0.8,0.842105263158,16,2,4,38,0.8,0.95,0.05,0.2,0.888888888889,0.8,0.842105263158,0.9,0.566666666667,0.769230769231,0.77151674981,0.75,99,79,20,0,99,0,79,0,20,23,99,0.195652173913,2.18974518502,8.60869565217,6.6,4.5,4.59979377438,0.534319478842,0.291611769873,4.28989068105,0.996641269334,0.541062801932,2.91445898002,0.677096530713,0.355731225296,1.07629584498,0.491516479791,2.88826011686,2.18974518502,1.07629584498,2.88826011686,0.351612638569,0.458912768647,121,0.0683229813665,0.291765337837,23,23,23,1,0,0.347826086957,0.608695652174,0.0434782608696,23,0.156126482213,2.17978431548,6.86956521739,5.26666666667,3.7619047619,3.76954720968,0.54873155584,0.297743533297,3.43545798133,1.00019662748,0.542652724271,2.50138301666,0.728250751687,0.396257567419,1.06387950444,0.488066409545,2.77479548796,2.17978431548,1.06387950444,2.77479548796,0.283966999184,0.367704280156,63,0.0355731225296,0.213878387408,23,23,23,1,0,0.347826086957,0.565217391304,0.0869565217391,23,97,0.191699604743,2.1761099383,8.4347826087,6.46666666667,4.40909090909,4.51085646934,0.534792261829,0.293142088749,4.14461887423,0.982744681519,0.533393097266,2.95352673225,0.700320771564,0.366651725684,1.0525290551,0.483674577548,2.7873646588,2.1761099383,1.0525290551,2.7873646588,0.355982182069,0.428005284016,108,0.0609824957651,0.291361702208,23,23,23,1,0,0.347826086957,0.608695652174,0.0434782608696,-2,-0.00395256916996,-0.0136352467259,-0.173913043478,-0.133333333333,-0.0909090909091,-0.0889373050404,0.000472782986789,0.0015303188768,-0.145271806814,-0.013896587815,-0.00766970466657,0.0390677522234,0.0232242408512,0.0109205003871,-0.0237667898786,-0.00784190224329,-0.100895458059,-0.0136352467259,-0.0237667898786,-0.100895458059,0.00436954349998,-0.0309074846314,-13,-0.00734048560136,-0.0004036356292,0,0,0,95,2,4,405,0.959595959596,0.995085995086,0.004914004914,0.040404040404,0.979381443299,0.959595959596,0.969387755102,0.962112804111,0.954681954682,0.940594059406,18,20,0,23,23,23,1,0,8,0,0.0386050732335,0,0,1,3.88826011686,0,16,NaN,1,ok,2.18974518502,0,23,23,23,1,0,8,0,0.0352938923981,0,0,1,3.77479548796,0,16,NaN,1,ok,2.17978431548,0,23,23,23,1,0,8,0,0.0383849803533,0,0,1,3.7873646588,0,16,NaN,1,ok,2.1761099383,0,0,0,0
704,WLNM_dir_neg,0.90375,0.622822221993,00:00:00,10,80,4,511885150,fixed,validated_v2,/gpfs/scratch/acw792/wlnm_roleonly_v2_20260910/result_wlnm_dir_neg_roleonly_trophicv2_100x290_train10-90_Apocrita_20260910_011848/ecological_snapshots/Broadstone_Stream_tax_mass_K10_ratio0.8_exp4_seed511885150_threshold0.5_validated_v2.mat,role_only,2,uniform_without_replacement,uniform_remaining_nonlinks,176,0,176,407,198,198,176,22,0,22,0.111111111111,158,40,0.5,0.714285714286,0.75,0.731707317073,15,6,5,34,0.75,0.85,0.15,0.25,0.714285714286,0.75,0.731707317073,0.816666666667,0.55,0.592592592593,0.592999453329,0.6,99,79,20,0,99,0,79,0,20,23,99,0.195652173913,2.18974518502,8.60869565217,6.6,4.5,4.59979377438,0.534319478842,0.291611769873,4.28989068105,0.996641269334,0.541062801932,2.91445898002,0.677096530713,0.355731225296,1.07629584498,0.491516479791,2.88826011686,2.18974518502,1.07629584498,2.88826011686,0.351612638569,0.458912768647,121,0.0683229813665,0.291765337837,23,23,23,1,0,0.347826086957,0.608695652174,0.0434782608696,23,0.156126482213,2.20262005249,6.86956521739,5.26666666667,3.7619047619,4.19203083596,0.61023233688,0.335718216841,3.56531379413,1.03800275019,0.556962025316,2.46477155417,0.717591718302,0.387451843698,1.09120262633,0.495411192276,2.81849629368,2.20262005249,1.09120262633,2.81849629368,0.355411255411,0.426944971537,75,0.0423489553924,0.204413258699,23,23,23,1,0,0.347826086957,0.565217391304,0.0869565217391,23,100,0.197628458498,5.35187636336,8.69565217391,5.55555555556,4.54545454545,5.23480296242,0.602002340678,0.330434782609,4.25984096643,0.979763422279,0.528695652174,3.06903442992,0.705877918881,0.380869565217,2.50925416711,0.468855032656,7.58670140095,5.35187636336,2.50925416711,7.58670140095,0.454158275587,0.499396863691,138,0.0779220779221,0.2100909075,23,23,23,1,0,0.217391304348,0.739130434783,0.0434782608696,1,0.00197628458498,3.16213117834,0.0869565217391,-1.04444444444,0.0454545454545,0.63500918804,0.0676828618362,0.0388230127361,-0.0300497146157,-0.0168778470549,-0.0123671497585,0.154575449893,0.0287813881682,0.0251383399209,1.43295832213,-0.0226614471356,4.69844128409,3.16213117834,1.43295832213,4.69844128409,0.102545637018,0.0404840950439,17,0.00959909655562,-0.0816744303372,-0.130434782609,0.130434782609,0,94,6,5,401,0.949494949495,0.985257985258,0.014742014742,0.0505050505051,0.94,0.949494949495,0.94472361809,0.931212125682,0.934752934753,0.895238095238,21,20,0,23,23,23,1,0,8,0,0.0386050732335,0,0,1,3.88826011686,0,16,NaN,1,ok,2.18974518502,0,23,23,23,1,0,8,0,0.0272253614079,0,0,1,3.81849629368,0,16,NaN,1,ok,2.20262005249,0,23,23,23,1,0,5,0,0.0131095351294,0,0,1,8.58670140095,0,16,NaN,1,ok,5.35187636336,0,0,0,0
705,WLNM_dir_neg,0.920625,0.706952918951,00:00:00,10,80,5,511885151,fixed,validated_v2,/gpfs/scratch/acw792/wlnm_roleonly_v2_20260910/result_wlnm_dir_neg_roleonly_trophicv2_100x290_train10-90_Apocrita_20260910_011848/ecological_snapshots/Broadstone_Stream_tax_mass_K10_ratio0.8_exp5_seed511885151_threshold0.5_validated_v2.mat,role_only,2,uniform_without_replacement,uniform_remaining_nonlinks,176,0,176,407,198,198,176,22,0,22,0.111111111111,158,40,0.5,0.888888888889,0.8,0.842105263158,16,2,4,38,0.8,0.95,0.05,0.2,0.888888888889,0.8,0.842105263158,0.9,0.566666666667,0.769230769231,0.77151674981,0.75,99,79,20,0,99,0,79,0,20,23,99,0.195652173913,2.18974518502,8.60869565217,6.6,4.5,4.59979377438,0.534319478842,0.291611769873,4.28989068105,0.996641269334,0.541062801932,2.91445898002,0.677096530713,0.355731225296,1.07629584498,0.491516479791,2.88826011686,2.18974518502,1.07629584498,2.88826011686,0.351612638569,0.458912768647,121,0.0683229813665,0.291765337837,23,23,23,1,0,0.347826086957,0.608695652174,0.0434782608696,23,0.156126482213,2.30591999717,6.86956521739,5.26666666667,3.7619047619,4.05982923763,0.590987800415,0.326362135388,3.61595061004,1.05274511431,0.561364887177,2.29279676292,0.667523108191,0.363236103467,1.21093259047,0.525140764624,3.15032010243,2.30591999717,1.21093259047,3.15032010243,0.29816017316,0.387673956262,65,0.0367024280068,0.195614230929,23,23,23,1,0,0.347826086957,0.565217391304,0.0869565217391,23,97,0.191699604743,2.35033114646,8.4347826087,6.46666666667,4.40909090909,4.44998556644,0.527575608392,0.290900941282,4.25287626457,1.00841395964,0.543254146123,2.76268186138,0.655068894966,0.352308381892,1.22559131974,0.521454741213,3.21765816808,2.35033114646,1.22559131974,3.21765816808,0.367154101937,0.445504087193,109,0.0615471485037,0.264342839495,23,23,23,1,0,0.347826086957,0.608695652174,0.0434782608696,-2,-0.00395256916996,0.160585961433,-0.173913043478,-0.133333333333,-0.0909090909091,-0.14980820794,-0.00674387044971,-0.000710828590703,-0.0370144164777,0.011772690306,0.00219134419045,-0.151777118645,-0.0220276357465,-0.00342284340491,0.149295474759,0.0299382614222,0.329398051225,0.160585961433,0.149295474759,0.329398051225,0.0155414633676,-0.0134086814538,-12,-0.00677583286279,-0.0274224983413,0,0,0,95,2,4,405,0.959595959596,0.995085995086,0.004914004914,0.040404040404,0.979381443299,0.959595959596,0.969387755102,0.962112804111,0.954681954682,0.940594059406,18,20,0,23,23,23,1,0,8,0,0.0386050732335,0,0,1,3.88826011686,0,16,NaN,1,ok,2.18974518502,0,23,23,23,1,0,8,0,0.0408967671375,0,0,1,4.15032010243,0,16,NaN,1,ok,2.30591999717,0,23,23,23,1,0,8,0,0.0392486218715,0,0,1,4.21765816808,0,16,NaN,1,ok,2.35033114646,0,0,0,0
706,WLNM_dir_neg,0.9875,0.829807229807,00:00:00,10,80,6,511885152,fixed,validated_v2,/gpfs/scratch/acw792/wlnm_roleonly_v2_20260910/result_wlnm_dir_neg_roleonly_trophicv2_100x290_train10-90_Apocrita_20260910_011848/ecological_snapshots/Broadstone_Stream_tax_mass_K10_ratio0.8_exp6_seed511885152_threshold0.5_validated_v2.mat,role_only,2,uniform_without_replacement,uniform_remaining_nonlinks,176,0,176,407,198,198,176,22,0,22,0.111111111111,158,40,0.5,0.947368421053,0.9,0.923076923077,18,1,2,39,0.9,0.975,0.025,0.1,0.947368421053,0.9,0.923076923077,0.95,0.561111111111,0.886075949367,0.886715535892,0.875,99,79,20,0,99,0,79,0,20,23,99,0.195652173913,2.18974518502,8.60869565217,6.6,4.5,4.59979377438,0.534319478842,0.291611769873,4.28989068105,0.996641269334,0.541062801932,2.91445898002,0.677096530713,0.355731225296,1.07629584498,0.491516479791,2.88826011686,2.18974518502,1.07629584498,2.88826011686,0.351612638569,0.458912768647,121,0.0683229813665,0.291765337837,23,23,23,1,0,0.347826086957,0.608695652174,0.0434782608696,23,0.156126482213,2.19974440053,6.86956521739,5.26666666667,3.59090909091,3.73319687309,0.543440051147,0.294991744634,3.38211992364,0.984667825869,0.53384700055,2.59064904041,0.754239594044,0.394056136489,1.09593515873,0.498210227728,2.97678321678,2.19974440053,1.09593515873,2.97678321678,0.291732257641,0.368029739777,66,0.0372670807453,0.245312676741,23,23,23,1,0,0.347826086957,0.608695652174,0.0434782608696,23,98,0.193675889328,2.17697640915,8.52173913043,6.53333333333,4.45454545455,4.65021568627,0.54568857543,0.297249334516,4.36116530825,1.02353879683,0.55190771961,2.7669706327,0.649391066858,0.338065661047,1.06111663742,0.487426796616,2.78670988655,2.17697640915,1.06111663742,2.78670988655,0.325320573147,0.424164524422,110,0.0621118012422,0.286508954009,23,23,23,1,0,0.347826086957,0.608695652174,0.0434782608696,-1,-0.00197628458498,-0.0127687758767,-0.0869565217391,-0.0666666666667,-0.0454545454545,0.0504219118953,0.0113690965881,0.00563756464378,0.0712746271989,0.0268975274991,0.0108449176772,-0.147488347326,-0.027705463855,-0.0176655642494,-0.0151792075636,-0.00408968317529,-0.10155023031,-0.0127687758767,-0.0151792075636,-0.10155023031,-0.0262920654225,-0.0347482442257,-11,-0.00621118012422,-0.00525638382781,0,0,0,97,1,2,406,0.979797979798,0.997542997543,0.002457002457,0.020202020202,0.989795918367,0.979797979798,0.984771573604,0.981110199255,0.977340977341,0.97,19,20,0,23,23,23,1,0,8,0,0.0386050732335,0,0,1,3.88826011686,0,16,NaN,1,ok,2.18974518502,0,23,23,23,1,0,8,0,0.0362677127797,0,0,1,3.97678321678,0,16,NaN,1,ok,2.19974440053,0,23,23,23,1,0,8,0,0.0373410908756,0,0,1,3.78670988655,0,16,NaN,1,ok,2.17697640915,0,0,0,0
707,WLNM_dir_neg,0.97625,0.891641008201,00:00:00,10,80,7,511885153,fixed,validated_v2,/gpfs/scratch/acw792/wlnm_roleonly_v2_20260910/result_wlnm_dir_neg_roleonly_trophicv2_100x290_train10-90_Apocrita_20260910_011848/ecological_snapshots/Broadstone_Stream_tax_mass_K10_ratio0.8_exp7_seed511885153_threshold0.5_validated_v2.mat,role_only,2,uniform_without_replacement,uniform_remaining_nonlinks,176,0,176,407,198,198,176,22,0,22,0.111111111111,158,40,0.5,0.894736842105,0.85,0.871794871795,17,2,3,38,0.85,0.95,0.05,0.15,0.894736842105,0.85,0.871794871795,0.916666666667,0.561111111111,0.810126582278,0.810711347101,0.8,99,79,20,0,99,0,79,0,20,23,99,0.195652173913,2.18974518502,8.60869565217,6.6,4.5,4.59979377438,0.534319478842,0.291611769873,4.28989068105,0.996641269334,0.541062801932,2.91445898002,0.677096530713,0.355731225296,1.07629584498,0.491516479791,2.88826011686,2.18974518502,1.07629584498,2.88826011686,0.351612638569,0.458912768647,121,0.0683229813665,0.291765337837,23,23,23,1,0,0.347826086957,0.608695652174,0.0434782608696,23,0.156126482213,2.24050049491,6.86956521739,5.26666666667,3.59090909091,3.9115719675,0.569406045902,0.312603192075,3.46181884612,1.00787130963,0.547055586131,2.33210959817,0.678968617188,0.359933957072,1.16080729282,0.51810177925,3.16892263295,2.24050049491,1.16080729282,3.16892263295,0.31165879575,0.428571428571,70,0.0395256916996,0.20519282305,23,23,23,1,0,0.347826086957,0.608695652174,0.0434782608696,23,98,0.193675889328,2.21866008173,8.52173913043,6.53333333333,4.45454545455,4.55141901167,0.534095088104,0.292369121562,4.1474788761,0.973387899492,0.527950310559,2.89541002442,0.67953500573,0.34693877551,1.08385347845,0.488517140311,2.927982739,2.21866008173,1.08385347845,2.927982739,0.331932560193,0.423435419441,106,0.059853190288,0.28707685307,23,23,23,1,0,0.347826086957,0.608695652174,0.0434782608696,-1,-0.00197628458498,0.0289148967089,-0.0869565217391,-0.0666666666667,-0.0454545454545,-0.0483747627102,-0.000224390738017,0.000757351689029,-0.142411804951,-0.0232533698421,-0.0131124913734,-0.0190489556089,0.00243847501744,-0.00879244978624,0.00755763346708,-0.00299933948043,0.0397226221389,0.0289148967089,0.00755763346708,0.0397226221389,-0.0196800783757,-0.0354773492065,-15,-0.00846979107849,-0.00468848476699,0,0,0,96,2,3,405,0.969696969697,0.995085995086,0.004914004914,0.030303030303,0.979591836735,0.969696969697,0.97461928934,0.968503755354,0.964782964783,0.950495049505,19,20,0,23,23,23,1,0,8,0,0.0386050732335,0,0,1,3.88826011686,0,16,NaN,1,ok,2.18974518502,0,23,23,23,1,0,8,0,0.0310283743441,0,0,1,4.16892263295,0,16,NaN,1,ok,2.24050049491,0,23,23,23,1,0,8,0,0.0381869624196,0,0,1,3.927982739,0,16,NaN,1,ok,2.21866008173,0,0,0,0
708,WLNM_dir_neg,0.9825,0.773056980057,00:00:00,10,80,8,511885154,fixed,validated_v2,/gpfs/scratch/acw792/wlnm_roleonly_v2_20260910/result_wlnm_dir_neg_roleonly_trophicv2_100x290_train10-90_Apocrita_20260910_011848/ecological_snapshots/Broadstone_Stream_tax_mass_K10_ratio0.8_exp8_seed511885154_threshold0.5_validated_v2.mat,role_only,2,uniform_without_replacement,uniform_remaining_nonlinks,176,0,176,407,198,198,176,22,0,22,0.111111111111,158,40,0.5,1,0.9,0.947368421053,18,0,2,40,0.9,1,0,0.1,1,0.9,0.947368421053,0.966666666667,0.566666666667,0.923076923077,0.925820099773,0.9,99,79,20,0,99,0,79,0,20,23,99,0.195652173913,2.18974518502,8.60869565217,6.6,4.5,4.59979377438,0.534319478842,0.291611769873,4.28989068105,0.996641269334,0.541062801932,2.91445898002,0.677096530713,0.355731225296,1.07629584498,0.491516479791,2.88826011686,2.18974518502,1.07629584498,2.88826011686,0.351612638569,0.458912768647,121,0.0683229813665,0.291765337837,23,23,23,1,0,0.347826086957,0.608695652174,0.0434782608696,23,0.156126482213,2.19596370831,6.86956521739,5.26666666667,3.7619047619,4.01479477372,0.584432150605,0.313153549807,3.46181884612,1.00787130963,0.544854155201,2.60813564477,0.759330630755,0.410566868465,1.09262245179,0.497559430356,2.99633544272,2.19596370831,1.09262245179,2.99633544272,0.348079445807,0.45703125,78,0.0440429136081,0.216560423703,23,23,23,1,0,0.347826086957,0.565217391304,0.0869565217391,23,97,0.191699604743,2.18876041067,8.4347826087,6.46666666667,4.61904761905,4.62037077375,0.547775916476,0.297624383684,4.17739067905,0.99051531565,0.538771851188,2.99934116613,0.711183987845,0.377409233528,1.07494087534,0.491118566517,2.88826011686,2.18876041067,1.07494087534,2.88826011686,0.358996558997,0.469119579501,119,0.0671936758893,0.293318633592,23,23,23,1,0,0.347826086957,0.565217391304,0.0869565217391,-2,-0.00395256916996,-0.000984774354575,-0.173913043478,-0.133333333333,0.119047619048,0.0205769993765,0.0134564376342,0.00601261381181,-0.112500002002,-0.00612595368426,-0.00229095074456,0.0848821861036,0.034087457132,0.0216780082311,-0.00135496964536,-0.000397913274093,0,-0.000984774354575,-0.00135496964536,0,0.0073839204274,0.0102068108534,-2,-0.00112930547713,0.00155329575498,0,-0.0434782608696,0.0434782608696,97,0,2,407,0.979797979798,1,0,0.020202020202,1,0.979797979798,0.989795918367,0.987424321977,0.979797979798,0.979797979798,18,20,0,23,23,23,1,0,8,0,0.0386050732335,0,0,1,3.88826011686,0,16,NaN,1,ok,2.18974518502,0,23,23,23,1,0,8,0,0.033388413541,0,0,1,3.99633544272,0,16,NaN,1,ok,2.19596370831,0,23,23,23,1,0,8,0,0.038253332789,0,0,1,3.88826011686,0,16,NaN,1,ok,2.18876041067,0,0,0,0
709,WLNM_dir_neg,0.910625,0.74340525778,00:00:00,10,80,9,511885155,fixed,validated_v2,/gpfs/scratch/acw792/wlnm_roleonly_v2_20260910/result_wlnm_dir_neg_roleonly_trophicv2_100x290_train10-90_Apocrita_20260910_011848/ecological_snapshots/Broadstone_Stream_tax_mass_K10_ratio0.8_exp9_seed511885155_threshold0.5_validated_v2.mat,role_only,2,uniform_without_replacement,uniform_remaining_nonlinks,176,0,176,407,198,198,176,22,0,22,0.111111111111,158,40,0.5,0.789473684211,0.75,0.769230769231,15,4,5,36,0.75,0.9,0.1,0.25,0.789473684211,0.75,0.769230769231,0.85,0.561111111111,0.658227848101,0.65870296952,0.65,99,79,20,0,99,0,79,0,20,23,99,0.195652173913,2.18974518502,8.60869565217,6.6,4.5,4.59979377438,0.534319478842,0.291611769873,4.28989068105,0.996641269334,0.541062801932,2.91445898002,0.677096530713,0.355731225296,1.07629584498,0.491516479791,2.88826011686,2.18974518502,1.07629584498,2.88826011686,0.351612638569,0.458912768647,121,0.0683229813665,0.291765337837,23,23,23,1,0,0.347826086957,0.608695652174,0.0434782608696,23,0.156126482213,2.27320906106,6.86956521739,5.26666666667,3.7619047619,3.70876538911,0.539883569301,0.300495321959,3.52685910944,1.0268070825,0.554760594386,2.50138301666,0.728250751687,0.383048981838,1.19088838051,0.52387983178,3.31137231854,2.27320906106,1.19088838051,3.31137231854,0.3110264132,0.408582089552,73,0.0412196499153,0.214974469974,23,23,23,1,0,0.347826086957,0.565217391304,0.0869565217391,23,98,0.193675889328,2.21903008008,8.52173913043,6.53333333333,4.45454545455,4.47081002644,0.524635870449,0.288819875776,4.36116530825,1.02353879683,0.55190771961,2.78334970371,0.653235134543,0.332741792369,1.1311980204,0.509771377393,3.22355734005,2.21903008008,1.1311980204,3.22355734005,0.354348308696,0.412303664921,105,0.0592885375494,0.26625712576,23,23,23,1,0,0.347826086957,0.608695652174,0.0434782608696,-1,-0.00197628458498,0.0292848950525,-0.0869565217391,-0.0666666666667,-0.0454545454545,-0.12898374794,-0.00968360839254,-0.00279189409624,0.0712746271989,0.0268975274991,0.0108449176772,-0.131109276318,-0.0238613961694,-0.0229894329273,0.0549021754151,0.0182548976021,0.335297223197,0.0292848950525,0.0549021754151,0.335297223197,0.00273567012697,-0.0466091037258,-16,-0.00903444381705,-0.0255082120772,0,0,0,94,4,5,403,0.949494949495,0.990171990172,0.00982800982801,0.0505050505051,0.959183673469,0.949494949495,0.954314720812,0.943290867552,0.939666939667,0.912621359223,19,20,0,23,23,23,1,0,8,0,0.0386050732335,0,0,1,3.88826011686,0,16,NaN,1,ok,2.18974518502,0,23,23,23,1,0,8,0,0.0301132178669,0,0,1,4.31137231854,0,16,NaN,1,ok,2.27320906106,0,23,23,23,1,0,8,0,0.0414293044086,0,0,1,4.22355734005,0,16,NaN,1,ok,2.21903008008,0,0,0,0
710,WLNM_dir_neg,0.90125,0.4831138043,00:00:00,10,80,10,511885156,fixed,validated_v2,/gpfs/scratch/acw792/wlnm_roleonly_v2_20260910/result_wlnm_dir_neg_roleonly_trophicv2_100x290_train10-90_Apocrita_20260910_011848/ecological_snapshots/Broadstone_Stream_tax_mass_K10_ratio0.8_exp10_seed511885156_threshold0.5_validated_v2.mat,role_only,2,uniform_without_replacement,uniform_remaining_nonlinks,176,0,176,407,198,198,176,22,0,22,0.111111111111,158,40,0.5,0.85,0.85,0.85,17,3,3,37,0.85,0.925,0.075,0.15,0.85,0.85,0.85,0.9,0.555555555556,0.775,0.775,0.775,99,79,20,0,99,0,79,0,20,23,99,0.195652173913,2.18974518502,8.60869565217,6.6,4.5,4.59979377438,0.534319478842,0.291611769873,4.28989068105,0.996641269334,0.541062801932,2.91445898002,0.677096530713,0.355731225296,1.07629584498,0.491516479791,2.88826011686,2.18974518502,1.07629584498,2.88826011686,0.351612638569,0.458912768647,121,0.0683229813665,0.291765337837,23,23,23,1,0,0.347826086957,0.608695652174,0.0434782608696,23,0.156126482213,2.03802192205,6.86956521739,5.64285714286,3.59090909091,3.84121604592,0.559164361115,0.31150247661,3.64100494315,1.06003941383,0.566868464502,2.21207609101,0.644022153078,0.332416070446,1.00489592853,0.493074150804,2.52636013481,2.03802192205,1.00489592853,2.52636013481,0.290140294488,0.360236220472,61,0.0344438170525,0.20742008297,23,23,23,1,0,0.391304347826,0.565217391304,0.0434782608696,23,99,0.195652173913,3.38674031844,8.60869565217,6.6,4.5,4.70723939978,0.546800536338,0.300834431269,4.46638742171,1.03764556262,0.559508124726,2.61872249578,0.608390074776,0.325867369346,2.03089191633,0.599659768797,5.44193294003,3.38674031844,2.03089191633,5.44193294003,0.374908183604,0.488721804511,130,0.0734048560136,0.246413546771,23,23,23,1,0,0.347826086957,0.608695652174,0.0434782608696,0,0,1.19699513341,0,0,0,0.107445625398,0.0124810574958,0.00922266139657,0.176496740661,0.0410042932848,0.0184453227931,-0.295736484249,-0.0687064559366,-0.0298638559508,0.954596071346,0.108143289005,2.55367282317,1.19699513341,0.954596071346,2.55367282317,0.0232955450347,0.029809035864,9,0.00508187464709,-0.0453517910661,0,0,0,96,3,3,404,0.969696969697,0.992628992629,0.00737100737101,0.030303030303,0.969696969697,0.969696969697,0.969696969697,0.962325962326,0.962325962326,0.941176470588,20,20,0,23,23,23,1,0,8,0,0.0386050732335,0,0,1,3.88826011686,0,16,NaN,1,ok,2.18974518502,0,23,23,23,1,0,9,0,0.0369853163066,0,0,1,3.52636013481,0,16,NaN,1,ok,2.03802192205,0,23,23,23,1,0,8,0,0.0284047951283,0,0,1,6.44193294003,0,16,NaN,1,ok,3.38674031844,0,0,0,0
711,WLNM_dir_neg,0.8725,0.768707611872,00:00:00,10,80,11,511885157,fixed,validated_v2,/gpfs/scratch/acw792/wlnm_roleonly_v2_20260910/result_wlnm_dir_neg_roleonly_trophicv2_100x290_train10-90_Apocrita_20260910_011848/ecological_snapshots/Broadstone_Stream_tax_mass_K10_ratio0.8_exp11_seed511885157_threshold0.5_validated_v2.mat,role_only,2,uniform_without_replacement,uniform_remaining_nonlinks,176,0,176,407,198,198,176,22,0,22,0.111111111111,158,40,0.5,0.789473684211,0.75,0.769230769231,15,4,5,36,0.75,0.9,0.1,0.25,0.789473684211,0.75,0.769230769231,0.85,0.561111111111,0.658227848101,0.65870296952,0.65,99,79,20,0,99,0,79,0,20,23,99,0.195652173913,2.18974518502,8.60869565217,6.6,4.5,4.59979377438,0.534319478842,0.291611769873,4.28989068105,0.996641269334,0.541062801932,2.91445898002,0.677096530713,0.355731225296,1.07629584498,0.491516479791,2.88826011686,2.18974518502,1.07629584498,2.88826011686,0.351612638569,0.458912768647,121,0.0683229813665,0.291765337837,23,23,23,1,0,0.347826086957,0.608695652174,0.0434782608696,23,0.156126482213,2.20723854126,6.86956521739,5.26666666667,3.59090909091,3.94627958078,0.574458419986,0.305448541552,3.56531379413,1.03800275019,0.558062740782,2.57304359848,0.749113959051,0.400660429279,1.09441646126,0.495830623109,2.93352741388,2.20723854126,1.09441646126,2.93352741388,0.310451921816,0.409900990099,69,0.038961038961,0.213267314696,23,23,23,1,0,0.347826086957,0.608695652174,0.0434782608696,23,98,0.193675889328,2.87512003474,8.52173913043,5.76470588235,4.45454545455,4.96230852818,0.582311715042,0.308784383319,4.19108785297,0.98362265937,0.533274179237,3.04835859416,0.715431098629,0.378881987578,1.37089733397,0.476813947734,3.87100365834,2.87512003474,1.37089733397,3.87100365834,0.362991718427,0.463291139241,122,0.068887634105,0.237580918577,23,23,23,1,0,0.260869565217,0.695652173913,0.0434782608696,-1,-0.00197628458498,0.685374849711,-0.0869565217391,-0.835294117647,-0.0454545454545,0.362514753803,0.0479922361998,0.0171726134459,-0.0988028280782,-0.0130186099639,-0.00778862269545,0.133899614134,0.0383345679162,0.0231507622812,0.294601488987,-0.0147025320576,0.982743541485,0.685374849711,0.294601488987,0.982743541485,0.0113790798573,0.00437837059322,1,0.000564652738566,-0.05418441926,-0.0869565217391,0.0869565217391,0,94,4,5,403,0.949494949495,0.990171990172,0.00982800982801,0.0505050505051,0.959183673469,0.949494949495,0.954314720812,0.943290867552,0.939666939667,0.912621359223,19,20,0,23,23,23,1,0,8,0,0.0386050732335,0,0,1,3.88826011686,0,16,NaN,1,ok,2.18974518502,0,23,23,23,1,0,8,0,0.0211212388862,0,0,1,3.93352741388,0,16,NaN,1,ok,2.20723854126,0,23,23,23,1,0,6,0,0.0221958536962,0,0,1,4.87100365834,0,16,NaN,1,ok,2.87512003474,0,0,0,0
712,WLNM_dir_neg,0.97625,0.913541794438,00:00:00,10,80,12,511885158,fixed,validated_v2,/gpfs/scratch/acw792/wlnm_roleonly_v2_20260910/result_wlnm_dir_neg_roleonly_trophicv2_100x290_train10-90_Apocrita_20260910_011848/ecological_snapshots/Broadstone_Stream_tax_mass_K10_ratio0.8_exp12_seed511885158_threshold0.5_validated_v2.mat,role_only,2,uniform_without_replacement,uniform_remaining_nonlinks,176,0,176,407,198,198,176,22,0,22,0.111111111111,158,40,0.5,0.9,0.9,0.9,18,2,2,38,0.9,0.95,0.05,0.1,0.9,0.9,0.9,0.933333333333,0.555555555556,0.85,0.85,0.85,99,79,20,0,99,0,79,0,20,23,99,0.195652173913,2.18974518502,8.60869565217,6.6,4.5,4.59979377438,0.534319478842,0.291611769873,4.28989068105,0.996641269334,0.541062801932,2.91445898002,0.677096530713,0.355731225296,1.07629584498,0.491516479791,2.88826011686,2.18974518502,1.07629584498,2.88826011686,0.351612638569,0.458912768647,121,0.0683229813665,0.291765337837,23,23,23,1,0,0.347826086957,0.608695652174,0.0434782608696,23,0.156126482213,2.19426855728,6.86956521739,5.26666666667,3.59090909091,3.81747593701,0.555708522476,0.305998899285,3.52685910944,1.0268070825,0.553659878921,2.35151956589,0.68461962045,0.363236103467,1.08188859622,0.493052043531,2.89198614769,2.19426855728,1.08188859622,2.89198614769,0.28906142167,0.401529636711,70,0.0395256916996,0.202812148169,23,23,23,1,0,0.347826086957,0.608695652174,0.0434782608696,23,99,0.195652173913,2.27379729363,8.60869565217,6.6,4.5,4.54011544141,0.527387147235,0.287659200703,4.2042703681,0.976749681477,0.533157663592,2.80316027189,0.651239255085,0.339920948617,1.14121978041,0.501900404053,3.03169706156,2.27379729363,1.14121978041,3.03169706156,0.34175413958,0.449809402795,118,0.0666290231508,0.272067964715,23,23,23,1,0,0.347826086957,0.608695652174,0.0434782608696,0,0,0.0840521086092,0,0,0,-0.0596783329655,-0.00693233160711,-0.00395256916996,-0.0856203129497,-0.019891587857,-0.00790513833992,-0.111298708138,-0.0258572756281,-0.0158102766798,0.064923935427,0.0103839242621,0.143436944698,0.0840521086092,0.064923935427,0.143436944698,-0.00985849898893,-0.00910336585186,-3,-0.0016939582157,-0.0196973731217,0,0,0,97,2,2,405,0.979797979798,0.995085995086,0.004914004914,0.020202020202,0.979797979798,0.979797979798,0.979797979798,0.974883974884,0.974883974884,0.960396039604,20,20,0,23,23,23,1,0,8,0,0.0386050732335,0,0,1,3.88826011686,0,16,NaN,1,ok,2.18974518502,0,23,23,23,1,0,8,0,0.0339829266372,0,0,1,3.89198614769,0,16,NaN,1,ok,2.19426855728,0,23,23,23,1,0,8,0,0.0403156441657,0,0,1,4.03169706156,0,16,NaN,1,ok,2.27379729363,0,0,0,0
713,WLNM_dir_neg,0.96,0.850373163129,00:00:00,10,80,13,511885159,fixed,validated_v2,/gpfs/scratch/acw792/wlnm_roleonly_v2_20260910/result_wlnm_dir_neg_roleonly_trophicv2_100x290_train10-90_Apocrita_20260910_011848/ecological_snapshots/Broadstone_Stream_tax_mass_K10_ratio0.8_exp13_seed511885159_threshold0.5_validated_v2.mat,role_only,2,uniform_without_replacement,uniform_remaining_nonlinks,176,0,176,407,198,198,176,22,0,22,0.111111111111,158,40,0.5,1,0.7,0.823529411765,14,0,6,40,0.7,1,0,0.3,1,0.7,0.823529411765,0.9,0.588888888889,0.756756756757,0.780189497605,0.7,99,79,20,0,99,0,79,0,20,23,99,0.195652173913,2.18974518502,8.60869565217,6.6,4.5,4.59979377438,0.534319478842,0.291611769873,4.28989068105,0.996641269334,0.541062801932,2.91445898002,0.677096530713,0.355731225296,1.07629584498,0.491516479791,2.88826011686,2.18974518502,1.07629584498,2.88826011686,0.351612638569,0.458912768647,121,0.0683229813665,0.291765337837,23,23,23,1,0,0.347826086957,0.608695652174,0.0434782608696,23,0.156126482213,2.26256825639,6.86956521739,5.26666666667,3.59090909091,3.59677062005,0.523580533299,0.282883874518,3.55254181674,1.03428432639,0.556962025316,2.42760800633,0.706771951211,0.375343973583,1.16209018195,0.513615524602,3.09022556391,2.26256825639,1.16209018195,3.09022556391,0.280952380952,0.348979591837,57,0.0321852060982,0.200892084106,23,23,23,1,0,0.347826086957,0.608695652174,0.0434782608696,23,93,0.183794466403,2.21268646072,8.08695652174,6.2,4.22727272727,4.3788026952,0.541464849406,0.292192613371,4.06177593122,1.0045252303,0.543244506779,2.94615714062,0.728619507896,0.37587657784,1.10748470319,0.50051587645,2.95610527072,2.21268646072,1.10748470319,2.95610527072,0.340331649027,0.424198250729,97,0.0547713156409,0.283749834821,23,23,23,1,0,0.347826086957,0.608695652174,0.0434782608696,-6,-0.0118577075099,0.0229412756912,-0.521739130435,-0.4,-0.272727272727,-0.220991079179,0.00714537056449,0.000580843498095,-0.22811474983,0.00788396096681,0.0021817048465,0.0316981605968,0.0515229771828,0.0201453525437,0.0311888582112,0.00899939665881,0.0678451538623,0.0229412756912,0.0311888582112,0.0678451538623,-0.0112809895419,-0.0347145179184,-24,-0.0135516657256,-0.0080155030155,0,0,0,93,0,6,407,0.939393939394,1,0,0.0606060606061,1,0.939393939394,0.96875,0.962157247966,0.939393939394,0.939393939394,14,20,0,23,23,23,1,0,8,0,0.0386050732335,0,0,1,3.88826011686,0,16,NaN,1,ok,2.18974518502,0,23,23,23,1,0,8,0,0.0305774367871,0,0,1,4.09022556391,0,16,NaN,1,ok,2.26256825639,0,23,23,23,1,0,8,0,0.0375008577201,0,0,1,3.95610527072,0,16,NaN,1,ok,2.21268646072,0,0,0,0
714,WLNM_dir_neg,0.95,0.163893658306,00:00:00,10,80,14,511885160,fixed,validated_v2,/gpfs/scratch/acw792/wlnm_roleonly_v2_20260910/result_wlnm_dir_neg_roleonly_trophicv2_100x290_train10-90_Apocrita_20260910_011848/ecological_snapshots/Broadstone_Stream_tax_mass_K10_ratio0.8_exp14_seed511885160_threshold0.5_validated_v2.mat,role_only,2,uniform_without_replacement,uniform_remaining_nonlinks,176,0,176,407,198,198,176,22,0,22,0.111111111111,158,40,0.5,0.740740740741,1,0.851063829787,20,7,0,33,1,0.825,0.175,0,0.740740740741,1,0.851063829787,0.883333333333,0.516666666667,0.758620689655,0.781735959971,0.825,99,79,20,0,99,0,79,0,20,23,99,0.195652173913,2.18974518502,8.60869565217,6.6,4.5,4.59979377438,0.534319478842,0.291611769873,4.28989068105,0.996641269334,0.541062801932,2.91445898002,0.677096530713,0.355731225296,1.07629584498,0.491516479791,2.88826011686,2.18974518502,1.07629584498,2.88826011686,0.351612638569,0.458912768647,121,0.0683229813665,0.291765337837,23,23,23,1,0,0.347826086957,0.608695652174,0.0434782608696,23,0.156126482213,2.14463046937,6.86956521739,5.26666666667,3.59090909091,3.92317528895,0.571095136999,0.312603192075,3.46181884612,1.00787130963,0.543753439736,2.51948925121,0.733522187061,0.390753990094,1.03862372483,0.484290296003,3.02926372963,2.14463046937,1.03862372483,3.02926372963,0.302748261839,0.389830508475,69,0.038961038961,0.22559242345,23,23,23,1,0,0.347826086957,0.608695652174,0.0434782608696,23,106,0.209486166008,2.30476778599,9.21739130435,7.06666666667,4.60869565217,4.83318567763,0.524355049932,0.28753076292,4.35617774947,0.945208379602,0.517637407711,2.9192017968,0.633411710626,0.334700574241,1.1663899647,0.506076999074,3.06850609804,2.30476778599,1.1663899647,3.06850609804,0.378770987467,0.50110619469,151,0.0852625635234,0.276186210877,23,23,23,1,0,0.347826086957,0.652173913043,0,7,0.0138339920949,0.115022600967,0.608695652174,0.466666666667,0.108695652174,0.233391903255,-0.00996442891002,-0.00408100695221,0.0662870684231,-0.0514328897322,-0.0234253942211,0.00474281677461,-0.0436848200865,-0.0210306510553,0.0900941197136,0.0145605192826,0.180245981183,0.115022600967,0.0900941197136,0.180245981183,0.0271583488975,0.042193426043,30,0.016939582157,-0.0155791269602,0,0.0434782608696,-0.0434782608696,99,7,0,400,1,0.982800982801,0.017199017199,0,0.933962264151,1,0.965853658537,0.958070472933,0.982800982801,0.933962264151,27,20,0,23,23,23,1,0,8,0,0.0386050732335,0,0,1,3.88826011686,0,16,NaN,1,ok,2.18974518502,0,23,23,23,1,0,8,0,0.0344120595252,0,0,1,4.02926372963,0,16,NaN,1,ok,2.14463046937,0,23,23,23,1,0,8,0,0.0448845806055,0,0,1,4.06850609804,0,16,NaN,1,ok,2.30476778599,0,0,0,0
715,WLNM_dir_neg,0.93375,0.824447843154,00:00:00,10,80,15,511885161,fixed,validated_v2,/gpfs/scratch/acw792/wlnm_roleonly_v2_20260910/result_wlnm_dir_neg_roleonly_trophicv2_100x290_train10-90_Apocrita_20260910_011848/ecological_snapshots/Broadstone_Stream_tax_mass_K10_ratio0.8_exp15_seed511885161_threshold0.5_validated_v2.mat,role_only,2,uniform_without_replacement,uniform_remaining_nonlinks,176,0,176,407,198,198,176,22,0,22,0.111111111111,158,40,0.5,0.8125,0.65,0.722222222222,13,3,7,37,0.65,0.925,0.075,0.35,0.8125,0.65,0.722222222222,0.833333333333,0.577777777778,0.605263157895,0.612952059522,0.575,99,79,20,0,99,0,79,0,20,23,99,0.195652173913,2.18974518502,8.60869565217,6.6,4.5,4.59979377438,0.534319478842,0.291611769873,4.28989068105,0.996641269334,0.541062801932,2.91445898002,0.677096530713,0.355731225296,1.07629584498,0.491516479791,2.88826011686,2.18974518502,1.07629584498,2.88826011686,0.351612638569,0.458912768647,121,0.0683229813665,0.291765337837,23,23,23,1,0,0.347826086957,0.608695652174,0.0434782608696,23,0.156126482213,2.23834499368,6.86956521739,5.26666666667,3.59090909091,3.99208703478,0.581126593671,0.321959273528,3.75167946582,1.0922611103,0.576774903687,2.31253672121,0.673270184657,0.355531095212,1.12276576418,0.501605323288,2.88442387264,2.23834499368,1.12276576418,2.88442387264,0.30740850059,0.366990291262,63,0.0355731225296,0.190383716812,23,23,23,1,0,0.347826086957,0.608695652174,0.0434782608696,23,95,0.187747035573,2.49069691805,8.26086956522,5.9375,4.31818181818,4.55489138983,0.551381589295,0.306636155606,4.21366120037,1.02014955377,0.549199084668,2.81722538915,0.682065094216,0.356979405034,1.23239433743,0.494798997218,4.00088604304,2.49069691805,1.23239433743,4.00088604304,0.363896248679,0.443835616438,108,0.0609824957651,0.22211567622,23,23,23,1,0,0.304347826087,0.652173913043,0.0434782608696,-4,-0.00790513833992,0.30095173303,-0.347826086957,-0.6625,-0.181818181818,-0.0449023845498,0.0170621104531,0.0150243857338,-0.0762294806821,0.0235082844384,0.00813628273583,-0.0972335908728,0.00496856350291,0.00124817973788,0.156098492445,0.00328251742701,1.11262592618,0.30095173303,0.156098492445,1.11262592618,0.0122836101097,-0.0150771522089,-13,-0.00734048560136,-0.069649661617,-0.0434782608696,0.0434782608696,0,92,3,7,404,0.929292929293,0.992628992629,0.00737100737101,0.0707070707071,0.968421052632,0.929292929293,0.948453608247,0.936539782845,0.921921921922,0.901960784314,16,20,0,23,23,23,1,0,8,0,0.0386050732335,0,0,1,3.88826011686,0,16,NaN,1,ok,2.18974518502,0,23,23,23,1,0,8,0,0.023071696363,0,0,1,3.88442387264,0,16,NaN,1,ok,2.23834499368,0,23,23,23,1,0,7,0,0.0201277413029,0,0,1,5.00088604304,0,16,NaN,1,ok,2.49069691805,0,0,0,0
716,WLNM_dir_neg,0.88875,0.639930289472,00:00:00,10,80,16,511885162,fixed,validated_v2,/gpfs/scratch/acw792/wlnm_roleonly_v2_20260910/result_wlnm_dir_neg_roleonly_trophicv2_100x290_train10-90_Apocrita_20260910_011848/ecological_snapshots/Broadstone_Stream_tax_mass_K10_ratio0.8_exp16_seed511885162_threshold0.5_validated_v2.mat,role_only,2,uniform_without_replacement,uniform_remaining_nonlinks,176,0,176,407,198,198,176,22,0,22,0.111111111111,158,40,0.5,0.809523809524,0.85,0.829268292683,17,4,3,36,0.85,0.9,0.1,0.15,0.809523809524,0.85,0.829268292683,0.883333333333,0.55,0.740740740741,0.741249316661,0.75,99,79,20,0,99,0,79,0,20,23,99,0.195652173913,2.18974518502,8.60869565217,6.6,4.5,4.59979377438,0.534319478842,0.291611769873,4.28989068105,0.996641269334,0.541062801932,2.91445898002,0.677096530713,0.355731225296,1.07629584498,0.491516479791,2.88826011686,2.18974518502,1.07629584498,2.88826011686,0.351612638569,0.458912768647,121,0.0683229813665,0.291765337837,23,23,23,1,0,0.347826086957,0.608695652174,0.0434782608696,23,0.156126482213,2.17854595061,6.86956521739,5.26666666667,3.59090909091,3.48117466886,0.506753274581,0.277380297193,3.50098800284,1.01927498817,0.551458447991,2.38986661774,0.695783952001,0.370941111723,1.05830935258,0.48578702335,2.85805313762,2.17854595061,1.05830935258,2.85805313762,0.264222975093,0.323353293413,54,0.0304912478826,0.19935989936,23,23,23,1,0,0.347826086957,0.608695652174,0.0434782608696,23,100,0.197628458498,9.79833994829,8.69565217391,5.88235294118,4.54545454545,4.72358475783,0.543212247151,0.296086956522,4.18448102193,0.962430635045,0.522608695652,3.09851424296,0.712658275881,0.379130434783,6.3085039958,0.643833958517,14.5167494624,9.79833994829,6.3085039958,14.5167494624,0.377557707992,0.47896039604,129,0.072840203275,0.244798362921,23,23,23,1,0,0.260869565217,0.695652173913,0.0434782608696,1,0.00197628458498,7.60859476327,0.0869565217391,-0.717647058824,0.0454545454545,0.123790983455,0.00889276830894,0.0044751866491,-0.105409659113,-0.0342106342894,-0.0184541062802,0.184055262937,0.0355617451684,0.0233992094862,5.23220815082,0.152317478726,11.6284893455,7.60859476327,5.23220815082,11.6284893455,0.0259450694233,0.0200476273923,8,0.00451722190853,-0.0469669749156,-0.0869565217391,0.0869565217391,0,96,4,3,403,0.969696969697,0.990171990172,0.00982800982801,0.030303030303,0.96,0.969696969697,0.964824120603,0.956233012237,0.959868959869,0.932038834951,21,20,0,23,23,23,1,0,8,0,0.0386050732335,0,0,1,3.88826011686,0,16,NaN,1,ok,2.18974518502,0,23,23,23,1,0,8,0,0.0339728331293,0,0,1,3.85805313762,0,16,NaN,1,ok,2.17854595061,0,23,23,23,1,0,6,0,0.00464251387942,0,0,1,15.5167494624,0,16,NaN,1,ok,9.79833994829,0,0,0,0
717,WLNM_dir_neg,0.99125,0.786787749288,00:00:00,10,80,17,511885163,fixed,validated_v2,/gpfs/scratch/acw792/wlnm_roleonly_v2_20260910/result_wlnm_dir_neg_roleonly_trophicv2_100x290_train10-90_Apocrita_20260910_011848/ecological_snapshots/Broadstone_Stream_tax_mass_K10_ratio0.8_exp17_seed511885163_threshold0.5_validated_v2.mat,role_only,2,uniform_without_replacement,uniform_remaining_nonlinks,176,0,176,407,198,198,176,22,0,22,0.111111111111,158,40,0.5,0.95,0.95,0.95,19,1,1,39,0.95,0.975,0.025,0.05,0.95,0.95,0.95,0.966666666667,0.555555555556,0.925,0.925,0.925,99,79,20,0,99,0,79,0,20,23,99,0.195652173913,2.18974518502,8.60869565217,6.6,4.5,4.59979377438,0.534319478842,0.291611769873,4.28989068105,0.996641269334,0.541062801932,2.91445898002,0.677096530713,0.355731225296,1.07629584498,0.491516479791,2.88826011686,2.18974518502,1.07629584498,2.88826011686,0.351612638569,0.458912768647,121,0.0683229813665,0.291765337837,23,23,23,1,0,0.347826086957,0.608695652174,0.0434782608696,23,0.156126482213,2.11079814431,6.86956521739,5.26666666667,3.59090909091,3.78158634133,0.550484087662,0.303797468354,3.30049702809,0.960904198051,0.52504127683,2.79327255052,0.813231248886,0.41166758393,1.00350471548,0.475414817938,3.04739440264,2.11079814431,1.00350471548,3.04739440264,0.303604366648,0.368896925859,68,0.0383963862225,0.239880463452,23,23,23,1,0,0.347826086957,0.608695652174,0.0434782608696,23,99,0.195652173913,2.22740056304,8.60869565217,6.6,4.5,4.58990127082,0.533170349641,0.290294246816,4.22583808373,0.981760362886,0.534036012297,2.86728859265,0.666137753847,0.345191040843,1.10745840392,0.497197685182,3.03890692972,2.22740056304,1.10745840392,3.03890692972,0.357452450931,0.457755359395,121,0.0683229813665,0.279412901913,23,23,23,1,0,0.347826086957,0.608695652174,0.0434782608696,0,0,0.0376553780149,0,0,0,-0.00989250355555,-0.0011491292009,-0.00131752305665,-0.0640525973198,-0.014880906448,-0.00702678963549,-0.0471703873784,-0.0109587768657,-0.0105401844532,0.0311625589321,0.00568120539028,0.150646812865,0.0376553780149,0.0311625589321,0.150646812865,0.00583981236155,-0.00115740925258,0,0,-0.0123524359239,0,0,0,98,1,1,406,0.989898989899,0.997542997543,0.002457002457,0.010101010101,0.989898989899,0.989898989899,0.989898989899,0.987441987442,0.987441987442,0.98,20,20,0,23,23,23,1,0,8,0,0.0386050732335,0,0,1,3.88826011686,0,16,NaN,1,ok,2.18974518502,0,23,23,23,1,0,8,0,0.0302099350389,0,0,1,4.04739440264,0,16,NaN,1,ok,2.11079814431,0,23,23,23,1,0,8,0,0.0420719583677,0,0,1,4.03890692972,0,16,NaN,1,ok,2.22740056304,0,0,0,0
718,WLNM_dir_neg,0.83125,0.774895606402,00:00:00,10,80,18,511885164,fixed,validated_v2,/gpfs/scratch/acw792/wlnm_roleonly_v2_20260910/result_wlnm_dir_neg_roleonly_trophicv2_100x290_train10-90_Apocrita_20260910_011848/ecological_snapshots/Broadstone_Stream_tax_mass_K10_ratio0.8_exp18_seed511885164_threshold0.5_validated_v2.mat,role_only,2,uniform_without_replacement,uniform_remaining_nonlinks,176,0,176,407,198,198,176,22,0,22,0.111111111111,158,40,0.5,0.823529411765,0.7,0.756756756757,14,3,6,37,0.7,0.925,0.075,0.3,0.823529411765,0.7,0.756756756757,0.85,0.572222222222,0.649350649351,0.653832226207,0.625,99,79,20,0,99,0,79,0,20,23,99,0.195652173913,2.18974518502,8.60869565217,6.6,4.5,4.59979377438,0.534319478842,0.291611769873,4.28989068105,0.996641269334,0.541062801932,2.91445898002,0.677096530713,0.355731225296,1.07629584498,0.491516479791,2.88826011686,2.18974518502,1.07629584498,2.88826011686,0.351612638569,0.458912768647,121,0.0683229813665,0.291765337837,23,23,23,1,0,0.347826086957,0.608695652174,0.0434782608696,23,0.156126482213,2.36637119519,6.86956521739,5.26666666667,3.59090909091,3.64697069592,0.53088813928,0.291689598239,3.55254181674,1.03428432639,0.556962025316,2.29279676292,0.667523108191,0.346725371491,1.3103129315,0.553722481986,3.87531592249,2.36637119519,1.3103129315,3.87531592249,0.333047870004,0.438330170778,77,0.0434782608696,0.19307253593,23,23,23,1,0,0.347826086957,0.608695652174,0.0434782608696,23,96,0.189723320158,2.4043647613,8.34782608696,6.4,4.36363636364,4.51873570062,0.541306880803,0.297101449275,4.18495328434,1.00264505771,0.544384057971,2.69093045606,0.644702088432,0.346014492754,1.28946878936,0.536303313922,3.34421434815,2.4043647613,1.28946878936,3.34421434815,0.354914167958,0.462196861626,108,0.0609824957651,0.240647606362,23,23,23,1,0,0.347826086957,0.608695652174,0.0434782608696,-3,-0.00592885375494,0.214619576278,-0.260869565217,-0.2,-0.136363636364,-0.0810580737617,0.0069874019611,0.00548967940272,-0.104937396709,0.00600378837187,0.00332125603865,-0.223528523961,-0.032394442281,-0.00971673254282,0.21317294438,0.0447868341304,0.45595423129,0.214619576278,0.21317294438,0.45595423129,0.00330152938849,0.00328409297897,-13,-0.00734048560136,-0.0511177314749,0,0,0,93,3,6,404,0.939393939394,0.992628992629,0.00737100737101,0.0606060606061,0.96875,0.939393939394,0.953846153846,0.943004695331,0.932022932023,0.911764705882,17,20,0,23,23,23,1,0,8,0,0.0386050732335,0,0,1,3.88826011686,0,16,NaN,1,ok,2.18974518502,0,23,23,23,1,0,8,0,0.0375525724259,0,0,1,4.87531592249,0,16,NaN,1,ok,2.36637119519,0,23,23,23,1,0,8,0,0.037618315674,0,0,1,4.34421434815,0,16,NaN,1,ok,2.4043647613,0,0,0,0
719,WLNM_dir_neg,0.9,0.795040524465,00:00:00,10,80,19,511885165,fixed,validated_v2,/gpfs/scratch/acw792/wlnm_roleonly_v2_20260910/result_wlnm_dir_neg_roleonly_trophicv2_100x290_train10-90_Apocrita_20260910_011848/ecological_snapshots/Broadstone_Stream_tax_mass_K10_ratio0.8_exp19_seed511885165_threshold0.5_validated_v2.mat,role_only,2,uniform_without_replacement,uniform_remaining_nonlinks,176,0,176,407,198,198,176,22,0,22,0.111111111111,158,40,0.5,0.8125,0.65,0.722222222222,13,3,7,37,0.65,0.925,0.075,0.35,0.8125,0.65,0.722222222222,0.833333333333,0.577777777778,0.605263157895,0.612952059522,0.575,99,79,20,0,99,0,79,0,20,23,99,0.195652173913,2.18974518502,8.60869565217,6.6,4.5,4.59979377438,0.534319478842,0.291611769873,4.28989068105,0.996641269334,0.541062801932,2.91445898002,0.677096530713,0.355731225296,1.07629584498,0.491516479791,2.88826011686,2.18974518502,1.07629584498,2.88826011686,0.351612638569,0.458912768647,121,0.0683229813665,0.291765337837,23,23,23,1,0,0.347826086957,0.608695652174,0.0434782608696,23,0.156126482213,2.16991178324,6.86956521739,5.64285714286,3.95,4.30965457196,0.627354779463,0.345624656026,3.65346767975,1.0636678055,0.570170610897,2.53746629098,0.738756008767,0.392955421024,1.12359228259,0.517805512313,3.00217391304,2.16991178324,1.12359228259,3.00217391304,0.364810442083,0.419417475728,72,0.0406549971767,0.229546369382,23,23,23,1,0,0.391304347826,0.478260869565,0.130434782609,23,95,0.187747035573,2.37322555332,8.26086956522,6.33333333333,4.52380952381,4.60451745872,0.557388955529,0.305263157895,4.25659219037,1.0305433724,0.55652173913,2.65097491203,0.641814978701,0.348741418764,1.17751856176,0.496167993859,3.53489598279,2.37322555332,1.17751856176,3.53489598279,0.39833475703,0.454545454545,110,0.0621118012422,0.229705840378,23,23,23,1,0,0.347826086957,0.565217391304,0.0869565217391,-4,-0.00790513833992,0.183480368291,-0.347826086957,-0.266666666667,0.0238095238095,0.00472368434405,0.0230694766876,0.0136513880221,-0.0332984906796,0.0339021030706,0.0154589371981,-0.263484067999,-0.0352815520118,-0.00698980653214,0.10122271678,0.00465151406749,0.646635865929,0.183480368291,0.10122271678,0.646635865929,0.0467221184612,-0.00436731410183,-11,-0.00621118012422,-0.0620594974587,0,-0.0434782608696,0.0434782608696,92,3,7,404,0.929292929293,0.992628992629,0.00737100737101,0.0707070707071,0.968421052632,0.929292929293,0.948453608247,0.936539782845,0.921921921922,0.901960784314,16,20,0,23,23,23,1,0,8,0,0.0386050732335,0,0,1,3.88826011686,0,16,NaN,1,ok,2.18974518502,0,23,23,23,1,0,9,0,0.0367274512106,0,0,1,4.00217391304,0,16,NaN,1,ok,2.16991178324,0,23,23,23,1,0,8,0,0.0425958069446,0,0,1,4.53489598279,0,16,NaN,1,ok,2.37322555332,0,0,0,0
720,WLNM_dir_neg,0.9625,0.438020254377,00:00:00,10,80,20,511885166,fixed,validated_v2,/gpfs/scratch/acw792/wlnm_roleonly_v2_20260910/result_wlnm_dir_neg_roleonly_trophicv2_100x290_train10-90_Apocrita_20260910_011848/ecological_snapshots/Broadstone_Stream_tax_mass_K10_ratio0.8_exp20_seed511885166_threshold0.5_validated_v2.mat,role_only,2,uniform_without_replacement,uniform_remaining_nonlinks,176,0,176,407,198,198,176,22,0,22,0.111111111111,158,40,0.5,0.782608695652,0.9,0.837209302326,18,5,2,35,0.9,0.875,0.125,0.1,0.782608695652,0.9,0.837209302326,0.883333333333,0.538888888889,0.746987951807,0.751418556624,0.775,99,79,20,0,99,0,79,0,20,23,99,0.195652173913,2.18974518502,8.60869565217,6.6,4.5,4.59979377438,0.534319478842,0.291611769873,4.28989068105,0.996641269334,0.541062801932,2.91445898002,0.677096530713,0.355731225296,1.07629584498,0.491516479791,2.88826011686,2.18974518502,1.07629584498,2.88826011686,0.351612638569,0.458912768647,121,0.0683229813665,0.291765337837,23,23,23,1,0,0.347826086957,0.608695652174,0.0434782608696,23,0.156126482213,2.1804525782,6.86956521739,5.26666666667,3.7619047619,4.05982923763,0.590987800415,0.325261419923,3.55254181674,1.03428432639,0.556962025316,2.42760800633,0.706771951211,0.375343973583,1.06076950417,0.486490517969,2.84094642537,2.1804525782,1.06076950417,2.84094642537,0.365993350084,0.456400742115,82,0.0463015245624,0.204487205916,23,23,23,1,0,0.347826086957,0.565217391304,0.0869565217391,23,102,0.201581027668,13.3658024202,8.86956521739,6,4.63636363636,4.86456900666,0.548456309574,0.303495311168,4.35708500299,0.982479951656,0.533674339301,2.87348516545,0.647942733385,0.349531116795,8.91694860457,0.667146522462,20.7184135533,13.3658024202,8.91694860457,20.7184135533,0.44997056084,0.537209302326,154,0.0869565217391,0.21219518839,23,23,23,1,0,0.260869565217,0.695652173913,0.0434782608696,3,0.00592885375494,11.1760572352,0.260869565217,-0.6,0.136363636364,0.264775232283,0.0141368307326,0.0118835412953,0.0671943219473,-0.0141613176786,-0.00738846263143,-0.0409738145768,-0.0291537973275,-0.0062001085019,7.84065275959,0.175630042671,17.8301534365,11.1760572352,7.84065275959,17.8301534365,0.098357922271,0.0782965336783,33,0.0186335403727,-0.0795701494467,-0.0869565217391,0.0869565217391,0,97,5,2,402,0.979797979798,0.987714987715,0.012285012285,0.020202020202,0.950980392157,0.979797979798,0.965174129353,0.956711133575,0.967512967513,0.932692307692,23,20,0,23,23,23,1,0,8,0,0.0386050732335,0,0,1,3.88826011686,0,16,NaN,1,ok,2.18974518502,0,23,23,23,1,0,8,0,0.0243781738227,0,0,1,3.84094642537,0,16,NaN,1,ok,2.1804525782,0,23,23,23,1,0,6,0,0.0030213887318,0,0,1,21.7184135533,0,16,NaN,1,ok,13.3658024202,0,0,0,0
721,WLNM_dir_neg,0.9825,0.664655142759,00:00:01,10,80,21,511885167,fixed,validated_v2,/gpfs/scratch/acw792/wlnm_roleonly_v2_20260910/result_wlnm_dir_neg_roleonly_trophicv2_100x290_train10-90_Apocrita_20260910_011848/ecological_snapshots/Broadstone_Stream_tax_mass_K10_ratio0.8_exp21_seed511885167_threshold0.5_validated_v2.mat,role_only,2,uniform_without_replacement,uniform_remaining_nonlinks,176,0,176,407,198,198,176,22,0,22,0.111111111111,158,40,0.5,0.9,0.9,0.9,18,2,2,38,0.9,0.95,0.05,0.1,0.9,0.9,0.9,0.933333333333,0.555555555556,0.85,0.85,0.85,99,79,20,0,99,0,79,0,20,23,99,0.195652173913,2.18974518502,8.60869565217,6.6,4.5,4.59979377438,0.534319478842,0.291611769873,4.28989068105,0.996641269334,0.541062801932,2.91445898002,0.677096530713,0.355731225296,1.07629584498,0.491516479791,2.88826011686,2.18974518502,1.07629584498,2.88826011686,0.351612638569,0.458912768647,121,0.0683229813665,0.291765337837,23,23,23,1,0,0.347826086957,0.608695652174,0.0434782608696,23,0.156126482213,2.2437893946,6.86956521739,5.26666666667,3.95,4.29909449056,0.625817552423,0.343423225096,3.42220140415,0.996337117665,0.538249862411,2.7274044764,0.794054467812,0.430379746835,1.13708046949,0.506767913346,3.0719996193,2.30032527617,1.13026783767,3.0719996193,0.368628725772,0.488888888889,88,0.0496894409938,0.237768792055,23,22,22,0.95652173913,0,0.304347826087,0.565217391304,0.0869565217391,23,99,0.195652173913,3.94120078681,8.60869565217,6.1875,4.5,4.73611972394,0.550155321468,0.301712779974,4.26864660912,0.991705777875,0.537549407115,2.94548626343,0.684304889484,0.363636363636,2.25580644577,0.572365268301,5.89659537901,3.94120078681,2.25580644577,5.89659537901,0.398464414374,0.486891385768,130,0.0734048560136,0.25765265558,23,23,23,1,0,0.304347826087,0.652173913043,0.0434782608696,0,0,1.75145560179,0,-0.4125,0,0.136325949566,0.0158358426264,0.010101010101,-0.0212440719312,-0.00493549145877,-0.00351339481774,0.031027283407,0.00720835877132,0.00790513833992,1.17951060079,0.0808487885099,3.00833526215,1.75145560179,1.17951060079,3.00833526215,0.0468517758043,0.0279786171205,9,0.00508187464709,-0.0341126822565,-0.0434782608696,0.0434782608696,0,97,2,2,405,0.979797979798,0.995085995086,0.004914004914,0.020202020202,0.979797979798,0.979797979798,0.979797979798,0.974883974884,0.974883974884,0.960396039604,20,20,0,23,23,23,1,0,8,0,0.0386050732335,0,0,1,3.88826011686,0,16,NaN,1,ok,2.18974518502,0,23,22,22,0.95652173913,0,7,0,0.0335559304834,0,0,1,4.0719996193,0,16,NaN,1,ok,2.30032527617,0,23,23,23,1,0,7,0,0.0187686328788,0,0,1,6.89659537901,0,16,NaN,1,ok,3.94120078681,0,0,0,0
722,WLNM_dir_neg,0.94625,0.859680885149,00:00:00,10,80,22,511885168,fixed,validated_v2,/gpfs/scratch/acw792/wlnm_roleonly_v2_20260910/result_wlnm_dir_neg_roleonly_trophicv2_100x290_train10-90_Apocrita_20260910_011848/ecological_snapshots/Broadstone_Stream_tax_mass_K10_ratio0.8_exp22_seed511885168_threshold0.5_validated_v2.mat,role_only,2,uniform_without_replacement,uniform_remaining_nonlinks,176,0,176,407,198,198,176,22,0,22,0.111111111111,158,40,0.5,0.8125,0.65,0.722222222222,13,3,7,37,0.65,0.925,0.075,0.35,0.8125,0.65,0.722222222222,0.833333333333,0.577777777778,0.605263157895,0.612952059522,0.575,99,79,20,0,99,0,79,0,20,23,99,0.195652173913,2.18974518502,8.60869565217,6.6,4.5,4.59979377438,0.534319478842,0.291611769873,4.28989068105,0.996641269334,0.541062801932,2.91445898002,0.677096530713,0.355731225296,1.07629584498,0.491516479791,2.88826011686,2.18974518502,1.07629584498,2.88826011686,0.351612638569,0.458912768647,121,0.0683229813665,0.291765337837,23,23,23,1,0,0.347826086957,0.608695652174,0.0434782608696,23,0.156126482213,2.25374361736,6.86956521739,5.26666666667,3.59090909091,4.14843177189,0.60388563768,0.332966428178,3.71515430925,1.08162720396,0.574573472757,2.38986661774,0.695783952001,0.366538249862,1.15474051095,0.512365515783,2.89848615503,2.25374361736,1.15474051095,2.89848615503,0.32968504925,0.409090909091,72,0.0406549971767,0.193309640095,23,23,23,1,0,0.347826086957,0.608695652174,0.0434782608696,23,95,0.187747035573,10.7802428936,8.26086956522,5.58823529412,4.31818181818,4.835638449,0.585366759616,0.323112128146,4.20285993349,1.01753451021,0.547368421053,2.66806616768,0.645952861648,0.352402745995,6.95370111275,0.645041227866,16.1513421462,10.7802428936,6.95370111275,16.1513421462,0.39456147717,0.502008032129,125,0.0705815923207,0.201145334385,23,23,23,1,0,0.260869565217,0.695652173913,0.0434782608696,-4,-0.00790513833992,8.59049770853,-0.347826086957,-1.01176470588,-0.181818181818,0.235844674627,0.0510472807745,0.0315003582738,-0.0870307475551,0.0208932408797,0.00630561912026,-0.246392812348,-0.0311436690648,-0.00332847930102,5.87740526776,0.153524748074,13.2630820294,8.59049770853,5.87740526776,13.2630820294,0.042948838601,0.0430952634812,4,0.00225861095426,-0.0906200034518,-0.0869565217391,0.0869565217391,0,92,3,7,404,0.929292929293,0.992628992629,0.00737100737101,0.0707070707071,0.968421052632,0.929292929293,0.948453608247,0.936539782845,0.921921921922,0.901960784314,16,20,0,23,23,23,1,0,8,0,0.0386050732335,0,0,1,3.88826011686,0,16,NaN,1,ok,2.18974518502,0,23,23,23,1,0,8,0,0.0291194179175,0,0,1,3.89848615503,0,16,NaN,1,ok,2.25374361736,0,23,23,23,1,0,6,0,0.00398690055005,0,0,1,17.1513421462,0,16,NaN,1,ok,10.7802428936,0,0,0,0
723,WLNM_dir_neg,0.92625,0.740404851492,00:00:00,10,80,23,511885169,fixed,validated_v2,/gpfs/scratch/acw792/wlnm_roleonly_v2_20260910/result_wlnm_dir_neg_roleonly_trophicv2_100x290_train10-90_Apocrita_20260910_011848/ecological_snapshots/Broadstone_Stream_tax_mass_K10_ratio0.8_exp23_seed511885169_threshold0.5_validated_v2.mat,role_only,2,uniform_without_replacement,uniform_remaining_nonlinks,176,0,176,407,198,198,176,22,0,22,0.111111111111,158,40,0.5,0.894736842105,0.85,0.871794871795,17,2,3,38,0.85,0.95,0.05,0.15,0.894736842105,0.85,0.871794871795,0.916666666667,0.561111111111,0.810126582278,0.810711347101,0.8,99,79,20,0,99,0,79,0,20,23,99,0.195652173913,2.18974518502,8.60869565217,6.6,4.5,4.59979377438,0.534319478842,0.291611769873,4.28989068105,0.996641269334,0.541062801932,2.91445898002,0.677096530713,0.355731225296,1.07629584498,0.491516479791,2.88826011686,2.18974518502,1.07629584498,2.88826011686,0.351612638569,0.458912768647,121,0.0683229813665,0.291765337837,23,23,23,1,0,0.347826086957,0.608695652174,0.0434782608696,23,0.156126482213,2.22388514507,6.86956521739,5.26666666667,3.59090909091,3.87655362199,0.564308438645,0.30709961475,3.57804018165,1.04170790099,0.558062740782,2.42760800633,0.706771951211,0.380847550908,1.10077905797,0.494980174859,2.91969053953,2.22388514507,1.10077905797,2.91969053953,0.334779614325,0.414587332054,72,0.0406549971767,0.20256814614,23,23,23,1,0,0.347826086957,0.608695652174,0.0434782608696,23,98,0.193675889328,2.22317053177,8.52173913043,6.53333333333,4.26086956522,4.71814259696,0.553659590459,0.304347826087,4.45398076602,1.04532201651,0.561668145519,2.6665843202,0.625831013925,0.330967169476,1.1018892445,0.495638651535,2.93710597333,2.22317053177,1.1018892445,2.93710597333,0.36107950021,0.453350854139,115,0.0649350649351,0.251179210162,23,23,23,1,0,0.347826086957,0.652173913043,0,-1,-0.00197628458498,0.0334253467429,-0.0869565217391,-0.0666666666667,-0.239130434783,0.11834882258,0.0193401116174,0.0127360562143,0.164090084968,0.0486807471795,0.0206053435867,-0.24787465982,-0.0512655167873,-0.02476405582,0.0255933995144,0.00412217174373,0.0488458564764,0.0334253467429,0.0255933995144,0.0488458564764,0.00946686164077,-0.00556191450799,-6,-0.00338791643139,-0.0405861276748,0,0.0434782608696,-0.0434782608696,96,2,3,405,0.969696969697,0.995085995086,0.004914004914,0.030303030303,0.979591836735,0.969696969697,0.97461928934,0.968503755354,0.964782964783,0.950495049505,19,20,0,23,23,23,1,0,8,0,0.0386050732335,0,0,1,3.88826011686,0,16,NaN,1,ok,2.18974518502,0,23,23,23,1,0,8,0,0.0263392863323,0,0,1,3.91969053953,0,16,NaN,1,ok,2.22388514507,0,23,23,23,1,0,8,0,0.0291414461296,0,0,1,3.93710597333,0,16,NaN,1,ok,2.22317053177,0,0,0,0
724,WLNM_dir_neg,0.95375,0.76855988501,00:00:00,10,80,24,511885170,fixed,validated_v2,/gpfs/scratch/acw792/wlnm_roleonly_v2_20260910/result_wlnm_dir_neg_roleonly_trophicv2_100x290_train10-90_Apocrita_20260910_011848/ecological_snapshots/Broadstone_Stream_tax_mass_K10_ratio0.8_exp24_seed511885170_threshold0.5_validated_v2.mat,role_only,2,uniform_without_replacement,uniform_remaining_nonlinks,176,0,176,407,198,198,176,22,0,22,0.111111111111,158,40,0.5,0.772727272727,0.85,0.809523809524,17,5,3,35,0.85,0.875,0.125,0.15,0.772727272727,0.85,0.809523809524,0.866666666667,0.544444444444,0.707317073171,0.709218182665,0.725,99,79,20,0,99,0,79,0,20,23,99,0.195652173913,2.18974518502,8.60869565217,6.6,4.5,4.59979377438,0.534319478842,0.291611769873,4.28989068105,0.996641269334,0.541062801932,2.91445898002,0.677096530713,0.355731225296,1.07629584498,0.491516479791,2.88826011686,2.18974518502,1.07629584498,2.88826011686,0.351612638569,0.458912768647,121,0.0683229813665,0.291765337837,23,23,23,1,0,0.347826086957,0.608695652174,0.0434782608696,23,0.156126482213,2.14915543241,6.86956521739,5.26666666667,3.7619047619,3.7210011828,0.541664729141,0.297743533297,3.38211992364,0.984667825869,0.53604843148,2.64276176061,0.769411651822,0.384149697303,1.03573234087,0.481925283418,2.78220922854,2.14915543241,1.03573234087,2.78220922854,0.29935378631,0.378640776699,65,0.0367024280068,0.222698333413,23,23,23,1,0,0.347826086957,0.565217391304,0.0869565217391,23,101,0.199604743083,11.003827115,8.78260869565,5.94117647059,4.59090909091,4.889288122,0.556701122802,0.302625914765,4.2612325408,0.97037968751,0.526043908739,2.85623926988,0.650430724824,0.341799397331,7.22449803399,0.656544124014,17.1787154252,11.003827115,7.22449803399,17.1787154252,0.361336248293,0.452,113,0.0638057594579,0.228192532606,23,23,23,1,0,0.260869565217,0.695652173913,0.0434782608696,2,0.00395256916996,8.81408192994,0.173913043478,-0.658823529412,0.0909090909091,0.289494347622,0.0223816439601,0.0110141448928,-0.0286581402442,-0.0262615818246,-0.0150188931937,-0.0582197101455,-0.0266658058888,-0.0139318279654,6.14820218901,0.165027644222,14.2904553083,8.81408192994,6.14820218901,14.2904553083,0.00972360972361,-0.00691276864728,-8,-0.00451722190853,-0.0635728052308,-0.0869565217391,0.0869565217391,0,96,5,3,402,0.969696969697,0.987714987715,0.012285012285,0.030303030303,0.950495049505,0.969696969697,0.96,0.95022280831,0.957411957412,0.923076923077,22,20,0,23,23,23,1,0,8,0,0.0386050732335,0,0,1,3.88826011686,0,16,NaN,1,ok,2.18974518502,0,23,23,23,1,0,8,0,0.0313161587761,0,0,1,3.78220922854,0,16,NaN,1,ok,2.14915543241,0,23,23,23,1,0,6,0,0.00432020251386,0,0,1,18.1787154252,0,16,NaN,1,ok,11.003827115,0,0,0,0
725,WLNM_dir_neg,0.94375,0.619546968187,00:00:00,10,80,25,511885171,fixed,validated_v2,/gpfs/scratch/acw792/wlnm_roleonly_v2_20260910/result_wlnm_dir_neg_roleonly_trophicv2_100x290_train10-90_Apocrita_20260910_011848/ecological_snapshots/Broadstone_Stream_tax_mass_K10_ratio0.8_exp25_seed511885171_threshold0.5_validated_v2.mat,role_only,2,uniform_without_replacement,uniform_remaining_nonlinks,176,0,176,407,198,198,176,22,0,22,0.111111111111,158,40,0.5,0.842105263158,0.8,0.820512820513,16,3,4,37,0.8,0.925,0.075,0.2,0.842105263158,0.8,0.820512820513,0.883333333333,0.561111111111,0.73417721519,0.73470715831,0.725,99,79,20,0,99,0,79,0,20,23,99,0.195652173913,2.18974518502,8.60869565217,6.6,4.5,4.59979377438,0.534319478842,0.291611769873,4.28989068105,0.996641269334,0.541062801932,2.91445898002,0.677096530713,0.355731225296,1.07629584498,0.491516479791,2.88826011686,2.18974518502,1.07629584498,2.88826011686,0.351612638569,0.458912768647,121,0.0683229813665,0.291765337837,23,23,23,1,0,0.347826086957,0.608695652174,0.0434782608696,23,0.156126482213,2.10537924347,6.86956521739,5.26666666667,3.7619047619,3.65941311522,0.532699377532,0.294991744634,3.39553298744,0.988572895077,0.538249862411,2.59064904041,0.754239594044,0.391854705559,0.985387605319,0.468033304867,2.63440198299,2.10537924347,0.985387605319,2.63440198299,0.277515413879,0.336448598131,60,0.0338791643139,0.228270697556,23,23,23,1,0,0.347826086957,0.565217391304,0.0869565217391,23,98,0.193675889328,3.77021298661,8.52173913043,6.125,4.66666666667,4.48096545215,0.525827578569,0.289707187223,4.16934038062,0.978518660758,0.531499556344,2.97286808722,0.697713938838,0.3735581189,2.13394018257,0.565999902433,5.69003368548,3.77021298661,2.13394018257,5.69003368548,0.349020544673,0.448669201521,118,0.0666290231508,0.25798983288,23,23,23,1,0,0.304347826087,0.608695652174,0.0869565217391,-1,-0.00197628458498,1.58046780158,-0.0869565217391,-0.475,0.166666666667,-0.118828322223,-0.00849190027267,-0.00190458264992,-0.120550300425,-0.018122608576,-0.00956324558809,0.058409107199,0.0206174081254,0.0178268936033,1.05764433759,0.0744834226415,2.80177356863,1.58046780158,1.05764433759,2.80177356863,-0.00259209389644,-0.0102435671264,-3,-0.0016939582157,-0.0337755049572,-0.0434782608696,0,0.0434782608696,95,3,4,404,0.959595959596,0.992628992629,0.00737100737101,0.040404040404,0.969387755102,0.959595959596,0.964467005076,0.955897311453,0.952224952225,0.93137254902,19,20,0,23,23,23,1,0,8,0,0.0386050732335,0,0,1,3.88826011686,0,16,NaN,1,ok,2.18974518502,0,23,23,23,1,0,8,0,0.031779476784,0,0,1,3.63440198299,0,16,NaN,1,ok,2.10537924347,0,23,23,23,1,0,7,0,0.0194866040589,0,0,1,6.69003368548,0,16,NaN,1,ok,3.77021298661,0,0,0,0
726,WLNM_dir_neg,0.95625,0.853259093211,00:00:00,10,80,26,511885172,fixed,validated_v2,/gpfs/scratch/acw792/wlnm_roleonly_v2_20260910/result_wlnm_dir_neg_roleonly_trophicv2_100x290_train10-90_Apocrita_20260910_011848/ecological_snapshots/Broadstone_Stream_tax_mass_K10_ratio0.8_exp26_seed511885172_threshold0.5_validated_v2.mat,role_only,2,uniform_without_replacement,uniform_remaining_nonlinks,176,0,176,407,198,198,176,22,0,22,0.111111111111,158,40,0.5,0.782608695652,0.9,0.837209302326,18,5,2,35,0.9,0.875,0.125,0.1,0.782608695652,0.9,0.837209302326,0.883333333333,0.538888888889,0.746987951807,0.751418556624,0.775,99,79,20,0,99,0,79,0,20,23,99,0.195652173913,2.18974518502,8.60869565217,6.6,4.5,4.59979377438,0.534319478842,0.291611769873,4.28989068105,0.996641269334,0.541062801932,2.91445898002,0.677096530713,0.355731225296,1.07629584498,0.491516479791,2.88826011686,2.18974518502,1.07629584498,2.88826011686,0.351612638569,0.458912768647,121,0.0683229813665,0.291765337837,23,23,23,1,0,0.347826086957,0.608695652174,0.0434782608696,23,0.156126482213,2.24332415956,6.86956521739,5.26666666667,3.59090909091,3.86481033083,0.562598972209,0.308200330215,3.47492428899,1.01168681831,0.548156301596,2.40881122994,0.701299472009,0.374243258118,1.12615539272,0.50200297087,2.85032740879,2.24332415956,1.12615539272,2.85032740879,0.286790504182,0.355339805825,61,0.0344438170525,0.202070997785,23,23,23,1,0,0.347826086957,0.608695652174,0.0434782608696,23,102,0.201581027668,3.91953405754,8.86956521739,6.375,4.63636363636,4.72232943121,0.532419494696,0.292412617221,4.32567479714,0.975397258178,0.530264279625,2.80949828838,0.633514319929,0.337595907928,2.21389081539,0.564835203086,5.72047264169,3.91953405754,2.21389081539,5.72047264169,0.374962718441,0.444578313253,123,0.0694522868436,0.240011104092,23,23,23,1,0,0.304347826087,0.652173913043,0.0434782608696,3,0.00592885375494,1.72978887251,0.260869565217,-0.225,0.136363636364,0.122535656838,-0.00189998414601,0.000800847348162,0.0357841160905,-0.0212440111561,-0.0107985223075,-0.104960691644,-0.0435822107839,-0.0181353173681,1.13759497041,0.0733187232945,2.83221252484,1.72978887251,1.13759497041,2.83221252484,0.0233500798718,-0.0143344553943,2,0.00112930547713,-0.0517542337448,-0.0434782608696,0.0434782608696,0,97,5,2,402,0.979797979798,0.987714987715,0.012285012285,0.020202020202,0.950980392157,0.979797979798,0.965174129353,0.956711133575,0.967512967513,0.932692307692,23,20,0,23,23,23,1,0,8,0,0.0386050732335,0,0,1,3.88826011686,0,16,NaN,1,ok,2.18974518502,0,23,23,23,1,0,8,0,0.037559782099,0,0,1,3.85032740879,0,16,NaN,1,ok,2.24332415956,0,23,23,23,1,0,7,0,0.017050434381,0,0,1,6.72047264169,0,16,NaN,1,ok,3.91953405754,0,0,0,0
727,WLNM_dir_neg,0.91375,0.760729953789,00:00:00,10,80,27,511885173,fixed,validated_v2,/gpfs/scratch/acw792/wlnm_roleonly_v2_20260910/result_wlnm_dir_neg_roleonly_trophicv2_100x290_train10-90_Apocrita_20260910_011848/ecological_snapshots/Broadstone_Stream_tax_mass_K10_ratio0.8_exp27_seed511885173_threshold0.5_validated_v2.mat,role_only,2,uniform_without_replacement,uniform_remaining_nonlinks,176,0,176,407,198,198,176,22,0,22,0.111111111111,158,40,0.5,0.761904761905,0.8,0.780487804878,16,5,4,35,0.8,0.875,0.125,0.2,0.761904761905,0.8,0.780487804878,0.85,0.55,0.666666666667,0.667124384995,0.675,99,79,20,0,99,0,79,0,20,23,99,0.195652173913,2.18974518502,8.60869565217,6.6,4.5,4.59979377438,0.534319478842,0.291611769873,4.28989068105,0.996641269334,0.541062801932,2.91445898002,0.677096530713,0.355731225296,1.07629584498,0.491516479791,2.88826011686,2.18974518502,1.07629584498,2.88826011686,0.351612638569,0.458912768647,121,0.0683229813665,0.291765337837,23,23,23,1,0,0.347826086957,0.608695652174,0.0434782608696,23,0.156126482213,2.20916845588,6.86956521739,5.26666666667,3.7619047619,3.9115719675,0.569406045902,0.31150247661,3.3142404444,0.964905445839,0.52724270776,2.77695200725,0.808479698315,0.419372592185,1.09613653036,0.4961760736,2.83466741682,2.20916845588,1.09613653036,2.83466741682,0.336819493638,0.431818181818,76,0.042913608131,0.23477391656,23,23,23,1,0,0.347826086957,0.565217391304,0.0869565217391,23,100,0.197628458498,4.27288683578,8.69565217391,5.88235294118,4.7619047619,4.77145663493,0.548717513016,0.302173913043,4.09665823515,0.942231394085,0.514782608696,2.88583839484,0.663742830812,0.353043478261,2.37903657404,0.556775001416,6.26487783966,4.27288683578,2.37903657404,6.26487783966,0.399286067468,0.488721804511,130,0.0734048560136,0.214263271021,23,23,23,1,0,0.260869565217,0.652173913043,0.0869565217391,1,0.00197628458498,2.08314165076,0.0869565217391,-0.717647058824,0.261904761905,0.171662860548,0.0143980341746,0.0105621431708,-0.193232445894,-0.0544098752489,-0.0262801932367,-0.0286205851889,-0.0133536999006,-0.00268774703557,1.30274072906,0.0652585216249,3.3766177228,2.08314165076,1.30274072906,3.3766177228,0.0476734288987,0.029809035864,9,0.00508187464709,-0.0775020668156,-0.0869565217391,0.0434782608696,0.0434782608696,95,5,4,402,0.959595959596,0.987714987715,0.012285012285,0.040404040404,0.95,0.959595959596,0.954773869347,0.94372256896,0.947310947311,0.913461538462,21,20,0,23,23,23,1,0,8,0,0.0386050732335,0,0,1,3.88826011686,0,16,NaN,1,ok,2.18974518502,0,23,23,23,1,0,8,0,0.0274748290112,0,0,1,3.83466741682,0,16,NaN,1,ok,2.20916845588,0,23,23,23,1,0,6,0,0.0176382301827,0,0,1,7.26487783966,0,16,NaN,1,ok,4.27288683578,0,0,0,0
728,WLNM_dir_neg,0.9925,0.935333789018,00:00:01,10,80,28,511885174,fixed,validated_v2,/gpfs/scratch/acw792/wlnm_roleonly_v2_20260910/result_wlnm_dir_neg_roleonly_trophicv2_100x290_train10-90_Apocrita_20260910_011848/ecological_snapshots/Broadstone_Stream_tax_mass_K10_ratio0.8_exp28_seed511885174_threshold0.5_validated_v2.mat,role_only,2,uniform_without_replacement,uniform_remaining_nonlinks,176,0,176,407,198,198,176,22,0,22,0.111111111111,158,40,0.5,0.869565217391,1,0.93023255814,20,3,0,37,1,0.925,0.075,0,0.869565217391,1,0.93023255814,0.95,0.538888888889,0.89156626506,0.896854406293,0.925,99,79,20,0,99,0,79,0,20,23,99,0.195652173913,2.18974518502,8.60869565217,6.6,4.5,4.59979377438,0.534319478842,0.291611769873,4.28989068105,0.996641269334,0.541062801932,2.91445898002,0.677096530713,0.355731225296,1.07629584498,0.491516479791,2.88826011686,2.18974518502,1.07629584498,2.88826011686,0.351612638569,0.458912768647,121,0.0683229813665,0.291765337837,23,23,23,1,0,0.347826086957,0.608695652174,0.0434782608696,23,0.156126482213,2.17160858909,6.86956521739,5.26666666667,3.59090909091,3.50719193329,0.510540597884,0.280682443588,3.39553298744,0.988572895077,0.537149146946,2.38986661774,0.695783952001,0.372041827188,1.05473846804,0.485694555334,2.8268995098,2.17160858909,1.05473846804,2.8268995098,0.303616914486,0.406976744186,70,0.0395256916996,0.210788761503,23,23,23,1,0,0.347826086957,0.608695652174,0.0434782608696,23,102,0.201581027668,3.99113525823,8.86956521739,6.375,4.63636363636,4.82704829652,0.544226033431,0.298380221654,4.26216000464,0.961075295164,0.523444160273,2.87348516545,0.647942733385,0.342710997442,2.35906917284,0.591077229962,6.24514538045,3.99113525823,2.35906917284,6.24514538045,0.462159579551,0.496402877698,138,0.0779220779221,0.258627909722,23,23,23,1,0,0.304347826087,0.652173913043,0.0434782608696,3,0.00592885375494,1.8013900732,0.260869565217,-0.225,0.136363636364,0.227254522141,0.00990655458916,0.00676845178124,-0.0277306764089,-0.0355659741707,-0.0176186416596,-0.0409738145768,-0.0291537973275,-0.013020227854,1.28277332785,0.0995607501709,3.35688526359,1.8013900732,1.28277332785,3.35688526359,0.110546940982,0.0374901090506,17,0.00959909655562,-0.0331374281146,-0.0434782608696,0.0434782608696,0,99,3,0,404,1,0.992628992629,0.00737100737101,0,0.970588235294,1,0.985074626866,0.981546749909,0.992628992629,0.970588235294,23,20,0,23,23,23,1,0,8,0,0.0386050732335,0,0,1,3.88826011686,0,16,NaN,1,ok,2.18974518502,0,23,23,23,1,0,8,0,0.0279235019263,0,0,1,3.8268995098,0,16,NaN,1,ok,2.17160858909,0,23,23,23,1,0,7,0,0.0232151882643,0,0,1,7.24514538045,0,16,NaN,1,ok,3.99113525823,0,0,0,0
729,WLNM_dir_neg,0.96875,0.868963040753,00:00:00,10,80,29,511885175,fixed,validated_v2,/gpfs/scratch/acw792/wlnm_roleonly_v2_20260910/result_wlnm_dir_neg_roleonly_trophicv2_100x290_train10-90_Apocrita_20260910_011848/ecological_snapshots/Broadstone_Stream_tax_mass_K10_ratio0.8_exp29_seed511885175_threshold0.5_validated_v2.mat,role_only,2,uniform_without_replacement,uniform_remaining_nonlinks,176,0,176,407,198,198,176,22,0,22,0.111111111111,158,40,0.5,0.857142857143,0.9,0.878048780488,18,3,2,37,0.9,0.925,0.075,0.1,0.857142857143,0.9,0.878048780488,0.916666666667,0.55,0.814814814815,0.815374248327,0.825,99,79,20,0,99,0,79,0,20,23,99,0.195652173913,2.18974518502,8.60869565217,6.6,4.5,4.59979377438,0.534319478842,0.291611769873,4.28989068105,0.996641269334,0.541062801932,2.91445898002,0.677096530713,0.355731225296,1.07629584498,0.491516479791,2.88826011686,2.18974518502,1.07629584498,2.88826011686,0.351612638569,0.458912768647,121,0.0683229813665,0.291765337837,23,23,23,1,0,0.347826086957,0.608695652174,0.0434782608696,23,0.156126482213,2.1994497961,6.86956521739,5.26666666667,3.7619047619,3.87655362199,0.564308438645,0.305448541552,3.539723756,1.03055248592,0.555861309851,2.48314476121,0.722940879847,0.387451843698,1.07963186804,0.490864519823,2.85299681402,2.1994497961,1.07963186804,2.85299681402,0.312724649088,0.400763358779,70,0.0395256916996,0.198348727992,23,23,23,1,0,0.347826086957,0.565217391304,0.0869565217391,23,100,0.197628458498,2.19869429798,8.69565217391,6.66666666667,4.54545454545,4.65573724861,0.53540978359,0.292608695652,4.32338982799,0.994379660437,0.54,2.94816885621,0.678078836929,0.360869565217,1.08268960115,0.492423890917,2.90444930417,2.19869429798,1.08268960115,2.90444930417,0.377152316283,0.489493201483,132,0.0745341614907,0.281031724267,23,23,23,1,0,0.347826086957,0.608695652174,0.0434782608696,1,0.00197628458498,0.00894911295535,0.0869565217391,0.0666666666667,0.0454545454545,0.0559434742295,0.00109030474798,0.000996925779534,0.0334991469399,-0.00226160889715,-0.00106280193237,0.0337098761884,0.000982306216197,0.00513833992095,0.00639375616617,0.000907411126203,0.0161891873171,0.00894911295535,0.00639375616617,0.0161891873171,0.0255396777136,0.030580432836,11,0.00621118012422,-0.0107336135697,0,0,0,97,3,2,404,0.979797979798,0.992628992629,0.00737100737101,0.020202020202,0.97,0.979797979798,0.974874371859,0.968743455514,0.972426972427,0.950980392157,21,20,0,23,23,23,1,0,8,0,0.0386050732335,0,0,1,3.88826011686,0,16,NaN,1,ok,2.18974518502,0,23,23,23,1,0,8,0,0.0333551949182,0,0,1,3.85299681402,0,16,NaN,1,ok,2.1994497961,0,23,23,23,1,0,8,0,0.0395848597951,0,0,1,3.90444930417,0,16,NaN,1,ok,2.19869429798,0,0,0,0
730,WLNM_dir_neg,0.855,0.678826747235,00:00:01,10,80,30,511885176,fixed,validated_v2,/gpfs/scratch/acw792/wlnm_roleonly_v2_20260910/result_wlnm_dir_neg_roleonly_trophicv2_100x290_train10-90_Apocrita_20260910_011848/ecological_snapshots/Broadstone_Stream_tax_mass_K10_ratio0.8_exp30_seed511885176_threshold0.5_validated_v2.mat,role_only,2,uniform_without_replacement,uniform_remaining_nonlinks,176,0,176,407,198,198,176,22,0,22,0.111111111111,158,40,0.5,0.789473684211,0.75,0.769230769231,15,4,5,36,0.75,0.9,0.1,0.25,0.789473684211,0.75,0.769230769231,0.85,0.561111111111,0.658227848101,0.65870296952,0.65,99,79,20,0,99,0,79,0,20,23,99,0.195652173913,2.18974518502,8.60869565217,6.6,4.5,4.59979377438,0.534319478842,0.291611769873,4.28989068105,0.996641269334,0.541062801932,2.91445898002,0.677096530713,0.355731225296,1.07629584498,0.491516479791,2.88826011686,2.18974518502,1.07629584498,2.88826011686,0.351612638569,0.458912768647,121,0.0683229813665,0.291765337837,23,23,23,1,0,0.347826086957,0.608695652174,0.0434782608696,23,0.156126482213,2.22482567678,6.86956521739,5.64285714286,3.59090909091,4.02610061548,0.586077937697,0.3181067694,3.69060338694,1.07447946708,0.572372041827,2.14954724528,0.625817552423,0.341221794166,1.20376248263,0.54105923677,3.21698113208,2.22482567678,1.20376248263,3.21698113208,0.342023885206,0.423387096774,70,0.0395256916996,0.19166427733,23,23,23,1,0,0.391304347826,0.565217391304,0.0434782608696,23,98,0.193675889328,4.28252842357,8.52173913043,6.53333333333,4.45454545455,4.89776911384,0.574738212338,0.315882874889,4.35073025536,1.02108975381,0.550133096717,2.64948350549,0.62181755741,0.336291038154,2.79314815117,0.652219407536,7.1338195252,4.28252842357,2.79314815117,7.1338195252,0.396256521257,0.496765847348,128,0.0722755505364,0.241953286733,23,23,23,1,0,0.347826086957,0.608695652174,0.0434782608696,-1,-0.00197628458498,2.09278323854,-0.0869565217391,-0.0666666666667,-0.0454545454545,0.297975339463,0.0404187334966,0.0242711050164,0.0608395743169,0.0244484844757,0.00907029478458,-0.264975474537,-0.0552789733024,-0.0194401871421,1.71685230619,0.160702927745,4.24555940834,2.09278323854,1.71685230619,4.24555940834,0.0446438826874,0.0378530787007,7,0.00395256916996,-0.0498120511035,0,0,0,94,4,5,403,0.949494949495,0.990171990172,0.00982800982801,0.0505050505051,0.959183673469,0.949494949495,0.954314720812,0.943290867552,0.939666939667,0.912621359223,19,20,0,23,23,23,1,0,8,0,0.0386050732335,0,0,1,3.88826011686,0,16,NaN,1,ok,2.18974518502,0,23,23,23,1,0,9,0,0.0539773516348,0,0,1,4.21698113208,0,16,NaN,1,ok,2.22482567678,0,23,23,23,1,0,8,0,0.0235917940098,0,0,1,8.1338195252,0,16,NaN,1,ok,4.28252842357,0,0,0,0
731,WLNM_dir_neg,0.97625,0.640585636311,00:00:00,10,80,31,511885177,fixed,validated_v2,/gpfs/scratch/acw792/wlnm_roleonly_v2_20260910/result_wlnm_dir_neg_roleonly_trophicv2_100x290_train10-90_Apocrita_20260910_011848/ecological_snapshots/Broadstone_Stream_tax_mass_K10_ratio0.8_exp31_seed511885177_threshold0.5_validated_v2.mat,role_only,2,uniform_without_replacement,uniform_remaining_nonlinks,176,0,176,407,198,198,176,22,0,22,0.111111111111,158,40,0.5,0.947368421053,0.9,0.923076923077,18,1,2,39,0.9,0.975,0.025,0.1,0.947368421053,0.9,0.923076923077,0.95,0.561111111111,0.886075949367,0.886715535892,0.875,99,79,20,0,99,0,79,0,20,23,99,0.195652173913,2.18974518502,8.60869565217,6.6,4.5,4.59979377438,0.534319478842,0.291611769873,4.28989068105,0.996641269334,0.541062801932,2.91445898002,0.677096530713,0.355731225296,1.07629584498,0.491516479791,2.88826011686,2.18974518502,1.07629584498,2.88826011686,0.351612638569,0.458912768647,121,0.0683229813665,0.291765337837,23,23,23,1,0,0.347826086957,0.608695652174,0.0434782608696,23,0.156126482213,2.20223138663,6.86956521739,5.26666666667,3.59090909091,3.6093860952,0.525416963225,0.283984589983,3.51394736542,1.02304796715,0.551458447991,2.06322974873,0.600687142036,0.328013208586,1.09144142222,0.495607059664,3.03498542274,2.20223138663,1.09144142222,3.03498542274,0.291687056904,0.385375494071,65,0.0367024280068,0.185444519688,23,23,23,1,0,0.347826086957,0.608695652174,0.0434782608696,23,98,0.193675889328,2.18938930583,8.52173913043,6.53333333333,4.45454545455,4.5613949742,0.535265736769,0.290150842946,4.28758664163,1.00627033426,0.545696539485,2.84792414519,0.668390360606,0.351375332742,1.07476921549,0.490899088906,2.81621686892,2.18938930583,1.07476921549,2.81621686892,0.355566414262,0.475471698113,126,0.0711462450593,0.272633966563,23,23,23,1,0,0.347826086957,0.608695652174,0.0434782608696,-1,-0.00197628458498,-0.000355879194797,-0.0869565217391,-0.0666666666667,-0.0454545454545,-0.0383988001755,0.000946257926774,-0.00146092692677,-0.00230403941699,0.00962906492595,0.00463373755299,-0.066534834834,-0.00870617010682,-0.00435589255465,-0.00152662949107,-0.000617390885401,-0.0720432479331,-0.000355879194797,-0.00152662949107,-0.0720432479331,0.00395377569291,0.0165589294659,5,0.00282326369283,-0.0191313712742,0,0,0,97,1,2,406,0.979797979798,0.997542997543,0.002457002457,0.020202020202,0.989795918367,0.979797979798,0.984771573604,0.981110199255,0.977340977341,0.97,19,20,0,23,23,23,1,0,8,0,0.0386050732335,0,0,1,3.88826011686,0,16,NaN,1,ok,2.18974518502,0,23,23,23,1,0,8,0,0.0337803406641,0,0,1,4.03498542274,0,16,NaN,1,ok,2.20223138663,0,23,23,23,1,0,8,0,0.0333748565119,0,0,1,3.81621686892,0,16,NaN,1,ok,2.18938930583,0,0,0,0
732,WLNM_dir_neg,0.88625,0.638826603921,00:00:00,10,80,32,511885178,fixed,validated_v2,/gpfs/scratch/acw792/wlnm_roleonly_v2_20260910/result_wlnm_dir_neg_roleonly_trophicv2_100x290_train10-90_Apocrita_20260910_011848/ecological_snapshots/Broadstone_Stream_tax_mass_K10_ratio0.8_exp32_seed511885178_threshold0.5_validated_v2.mat,role_only,2,uniform_without_replacement,uniform_remaining_nonlinks,176,0,176,407,198,198,176,22,0,22,0.111111111111,158,40,0.5,0.689655172414,1,0.816326530612,20,9,0,31,1,0.775,0.225,0,0.689655172414,1,0.816326530612,0.85,0.505555555556,0.696629213483,0.731083277487,0.775,99,79,20,0,99,0,79,0,20,23,99,0.195652173913,2.18974518502,8.60869565217,6.6,4.5,4.59979377438,0.534319478842,0.291611769873,4.28989068105,0.996641269334,0.541062801932,2.91445898002,0.677096530713,0.355731225296,1.07629584498,0.491516479791,2.88826011686,2.18974518502,1.07629584498,2.88826011686,0.351612638569,0.458912768647,121,0.0683229813665,0.291765337837,23,23,23,1,0,0.347826086957,0.608695652174,0.0434782608696,23,0.156126482213,2.11444948918,6.86956521739,5.26666666667,3.7619047619,4.04861758478,0.589355724367,0.325261419923,3.57804018165,1.04170790099,0.555861309851,2.84167183437,0.827322179626,0.42927903137,0.991746371057,0.469032897751,2.71230982019,2.11444948918,0.991746371057,2.71230982019,0.284123704578,0.383333333333,69,0.038961038961,0.232336797967,23,23,23,1,0,0.347826086957,0.565217391304,0.0869565217391,23,108,0.213438735178,4.26646986357,9.39130434783,6.35294117647,4.69565217391,5.16754848185,0.550248217975,0.302334943639,4.54707481004,0.96835852436,0.524959742351,2.93001369232,0.623984397437,0.326892109501,2.21704069182,0.519642881051,6.20964757631,4.26646986357,2.21704069182,6.20964757631,0.375899221551,0.48275862069,140,0.0790513833992,0.23123737291,23,23,23,1,0,0.260869565217,0.739130434783,0,9,0.0177865612648,2.07672467855,0.782608695652,-0.247058823529,0.195652173913,0.567754707471,0.0159287391328,0.0107231737667,0.257184128989,-0.0282827449747,-0.0161030595813,0.0155547122907,-0.0531121332753,-0.0288391157956,1.14074484684,0.0281264012598,3.32138745946,2.07672467855,1.14074484684,3.32138745946,0.0242865829822,0.0238458520424,19,0.0107284020327,-0.0605279649269,-0.0869565217391,0.130434782609,-0.0434782608696,99,9,0,398,1,0.977886977887,0.022113022113,0,0.916666666667,1,0.95652173913,0.946782127206,0.977886977887,0.916666666667,29,20,0,23,23,23,1,0,8,0,0.0386050732335,0,0,1,3.88826011686,0,16,NaN,1,ok,2.18974518502,0,23,23,23,1,0,8,0,0.0285923684668,0,0,1,3.71230982019,0,16,NaN,1,ok,2.11444948918,0,23,23,23,1,0,6,0,0.0187451196904,0,0,1,7.20964757631,0,16,NaN,1,ok,4.26646986357,0,0,0,0
733,WLNM_dir_neg,0.94625,0.883867237212,00:00:00,10,80,33,511885179,fixed,validated_v2,/gpfs/scratch/acw792/wlnm_roleonly_v2_20260910/result_wlnm_dir_neg_roleonly_trophicv2_100x290_train10-90_Apocrita_20260910_011848/ecological_snapshots/Broadstone_Stream_tax_mass_K10_ratio0.8_exp33_seed511885179_threshold0.5_validated_v2.mat,role_only,2,uniform_without_replacement,uniform_remaining_nonlinks,176,0,176,407,198,198,176,22,0,22,0.111111111111,158,40,0.5,0.9375,0.75,0.833333333333,15,1,5,39,0.75,0.975,0.025,0.25,0.9375,0.75,0.833333333333,0.9,0.577777777778,0.763157894737,0.772852596789,0.725,99,79,20,0,99,0,79,0,20,23,99,0.195652173913,2.18974518502,8.60869565217,6.6,4.5,4.59979377438,0.534319478842,0.291611769873,4.28989068105,0.996641269334,0.541062801932,2.91445898002,0.677096530713,0.355731225296,1.07629584498,0.491516479791,2.88826011686,2.18974518502,1.07629584498,2.88826011686,0.351612638569,0.458912768647,121,0.0683229813665,0.291765337837,23,23,23,1,0,0.347826086957,0.608695652174,0.0434782608696,23,0.156126482213,2.09783954614,6.86956521739,5.64285714286,3.59090909091,3.64697069592,0.53088813928,0.288937809576,3.48798049093,1.01548799103,0.547055586131,2.33210959817,0.678968617188,0.358833241607,1.08094146327,0.51526412745,3.0973354232,2.09783954614,1.08094146327,3.0973354232,0.271759805851,0.383104125737,65,0.0367024280068,0.230388042791,23,23,23,1,0,0.391304347826,0.565217391304,0.0434782608696,23,95,0.187747035573,3.67175479414,8.26086956522,6.33333333333,4.31818181818,4.6731086724,0.565692102448,0.308009153318,4.21366120037,1.02014955377,0.551945080092,2.54601913558,0.616404632824,0.331350114416,2.35566898197,0.641564895818,5.87314873128,3.67175479414,2.35566898197,5.87314873128,0.379993995903,0.487394957983,116,0.0654997176736,0.233937187151,23,23,23,1,0,0.347826086957,0.608695652174,0.0434782608696,-4,-0.00790513833992,1.48200960911,-0.347826086957,-0.266666666667,-0.181818181818,0.0733148980198,0.0313726236063,0.0163973834454,-0.0762294806821,0.0235082844384,0.0108822781592,-0.368439844445,-0.0606918978883,-0.02438111088,1.27937313699,0.150048416027,2.98488861443,1.48200960911,1.27937313699,2.98488861443,0.0283813573339,0.0284821893359,-5,-0.00282326369283,-0.0578281506853,0,0,0,94,1,5,406,0.949494949495,0.997542997543,0.002457002457,0.0505050505051,0.989473684211,0.949494949495,0.969072164948,0.96205404403,0.947037947038,0.94,16,20,0,23,23,23,1,0,8,0,0.0386050732335,0,0,1,3.88826011686,0,16,NaN,1,ok,2.18974518502,0,23,23,23,1,0,9,0,0.0432423252019,0,0,1,4.0973354232,0,16,NaN,1,ok,2.09783954614,0,23,23,23,1,0,8,0,0.0258446044357,0,0,1,6.87314873128,0,16,NaN,1,ok,3.67175479414,0,0,0,0
734,WLNM_dir_neg,0.895,0.727216309479,00:00:00,10,80,34,511885180,fixed,validated_v2,/gpfs/scratch/acw792/wlnm_roleonly_v2_20260910/result_wlnm_dir_neg_roleonly_trophicv2_100x290_train10-90_Apocrita_20260910_011848/ecological_snapshots/Broadstone_Stream_tax_mass_K10_ratio0.8_exp34_seed511885180_threshold0.5_validated_v2.mat,role_only,2,uniform_without_replacement,uniform_remaining_nonlinks,176,0,176,407,198,198,176,22,0,22,0.111111111111,158,40,0.5,0.764705882353,0.65,0.702702702703,13,4,7,36,0.65,0.9,0.1,0.35,0.764705882353,0.65,0.702702702703,0.816666666667,0.572222222222,0.571428571429,0.575372359063,0.55,99,79,20,0,99,0,79,0,20,23,99,0.195652173913,2.18974518502,8.60869565217,6.6,4.5,4.59979377438,0.534319478842,0.291611769873,4.28989068105,0.996641269334,0.541062801932,2.91445898002,0.677096530713,0.355731225296,1.07629584498,0.491516479791,2.88826011686,2.18974518502,1.07629584498,2.88826011686,0.351612638569,0.458912768647,121,0.0683229813665,0.291765337837,23,23,23,1,0,0.347826086957,0.608695652174,0.0434782608696,23,0.156126482213,2.20314518066,6.86956521739,5.26666666667,3.7619047619,4.02610061548,0.586077937697,0.324160704458,3.71515430925,1.08162720396,0.575674188222,2.42760800633,0.706771951211,0.378646119978,1.08645867763,0.493139847148,2.96040611485,2.20314518066,1.08645867763,2.96040611485,0.339748415835,0.418994413408,75,0.0423489553924,0.199510585897,23,23,23,1,0,0.347826086957,0.565217391304,0.0869565217391,23,96,0.189723320158,2.69443046279,8.34782608696,6,4.36363636364,4.49857245692,0.538891492236,0.296195652174,4.19580064863,1.0052439054,0.54347826087,2.6739853456,0.640642322382,0.346014492754,1.34064746658,0.49756246639,3.5504191892,2.69443046279,1.34064746658,3.5504191892,0.378947622426,0.456258411844,113,0.0638057594579,0.212067669173,23,23,23,1,0,0.304347826087,0.652173913043,0.0434782608696,-3,-0.00592885375494,0.504685277762,-0.260869565217,-0.6,-0.136363636364,-0.101221317453,0.00457201339393,0.00458388230127,-0.094090032422,0.00860263606559,0.0024154589372,-0.240473634429,-0.0364542083305,-0.00971673254282,0.264351621597,0.00604598659862,0.662159072341,0.504685277762,0.264351621597,0.662159072341,0.0273349838567,-0.00265435680341,-8,-0.00451722190853,-0.0796976686638,-0.0434782608696,0.0434782608696,0,92,4,7,403,0.929292929293,0.990171990172,0.00982800982801,0.0707070707071,0.958333333333,0.929292929293,0.94358974359,0.930298715253,0.919464919465,0.893203883495,17,20,0,23,23,23,1,0,8,0,0.0386050732335,0,0,1,3.88826011686,0,16,NaN,1,ok,2.18974518502,0,23,23,23,1,0,8,0,0.0252685885497,0,0,1,3.96040611485,0,16,NaN,1,ok,2.20314518066,0,23,23,23,1,0,7,0,0.027176996562,0,0,1,4.5504191892,0,16,NaN,1,ok,2.69443046279,0,0,0,0
735,WLNM_dir_neg,0.89,0.633583665814,00:00:00,10,80,35,511885181,fixed,validated_v2,/gpfs/scratch/acw792/wlnm_roleonly_v2_20260910/result_wlnm_dir_neg_roleonly_trophicv2_100x290_train10-90_Apocrita_20260910_011848/ecological_snapshots/Broadstone_Stream_tax_mass_K10_ratio0.8_exp35_seed511885181_threshold0.5_validated_v2.mat,role_only,2,uniform_without_replacement,uniform_remaining_nonlinks,176,0,176,407,198,198,176,22,0,22,0.111111111111,158,40,0.5,0.85,0.85,0.85,17,3,3,37,0.85,0.925,0.075,0.15,0.85,0.85,0.85,0.9,0.555555555556,0.775,0.775,0.775,99,79,20,0,99,0,79,0,20,23,99,0.195652173913,2.18974518502,8.60869565217,6.6,4.5,4.59979377438,0.534319478842,0.291611769873,4.28989068105,0.996641269334,0.541062801932,2.91445898002,0.677096530713,0.355731225296,1.07629584498,0.491516479791,2.88826011686,2.18974518502,1.07629584498,2.88826011686,0.351612638569,0.458912768647,121,0.0683229813665,0.291765337837,23,23,23,1,0,0.347826086957,0.608695652174,0.0434782608696,23,0.156126482213,2.27913768428,6.86956521739,5.26666666667,3.7619047619,3.73319687309,0.543440051147,0.296642817832,3.46181884612,1.00787130963,0.545954870666,2.23252989304,0.649977057468,0.355531095212,1.17483277784,0.515472490293,3.31688227684,2.27913768428,1.17483277784,3.31688227684,0.342869690696,0.466666666667,77,0.0434782608696,0.187938767582,23,23,23,1,0,0.347826086957,0.565217391304,0.0869565217391,23,99,0.195652173913,2.1959650121,8.60869565217,6.6,4.5,4.57005202313,0.530864628949,0.292050944225,4.37383524868,1.01614354262,0.549846288977,2.78689763339,0.647461066342,0.346069389548,1.06631914651,0.485581118386,2.84792796782,2.1959650121,1.06631914651,2.84792796782,0.361506368028,0.458598726115,120,0.0677583286279,0.260304231822,23,23,23,1,0,0.347826086957,0.608695652174,0.0434782608696,0,0,0.00621982707805,0,0,0,-0.0297417512519,-0.00345484989289,0.000439174352218,0.0839445676343,0.0195022732888,0.00878348704436,-0.127561346638,-0.0296354643706,-0.00966183574879,-0.00997669846978,-0.00593536140524,-0.0403321490361,0.00621982707805,-0.00997669846978,-0.0403321490361,0.00989372945895,-0.000314042532632,-1,-0.000564652738566,-0.0314611060144,0,0,0,96,3,3,404,0.969696969697,0.992628992629,0.00737100737101,0.030303030303,0.969696969697,0.969696969697,0.969696969697,0.962325962326,0.962325962326,0.941176470588,20,20,0,23,23,23,1,0,8,0,0.0386050732335,0,0,1,3.88826011686,0,16,NaN,1,ok,2.18974518502,0,23,23,23,1,0,8,0,0.0349391869622,0,0,1,4.31688227684,0,16,NaN,1,ok,2.27913768428,0,23,23,23,1,0,8,0,0.028417366807,0,0,1,3.84792796782,0,16,NaN,1,ok,2.1959650121,0,0,0,0
736,WLNM_dir_neg,0.97,0.58983288434,00:00:00,10,80,36,511885182,fixed,validated_v2,/gpfs/scratch/acw792/wlnm_roleonly_v2_20260910/result_wlnm_dir_neg_roleonly_trophicv2_100x290_train10-90_Apocrita_20260910_011848/ecological_snapshots/Broadstone_Stream_tax_mass_K10_ratio0.8_exp36_seed511885182_threshold0.5_validated_v2.mat,role_only,2,uniform_without_replacement,uniform_remaining_nonlinks,176,0,176,407,198,198,176,22,0,22,0.111111111111,158,40,0.5,0.941176470588,0.8,0.864864864865,16,1,4,39,0.8,0.975,0.025,0.2,0.941176470588,0.8,0.864864864865,0.916666666667,0.572222222222,0.805194805195,0.810751960497,0.775,99,79,20,0,99,0,79,0,20,23,99,0.195652173913,2.18974518502,8.60869565217,6.6,4.5,4.59979377438,0.534319478842,0.291611769873,4.28989068105,0.996641269334,0.541062801932,2.91445898002,0.677096530713,0.355731225296,1.07629584498,0.491516479791,2.88826011686,2.18974518502,1.07629584498,2.88826011686,0.351612638569,0.458912768647,121,0.0683229813665,0.291765337837,23,23,23,1,0,0.347826086957,0.608695652174,0.0434782608696,23,0.156126482213,2.15655427267,6.86956521739,5.26666666667,3.59090909091,3.62195763022,0.527246996804,0.288937809576,3.46181884612,1.00787130963,0.545954870666,2.64276176061,0.769411651822,0.386351128233,1.05301766088,0.488287113484,2.76076984965,2.15655427267,1.05301766088,2.76076984965,0.25698914612,0.31640625,54,0.0304912478826,0.231693280265,23,23,23,1,0,0.347826086957,0.608695652174,0.0434782608696,23,96,0.189723320158,2.20598990327,8.34782608696,6.4,4.36363636364,4.50866535031,0.540100536756,0.294384057971,4.24962216409,1.01813864348,0.548913043478,2.9488391231,0.706492706576,0.35597826087,1.09724428594,0.497393158652,2.83995999,2.20598990327,1.09724428594,2.83995999,0.356310597615,0.445945945946,110,0.0621118012422,0.288348595849,23,23,23,1,0,0.347826086957,0.608695652174,0.0434782608696,-3,-0.00592885375494,0.016244718248,-0.260869565217,-0.2,-0.136363636364,-0.0911284240648,0.00578105791438,0.00277228809837,-0.0402685169544,0.0214973741464,0.00785024154589,0.0343801430735,0.0293961758628,0.000247035573123,0.0209484409592,0.00587667886036,-0.0483001268603,0.016244718248,0.0209484409592,-0.0483001268603,0.00469795904579,-0.0129668227013,-11,-0.00621118012422,-0.00341674198817,0,0,0,95,1,4,406,0.959595959596,0.997542997543,0.002457002457,0.040404040404,0.989583333333,0.959595959596,0.974358974359,0.968416655486,0.957138957139,0.95,17,20,0,23,23,23,1,0,8,0,0.0386050732335,0,0,1,3.88826011686,0,16,NaN,1,ok,2.18974518502,0,23,23,23,1,0,8,0,0.027187270925,0,0,1,3.76076984965,0,16,NaN,1,ok,2.15655427267,0,23,23,23,1,0,8,0,0.0380000625813,0,0,1,3.83995999,0,16,NaN,1,ok,2.20598990327,0,0,0,0
737,WLNM_dir_neg,0.96625,0.875744224899,00:00:00,10,80,37,511885183,fixed,validated_v2,/gpfs/scratch/acw792/wlnm_roleonly_v2_20260910/result_wlnm_dir_neg_roleonly_trophicv2_100x290_train10-90_Apocrita_20260910_011848/ecological_snapshots/Broadstone_Stream_tax_mass_K10_ratio0.8_exp37_seed511885183_threshold0.5_validated_v2.mat,role_only,2,uniform_without_replacement,uniform_remaining_nonlinks,176,0,176,407,198,198,176,22,0,22,0.111111111111,158,40,0.5,0.857142857143,0.9,0.878048780488,18,3,2,37,0.9,0.925,0.075,0.1,0.857142857143,0.9,0.878048780488,0.916666666667,0.55,0.814814814815,0.815374248327,0.825,99,79,20,0,99,0,79,0,20,23,99,0.195652173913,2.18974518502,8.60869565217,6.6,4.5,4.59979377438,0.534319478842,0.291611769873,4.28989068105,0.996641269334,0.541062801932,2.91445898002,0.677096530713,0.355731225296,1.07629584498,0.491516479791,2.88826011686,2.18974518502,1.07629584498,2.88826011686,0.351612638569,0.458912768647,121,0.0683229813665,0.291765337837,23,23,23,1,0,0.347826086957,0.608695652174,0.0434782608696,23,0.156126482213,2.34460472042,6.86956521739,5.26666666667,3.59090909091,3.50719193329,0.510540597884,0.280682443588,3.39553298744,0.988572895077,0.537149146946,2.23252989304,0.649977057468,0.347826086957,1.25272444643,0.534300914572,3.09412139008,2.34460472042,1.25272444643,3.09412139008,0.281884057971,0.374257425743,63,0.0355731225296,0.193292844721,23,23,23,1,0,0.347826086957,0.608695652174,0.0434782608696,23,100,0.197628458498,2.30720019559,8.69565217391,6.66666666667,4.54545454545,4.60666298675,0.529766243477,0.289130434783,4.25984096643,0.979763422279,0.533913043478,2.94816885621,0.678078836929,0.355652173913,1.17071009476,0.50741591345,3.11696344892,2.30720019559,1.17071009476,3.11696344892,0.341513558905,0.442307692308,115,0.0649350649351,0.292813955419,23,23,23,1,0,0.347826086957,0.608695652174,0.0434782608696,1,0.00197628458498,0.117455010566,0.0869565217391,0.0666666666667,0.0454545454545,0.00686921237564,-0.00455323536522,-0.00248133509003,-0.0300497146157,-0.0168778470549,-0.00714975845411,0.0337098761884,0.000982306216197,-7.9051383399e-05,0.0944142497738,0.0158994336584,0.228703332064,0.117455010566,0.0944142497738,0.228703332064,-0.0100990796643,-0.0166050763396,-6,-0.00338791643139,0.00104861758223,0,0,0,97,3,2,404,0.979797979798,0.992628992629,0.00737100737101,0.020202020202,0.97,0.979797979798,0.974874371859,0.968743455514,0.972426972427,0.950980392157,21,20,0,23,23,23,1,0,8,0,0.0386050732335,0,0,1,3.88826011686,0,16,NaN,1,ok,2.18974518502,0,23,23,23,1,0,8,0,0.0363966640815,0,0,1,4.09412139008,0,16,NaN,1,ok,2.34460472042,0,23,23,23,1,0,8,0,0.0410488896862,0,0,1,4.11696344892,0,16,NaN,1,ok,2.30720019559,0,0,0,0
738,WLNM_dir_neg,0.94625,0.825805055529,00:00:00,10,80,38,511885184,fixed,validated_v2,/gpfs/scratch/acw792/wlnm_roleonly_v2_20260910/result_wlnm_dir_neg_roleonly_trophicv2_100x290_train10-90_Apocrita_20260910_011848/ecological_snapshots/Broadstone_Stream_tax_mass_K10_ratio0.8_exp38_seed511885184_threshold0.5_validated_v2.mat,role_only,2,uniform_without_replacement,uniform_remaining_nonlinks,176,0,176,407,198,198,176,22,0,22,0.111111111111,158,40,0.5,0.809523809524,0.85,0.829268292683,17,4,3,36,0.85,0.9,0.1,0.15,0.809523809524,0.85,0.829268292683,0.883333333333,0.55,0.740740740741,0.741249316661,0.75,99,79,20,0,99,0,79,0,20,23,99,0.195652173913,2.18974518502,8.60869565217,6.6,4.5,4.59979377438,0.534319478842,0.291611769873,4.28989068105,0.996641269334,0.541062801932,2.91445898002,0.677096530713,0.355731225296,1.07629584498,0.491516479791,2.88826011686,2.18974518502,1.07629584498,2.88826011686,0.351612638569,0.458912768647,121,0.0683229813665,0.291765337837,23,23,23,1,0,0.347826086957,0.608695652174,0.0434782608696,23,0.156126482213,2.10273061509,6.86956521739,5.26666666667,3.59090909091,3.94627958078,0.574458419986,0.318657127133,3.67826647604,1.07088770821,0.572372041827,2.31253672121,0.673270184657,0.358833241607,1.01358598638,0.482033209154,2.93017843289,2.10273061509,1.01358598638,2.93017843289,0.326764397219,0.38691588785,69,0.038961038961,0.193616832903,23,23,23,1,0,0.347826086957,0.608695652174,0.0434782608696,23,100,0.197628458498,3.98242589572,8.69565217391,5.88235294118,4.54545454545,4.69462732192,0.539882142021,0.298695652174,4.3128633776,0.991958576848,0.53652173913,2.94816885621,0.678078836929,0.354782608696,2.10720330826,0.52912555398,5.38065175068,3.98242589572,2.10720330826,5.38065175068,0.395388427997,0.477941176471,130,0.0734048560136,0.250939933169,23,23,23,1,0,0.260869565217,0.695652173913,0.0434782608696,1,0.00197628458498,1.7926807107,0.0869565217391,-0.717647058824,0.0454545454545,0.094833547541,0.00556266317879,0.00708388230127,0.0229726965517,-0.00468269248646,-0.00454106280193,0.0337098761884,0.000982306216197,-0.00094861660079,1.03090746328,0.0376090741891,2.49239163382,1.7926807107,1.03090746328,2.49239163382,0.043775789428,0.0190284078233,9,0.00508187464709,-0.0408254046682,-0.0869565217391,0.0869565217391,0,96,4,3,403,0.969696969697,0.990171990172,0.00982800982801,0.030303030303,0.96,0.969696969697,0.964824120603,0.956233012237,0.959868959869,0.932038834951,21,20,0,23,23,23,1,0,8,0,0.0386050732335,0,0,1,3.88826011686,0,16,NaN,1,ok,2.18974518502,0,23,23,23,1,0,8,0,0.0317459570554,0,0,1,3.93017843289,0,16,NaN,1,ok,2.10273061509,0,23,23,23,1,0,6,0,0.00983484344604,0,0,1,6.38065175068,0,16,NaN,1,ok,3.98242589572,0,0,0,0
739,WLNM_dir_neg,0.91875,0.231366422479,00:00:00,10,80,39,511885185,fixed,validated_v2,/gpfs/scratch/acw792/wlnm_roleonly_v2_20260910/result_wlnm_dir_neg_roleonly_trophicv2_100x290_train10-90_Apocrita_20260910_011848/ecological_snapshots/Broadstone_Stream_tax_mass_K10_ratio0.8_exp39_seed511885185_threshold0.5_validated_v2.mat,role_only,2,uniform_without_replacement,uniform_remaining_nonlinks,176,0,176,407,198,198,176,22,0,22,0.111111111111,158,40,0.5,0.8,1,0.888888888889,20,5,0,35,1,0.875,0.125,0,0.8,1,0.888888888889,0.916666666667,0.527777777778,0.823529411765,0.836660026534,0.875,99,79,20,0,99,0,79,0,20,23,99,0.195652173913,2.18974518502,8.60869565217,6.6,4.5,4.59979377438,0.534319478842,0.291611769873,4.28989068105,0.996641269334,0.541062801932,2.91445898002,0.677096530713,0.355731225296,1.07629584498,0.491516479791,2.88826011686,2.18974518502,1.07629584498,2.88826011686,0.351612638569,0.458912768647,121,0.0683229813665,0.291765337837,23,23,23,1,0,0.347826086957,0.608695652174,0.0434782608696,23,0.156126482213,2.1928130136,6.86956521739,5.26666666667,3.7619047619,3.76954720968,0.54873155584,0.300495321959,3.61595061004,1.05274511431,0.563566318107,2.27288537,0.661726120378,0.357732526142,1.09386790485,0.498842308062,2.8974742268,2.1928130136,1.09386790485,2.8974742268,0.303138528139,0.392354124748,65,0.0367024280068,0.182410529869,23,23,23,1,0,0.347826086957,0.565217391304,0.0869565217391,23,104,0.205533596838,2.22415013505,9.04347826087,6.93333333333,4.72727272727,4.78138683637,0.528711044407,0.28762541806,4.47081002644,0.98873683277,0.536789297659,2.93675091366,0.649473759751,0.351170568562,1.07463221177,0.48316532002,2.88219390384,2.22415013505,1.07463221177,2.88219390384,0.377835690879,0.479141835518,134,0.0756634669678,0.287990579825,23,23,23,1,0,0.347826086957,0.608695652174,0.0434782608696,5,0.0098814229249,0.0344049500205,0.434782608696,0.333333333333,0.227272727273,0.181593061997,-0.00560843443504,-0.00398635181244,0.18091934539,-0.00790443656447,-0.0042735042735,0.0222919336306,-0.0276227709621,-0.00456065673457,-0.0016636332119,-0.00835115977141,-0.00606621302264,0.0344049500205,-0.0016636332119,-0.00606621302264,0.02622305231,0.0202290668712,13,0.00734048560136,-0.00377475801182,0,0,0,99,5,0,402,1,0.987714987715,0.012285012285,0,0.951923076923,1,0.975369458128,0.969653902291,0.987714987715,0.951923076923,25,20,0,23,23,23,1,0,8,0,0.0386050732335,0,0,1,3.88826011686,0,16,NaN,1,ok,2.18974518502,0,23,23,23,1,0,8,0,0.0287465533049,0,0,1,3.8974742268,0,16,NaN,1,ok,2.1928130136,0,23,23,23,1,0,8,0,0.0391802869661,0,0,1,3.88219390384,0,16,NaN,1,ok,2.22415013505,0,0,0,0
740,WLNM_dir_neg,0.96125,0.894769600427,00:00:00,10,80,40,511885186,fixed,validated_v2,/gpfs/scratch/acw792/wlnm_roleonly_v2_20260910/result_wlnm_dir_neg_roleonly_trophicv2_100x290_train10-90_Apocrita_20260910_011848/ecological_snapshots/Broadstone_Stream_tax_mass_K10_ratio0.8_exp40_seed511885186_threshold0.5_validated_v2.mat,role_only,2,uniform_without_replacement,uniform_remaining_nonlinks,176,0,176,407,198,198,176,22,0,22,0.111111111111,158,40,0.5,0.941176470588,0.8,0.864864864865,16,1,4,39,0.8,0.975,0.025,0.2,0.941176470588,0.8,0.864864864865,0.916666666667,0.572222222222,0.805194805195,0.810751960497,0.775,99,79,20,0,99,0,79,0,20,23,99,0.195652173913,2.18974518502,8.60869565217,6.6,4.5,4.59979377438,0.534319478842,0.291611769873,4.28989068105,0.996641269334,0.541062801932,2.91445898002,0.677096530713,0.355731225296,1.07629584498,0.491516479791,2.88826011686,2.18974518502,1.07629584498,2.88826011686,0.351612638569,0.458912768647,121,0.0683229813665,0.291765337837,23,23,23,1,0,0.347826086957,0.608695652174,0.0434782608696,23,0.156126482213,2.16715490547,6.86956521739,5.26666666667,3.59090909091,3.99208703478,0.581126593671,0.32471106219,3.55254181674,1.03428432639,0.555861309851,2.62550578602,0.764387760486,0.392955421024,1.06384504907,0.490894788548,2.81426751592,2.16715490547,1.06384504907,2.81426751592,0.288669002955,0.36,63,0.0355731225296,0.226710194567,23,23,23,1,0,0.347826086957,0.608695652174,0.0434782608696,23,96,0.189723320158,2.21287150357,8.34782608696,6.4,4.36363636364,4.49857245692,0.538891492236,0.297554347826,4.10821985241,0.984261006306,0.535326086957,3.02492935925,0.724722658987,0.376811594203,1.08613299319,0.490825152493,2.90529938059,2.21287150357,1.08613299319,2.90529938059,0.366481103438,0.456873315364,113,0.0638057594579,0.292610418682,23,23,23,1,0,0.347826086957,0.608695652174,0.0434782608696,-3,-0.00592885375494,0.0231263185443,-0.260869565217,-0.2,-0.136363636364,-0.101221317453,0.00457201339393,0.00594257795345,-0.181670828638,-0.0123802630278,-0.00573671497585,0.110470379227,0.0476261282745,0.0210803689065,0.00983714820286,-0.00069132729853,0.0170392637341,0.0231263185443,0.00983714820286,0.0170392637341,0.0148684648685,-0.0020394532834,-8,-0.00451722190853,0.000845080845081,0,0,0,95,1,4,406,0.959595959596,0.997542997543,0.002457002457,0.040404040404,0.989583333333,0.959595959596,0.974358974359,0.968416655486,0.957138957139,0.95,17,20,0,23,23,23,1,0,8,0,0.0386050732335,0,0,1,3.88826011686,0,16,NaN,1,ok,2.18974518502,0,23,23,23,1,0,8,0,0.0222924957266,0,0,1,3.81426751592,0,16,NaN,1,ok,2.16715490547,0,23,23,23,1,0,8,0,0.0394532945965,0,0,1,3.90529938059,0,16,NaN,1,ok,2.21287150357,0,0,0,0
741,WLNM_dir_neg,0.92,0.795619973549,00:00:00,10,80,41,511885187,fixed,validated_v2,/gpfs/scratch/acw792/wlnm_roleonly_v2_20260910/result_wlnm_dir_neg_roleonly_trophicv2_100x290_train10-90_Apocrita_20260910_011848/ecological_snapshots/Broadstone_Stream_tax_mass_K10_ratio0.8_exp41_seed511885187_threshold0.5_validated_v2.mat,role_only,2,uniform_without_replacement,uniform_remaining_nonlinks,176,0,176,407,198,198,176,22,0,22,0.111111111111,158,40,0.5,0.785714285714,0.55,0.647058823529,11,3,9,37,0.55,0.925,0.075,0.45,0.785714285714,0.55,0.647058823529,0.8,0.588888888889,0.513513513514,0.529414301947,0.475,99,79,20,0,99,0,79,0,20,23,99,0.195652173913,2.18974518502,8.60869565217,6.6,4.5,4.59979377438,0.534319478842,0.291611769873,4.28989068105,0.996641269334,0.541062801932,2.91445898002,0.677096530713,0.355731225296,1.07629584498,0.491516479791,2.88826011686,2.18974518502,1.07629584498,2.88826011686,0.351612638569,0.458912768647,121,0.0683229813665,0.291765337837,23,23,23,1,0,0.347826086957,0.608695652174,0.0434782608696,23,0.156126482213,2.09820312276,6.86956521739,5.26666666667,3.59090909091,4.00345700416,0.582781715796,0.324160704458,3.52685910944,1.0268070825,0.552559163456,2.5553168627,0.743953010658,0.390753990094,0.993372723154,0.47343973154,2.7802354824,2.09820312276,0.993372723154,2.7802354824,0.373351648352,0.451672862454,81,0.0457368718238,0.225255670256,23,23,23,1,0,0.347826086957,0.608695652174,0.0434782608696,23,93,0.183794466403,2.59200561789,8.08695652174,5.47058823529,4.22727272727,4.86091128267,0.601080427427,0.332398316971,3.9712404848,0.982134743554,0.5301542777,3.08188638912,0.762186956448,0.408602150538,1.27221702814,0.490823406926,3.921061399,2.59200561789,1.27221702814,3.921061399,0.471156368884,0.499306518724,120,0.0677583286279,0.222316026198,23,23,23,1,0,0.260869565217,0.695652173913,0.0434782608696,-6,-0.0118577075099,0.402260432861,-0.521739130435,-1.12941176471,-0.272727272727,0.261117508297,0.0667609485856,0.0407865470979,-0.318650196244,-0.0145065257807,-0.0109085242325,0.167427409091,0.0850904257352,0.0528709252412,0.19592118316,-0.00069307286483,1.03280128215,0.402260432861,0.19592118316,1.03280128215,0.119543730314,0.0403937500767,-1,-0.000564652738566,-0.0694493116388,-0.0869565217391,0.0869565217391,0,90,3,9,404,0.909090909091,0.992628992629,0.00737100737101,0.0909090909091,0.967741935484,0.909090909091,0.9375,0.923570296435,0.90171990172,0.882352941176,14,20,0,23,23,23,1,0,8,0,0.0386050732335,0,0,1,3.88826011686,0,16,NaN,1,ok,2.18974518502,0,23,23,23,1,0,8,0,0.0321955552431,0,0,1,3.7802354824,0,16,NaN,1,ok,2.09820312276,0,23,23,23,1,0,6,0,0.0261299054313,0,0,1,4.921061399,0,16,NaN,1,ok,2.59200561789,0,0,0,0
742,WLNM_dir_neg,0.915,0.811715305217,00:00:00,10,80,42,511885188,fixed,validated_v2,/gpfs/scratch/acw792/wlnm_roleonly_v2_20260910/result_wlnm_dir_neg_roleonly_trophicv2_100x290_train10-90_Apocrita_20260910_011848/ecological_snapshots/Broadstone_Stream_tax_mass_K10_ratio0.8_exp42_seed511885188_threshold0.5_validated_v2.mat,role_only,2,uniform_without_replacement,uniform_remaining_nonlinks,176,0,176,407,198,198,176,22,0,22,0.111111111111,158,40,0.5,0.9375,0.75,0.833333333333,15,1,5,39,0.75,0.975,0.025,0.25,0.9375,0.75,0.833333333333,0.9,0.577777777778,0.763157894737,0.772852596789,0.725,99,79,20,0,99,0,79,0,20,23,99,0.195652173913,2.18974518502,8.60869565217,6.6,4.5,4.59979377438,0.534319478842,0.291611769873,4.28989068105,0.996641269334,0.541062801932,2.91445898002,0.677096530713,0.355731225296,1.07629584498,0.491516479791,2.88826011686,2.18974518502,1.07629584498,2.88826011686,0.351612638569,0.458912768647,121,0.0683229813665,0.291765337837,23,23,23,1,0,0.347826086957,0.608695652174,0.0434782608696,23,0.156126482213,2.21153202277,6.86956521739,5.26666666667,3.7619047619,3.94627958078,0.574458419986,0.317006053935,3.57804018165,1.04170790099,0.556962025316,2.5553168627,0.743953010658,0.375343973583,1.11972393209,0.506311426001,3.33303997066,2.21153202277,1.11972393209,3.33303997066,0.266467831685,0.312138728324,54,0.0304912478826,0.222537073882,23,23,23,1,0,0.347826086957,0.565217391304,0.0869565217391,23,95,0.187747035573,2.23364278412,8.26086956522,6.33333333333,4.52380952381,4.45398076602,0.539166092728,0.293363844394,4.23518109333,1.02535963312,0.552860411899,2.73536349298,0.662245898301,0.351487414188,1.13122887568,0.506450218324,3.24582783399,2.23364278412,1.13122887568,3.24582783399,0.371247592987,0.432732316227,104,0.0587238848108,0.261288794052,23,23,23,1,0,0.347826086957,0.565217391304,0.0869565217391,-4,-0.00790513833992,0.0438975990971,-0.347826086957,-0.266666666667,0.0238095238095,-0.145813008362,0.00484661388635,0.00175207452095,-0.0547095877195,0.0287183637872,0.0117976099669,-0.179095487043,-0.014850632412,-0.0042438111088,0.0549330306936,0.014933738533,0.357567717135,0.0438975990971,0.0549330306936,0.357567717135,0.0196349544176,-0.0261804524198,-17,-0.00959909655562,-0.0304765437848,0,-0.0434782608696,0.0434782608696,94,1,5,406,0.949494949495,0.997542997543,0.002457002457,0.0505050505051,0.989473684211,0.949494949495,0.969072164948,0.96205404403,0.947037947038,0.94,16,20,0,23,23,23,1,0,8,0,0.0386050732335,0,0,1,3.88826011686,0,16,NaN,1,ok,2.18974518502,0,23,23,23,1,0,8,0,0.0281897085432,0,0,1,4.33303997066,0,16,NaN,1,ok,2.21153202277,0,23,23,23,1,0,8,0,0.0338469219286,0,0,1,4.24582783399,0,16,NaN,1,ok,2.23364278412,0,0,0,0
743,WLNM_dir_neg,0.955,0.605687142176,00:00:00,10,80,43,511885189,fixed,validated_v2,/gpfs/scratch/acw792/wlnm_roleonly_v2_20260910/result_wlnm_dir_neg_roleonly_trophicv2_100x290_train10-90_Apocrita_20260910_011848/ecological_snapshots/Broadstone_Stream_tax_mass_K10_ratio0.8_exp43_seed511885189_threshold0.5_validated_v2.mat,role_only,2,uniform_without_replacement,uniform_remaining_nonlinks,176,0,176,407,198,198,176,22,0,22,0.111111111111,158,40,0.5,0.857142857143,0.9,0.878048780488,18,3,2,37,0.9,0.925,0.075,0.1,0.857142857143,0.9,0.878048780488,0.916666666667,0.55,0.814814814815,0.815374248327,0.825,99,79,20,0,99,0,79,0,20,23,99,0.195652173913,2.18974518502,8.60869565217,6.6,4.5,4.59979377438,0.534319478842,0.291611769873,4.28989068105,0.996641269334,0.541062801932,2.91445898002,0.677096530713,0.355731225296,1.07629584498,0.491516479791,2.88826011686,2.18974518502,1.07629584498,2.88826011686,0.351612638569,0.458912768647,121,0.0683229813665,0.291765337837,23,23,23,1,0,0.347826086957,0.608695652174,0.0434782608696,23,0.156126482213,2.09877828568,6.86956521739,5.26666666667,3.7619047619,3.9115719675,0.569406045902,0.313153549807,3.42220140415,0.996337117665,0.538249862411,2.80949828838,0.817955197883,0.405063291139,0.994812456523,0.473995973425,2.77635658915,2.09877828568,0.994812456523,2.77635658915,0.328444743662,0.365591397849,68,0.0383963862225,0.260225330225,23,23,23,1,0,0.347826086957,0.565217391304,0.0869565217391,23,100,0.197628458498,2.39728040274,8.69565217391,6.25,4.54545454545,4.69462732192,0.539882142021,0.297391304348,4.3128633776,0.991958576848,0.537391304348,2.90154654142,0.667355704526,0.353043478261,1.12807853436,0.470565951765,2.98687391046,2.39728040274,1.12807853436,2.98687391046,0.369590313069,0.453045685279,119,0.0671936758893,0.255062801764,23,23,23,1,0,0.304347826087,0.652173913043,0.0434782608696,1,0.00197628458498,0.20753521771,0.0869565217391,-0.35,0.0454545454545,0.094833547541,0.00556266317879,0.00577953447519,0.0229726965517,-0.00468269248646,-0.00367149758454,-0.0129124386063,-0.00974082618657,-0.00268774703557,0.0517826893773,-0.0209505280263,0.098613793602,0.20753521771,0.0517826893773,0.098613793602,0.0179776744994,-0.00586708336809,-2,-0.00112930547713,-0.0367025360731,-0.0434782608696,0.0434782608696,0,97,3,2,404,0.979797979798,0.992628992629,0.00737100737101,0.020202020202,0.97,0.979797979798,0.974874371859,0.968743455514,0.972426972427,0.950980392157,21,20,0,23,23,23,1,0,8,0,0.0386050732335,0,0,1,3.88826011686,0,16,NaN,1,ok,2.18974518502,0,23,23,23,1,0,8,0,0.0361759441517,0,0,1,3.77635658915,0,16,NaN,1,ok,2.09877828568,0,23,23,23,1,0,7,0,0.0351554033576,0,0,1,3.98687391046,0,16,NaN,1,ok,2.39728040274,0,0,0,0
744,WLNM_dir_neg,0.9475,0.840698789845,00:00:00,10,80,44,511885190,fixed,validated_v2,/gpfs/scratch/acw792/wlnm_roleonly_v2_20260910/result_wlnm_dir_neg_roleonly_trophicv2_100x290_train10-90_Apocrita_20260910_011848/ecological_snapshots/Broadstone_Stream_tax_mass_K10_ratio0.8_exp44_seed511885190_threshold0.5_validated_v2.mat,role_only,2,uniform_without_replacement,uniform_remaining_nonlinks,176,0,176,407,198,198,176,22,0,22,0.111111111111,158,40,0.5,0.76,0.95,0.844444444444,19,6,1,34,0.95,0.85,0.15,0.05,0.76,0.95,0.844444444444,0.883333333333,0.527777777778,0.752941176471,0.764946309974,0.8,99,79,20,0,99,0,79,0,20,23,99,0.195652173913,2.18974518502,8.60869565217,6.6,4.5,4.59979377438,0.534319478842,0.291611769873,4.28989068105,0.996641269334,0.541062801932,2.91445898002,0.677096530713,0.355731225296,1.07629584498,0.491516479791,2.88826011686,2.18974518502,1.07629584498,2.88826011686,0.351612638569,0.458912768647,121,0.0683229813665,0.291765337837,23,23,23,1,0,0.347826086957,0.608695652174,0.0434782608696,23,0.156126482213,2.15374100825,6.86956521739,5.26666666667,3.59090909091,3.58411074081,0.521737639485,0.286186020914,3.51394736542,1.02304796715,0.552559163456,2.35151956589,0.68461962045,0.361034672537,1.04145627776,0.483556877901,2.91260349586,2.15374100825,1.04145627776,2.91260349586,0.252476059294,0.303501945525,52,0.0293619424054,0.208338605839,23,23,23,1,0,0.347826086957,0.608695652174,0.0434782608696,23,104,0.205533596838,4.29474880473,9.04347826087,6.11764705882,4.72727272727,4.76233576066,0.526604435073,0.291387959866,4.28389760103,0.947400430997,0.517558528428,2.99802306404,0.663024331469,0.355351170569,2.23088395242,0.519444571464,5.80108069316,4.29474880473,2.23088395242,5.80108069316,0.355548316418,0.44,121,0.0683229813665,0.232681958444,23,23,23,1,0,0.260869565217,0.695652173913,0.0434782608696,5,0.0098814229249,2.10500361971,0.434782608696,-0.482352941176,0.227272727273,0.16254198628,-0.00771504376913,-0.000223810006419,-0.00599308001539,-0.0492408383368,-0.0235042735043,0.0835640840113,-0.0140721992433,-0.000380054727881,1.15458810744,0.0279280916728,2.91282057631,2.10500361971,1.15458810744,2.91282057631,0.00393567784872,-0.0189127686473,0,0,-0.0590833793925,-0.0869565217391,0.0869565217391,0,98,6,1,401,0.989898989899,0.985257985258,0.014742014742,0.010101010101,0.942307692308,0.989898989899,0.965517241379,0.957325522107,0.975156975157,0.933333333333,25,20,0,23,23,23,1,0,8,0,0.0386050732335,0,0,1,3.88826011686,0,16,NaN,1,ok,2.18974518502,0,23,23,23,1,0,8,0,0.0324590220312,0,0,1,3.91260349586,0,16,NaN,1,ok,2.15374100825,0,23,23,23,1,0,6,0,0.0150870140296,0,0,1,6.80108069316,0,16,NaN,1,ok,4.29474880473,0,0,0,0
745,WLNM_dir_neg,0.94,0.863370691806,00:00:00,10,80,45,511885191,fixed,validated_v2,/gpfs/scratch/acw792/wlnm_roleonly_v2_20260910/result_wlnm_dir_neg_roleonly_trophicv2_100x290_train10-90_Apocrita_20260910_011848/ecological_snapshots/Broadstone_Stream_tax_mass_K10_ratio0.8_exp45_seed511885191_threshold0.5_validated_v2.mat,role_only,2,uniform_without_replacement,uniform_remaining_nonlinks,176,0,176,407,198,198,176,22,0,22,0.111111111111,158,40,0.5,0.933333333333,0.7,0.8,14,1,6,39,0.7,0.975,0.025,0.3,0.933333333333,0.7,0.8,0.883333333333,0.583333333333,0.72,0.734846922835,0.675,99,79,20,0,99,0,79,0,20,23,99,0.195652173913,2.18974518502,8.60869565217,6.6,4.5,4.59979377438,0.534319478842,0.291611769873,4.28989068105,0.996641269334,0.541062801932,2.91445898002,0.677096530713,0.355731225296,1.07629584498,0.491516479791,2.88826011686,2.18974518502,1.07629584498,2.88826011686,0.351612638569,0.458912768647,121,0.0683229813665,0.291765337837,23,23,23,1,0,0.347826086957,0.608695652174,0.0434782608696,23,0.156126482213,2.33660602441,6.86956521739,5.26666666667,3.7619047619,4.28850840594,0.624276540105,0.334067143643,3.77583328499,1.09929323487,0.583379196478,2.3707706257,0.690224359381,0.368739680793,1.26126967706,0.539787051769,3.78277046365,2.33660602441,1.26126967706,3.78277046365,0.3668524712,0.410810810811,76,0.042913608131,0.181099926373,23,23,23,1,0,0.347826086957,0.565217391304,0.0869565217391,23,94,0.185770750988,2.23996913389,8.17391304348,6.26666666667,4.47619047619,4.59893440141,0.562635591662,0.308510638298,4.36840977388,1.06886622127,0.571692876966,2.66139135652,0.651191502128,0.346901017576,1.1498421593,0.513329465974,3.22813981381,2.23996913389,1.1498421593,3.22813981381,0.387239813327,0.448951048951,107,0.0604178430265,0.234849201898,23,23,23,1,0,0.347826086957,0.565217391304,0.0869565217391,-5,-0.0098814229249,0.0502239488615,-0.434782608696,-0.333333333333,-0.0238095238095,-0.000859372968617,0.0283161128199,0.0168988684252,0.0785190928372,0.0722249519354,0.0306300750334,-0.253067623503,-0.0259050285851,-0.00883020772012,0.073546314312,0.0218129861824,0.339879696952,0.0502239488615,0.073546314312,0.339879696952,0.0356271747576,-0.00996171969623,-14,-0.00790513833992,-0.0569161359387,0,-0.0434782608696,0.0434782608696,93,1,6,406,0.939393939394,0.997542997543,0.002457002457,0.0606060606061,0.989361702128,0.939393939394,0.963730569948,0.955680286519,0.936936936937,0.93,15,20,0,23,23,23,1,0,8,0,0.0386050732335,0,0,1,3.88826011686,0,16,NaN,1,ok,2.18974518502,0,23,23,23,1,0,8,0,0.0397700909194,0,0,1,4.78277046365,0,16,NaN,1,ok,2.33660602441,0,23,23,23,1,0,8,0,0.0359924138228,0,0,1,4.22813981381,0,16,NaN,1,ok,2.23996913389,0,0,0,0
746,WLNM_dir_neg,0.9625,0.888276003659,00:00:00,10,80,46,511885192,fixed,validated_v2,/gpfs/scratch/acw792/wlnm_roleonly_v2_20260910/result_wlnm_dir_neg_roleonly_trophicv2_100x290_train10-90_Apocrita_20260910_011848/ecological_snapshots/Broadstone_Stream_tax_mass_K10_ratio0.8_exp46_seed511885192_threshold0.5_validated_v2.mat,role_only,2,uniform_without_replacement,uniform_remaining_nonlinks,176,0,176,407,198,198,176,22,0,22,0.111111111111,158,40,0.5,0.882352941176,0.75,0.810810810811,15,2,5,38,0.75,0.95,0.05,0.25,0.882352941176,0.75,0.810810810811,0.883333333333,0.572222222222,0.727272727273,0.732292093352,0.7,99,79,20,0,99,0,79,0,20,23,99,0.195652173913,2.18974518502,8.60869565217,6.6,4.5,4.59979377438,0.534319478842,0.291611769873,4.28989068105,0.996641269334,0.541062801932,2.91445898002,0.677096530713,0.355731225296,1.07629584498,0.491516479791,2.88826011686,2.18974518502,1.07629584498,2.88826011686,0.351612638569,0.458912768647,121,0.0683229813665,0.291765337837,23,23,23,1,0,0.347826086957,0.608695652174,0.0434782608696,23,0.156126482213,2.19213842244,6.86956521739,5.26666666667,3.7619047619,4.02610061548,0.586077937697,0.321959273528,3.39553298744,0.988572895077,0.53384700055,2.85762277166,0.831966123396,0.435883324161,1.07370160727,0.489796445459,2.7712526096,2.19213842244,1.07370160727,2.7712526096,0.333556654985,0.399260628466,72,0.0406549971767,0.255936831609,23,23,23,1,0,0.347826086957,0.565217391304,0.0869565217391,23,96,0.189723320158,3.79872266772,8.34782608696,6,4.36363636364,4.47831843088,0.536465228699,0.292572463768,4.06372169225,0.973599988769,0.529891304348,2.91784749295,0.699067628518,0.371376811594,2.15636799164,0.567656072913,5.46403226545,3.79872266772,2.15636799164,5.46403226545,0.359504022548,0.480484522207,119,0.0671936758893,0.254200868576,23,23,23,1,0,0.304347826087,0.652173913043,0.0434782608696,-3,-0.00592885375494,1.60897748269,-0.260869565217,-0.6,-0.136363636364,-0.121475343495,0.00214574985765,0.000960693895476,-0.226168988793,-0.023041280565,-0.0111714975845,0.00338851292218,0.0219710978057,0.0156455862978,1.08007214666,0.0761395931218,2.57577214859,1.60897748269,1.08007214666,2.57577214859,0.00789138397834,0.02157175356,-2,-0.00112930547713,-0.0375644692609,-0.0434782608696,0.0434782608696,0,94,2,5,405,0.949494949495,0.995085995086,0.004914004914,0.0505050505051,0.979166666667,0.949494949495,0.964102564103,0.955710675409,0.944580944581,0.930693069307,17,20,0,23,23,23,1,0,8,0,0.0386050732335,0,0,1,3.88826011686,0,16,NaN,1,ok,2.18974518502,0,23,23,23,1,0,8,0,0.0340551075654,0,0,1,3.7712526096,0,16,NaN,1,ok,2.19213842244,0,23,23,23,1,0,7,0,0.0165253656821,0,0,1,6.46403226545,0,16,NaN,1,ok,3.79872266772,0,0,0,0
747,WLNM_dir_neg,0.9475,0.829360147793,00:00:00,10,80,47,511885193,fixed,validated_v2,/gpfs/scratch/acw792/wlnm_roleonly_v2_20260910/result_wlnm_dir_neg_roleonly_trophicv2_100x290_train10-90_Apocrita_20260910_011848/ecological_snapshots/Broadstone_Stream_tax_mass_K10_ratio0.8_exp47_seed511885193_threshold0.5_validated_v2.mat,role_only,2,uniform_without_replacement,uniform_remaining_nonlinks,176,0,176,407,198,198,176,22,0,22,0.111111111111,158,40,0.5,0.75,0.9,0.818181818182,18,6,2,34,0.9,0.85,0.15,0.1,0.75,0.9,0.818181818182,0.866666666667,0.533333333333,0.714285714286,0.721687836487,0.75,99,79,20,0,99,0,79,0,20,23,99,0.195652173913,2.18974518502,8.60869565217,6.6,4.5,4.59979377438,0.534319478842,0.291611769873,4.28989068105,0.996641269334,0.541062801932,2.91445898002,0.677096530713,0.355731225296,1.07629584498,0.491516479791,2.88826011686,2.18974518502,1.07629584498,2.88826011686,0.351612638569,0.458912768647,121,0.0683229813665,0.291765337837,23,23,23,1,0,0.347826086957,0.608695652174,0.0434782608696,23,0.156126482213,2.20619445189,6.86956521739,5.26666666667,3.59090909091,3.92317528895,0.571095136999,0.305998899285,3.60335811755,1.04907894562,0.564667033572,2.12829609518,0.619630508724,0.337919647771,1.11499941593,0.505394896166,3.32635946328,2.20619445189,1.11499941593,3.32635946328,0.297338651686,0.382470119522,64,0.0361377752682,0.181059799988,23,23,23,1,0,0.347826086957,0.608695652174,0.0434782608696,23,103,0.203557312253,13.7739129658,8.95652173913,6.05882352941,4.47826086957,4.82868569422,0.539125101782,0.295905445336,4.28389760103,0.956598493434,0.52089489236,3.08765231818,0.68947576037,0.352047277332,9.07127830077,0.658583971258,20.8428335151,13.7739129658,9.07127830077,20.8428335151,0.438139879444,0.521436848204,150,0.0846979107849,0.244315991342,23,23,23,1,0,0.260869565217,0.739130434783,0,4,0.00790513833992,11.5841677808,0.347826086957,-0.541176470588,-0.0217391304348,0.228891919846,0.00480562294043,0.00429367546295,-0.00599308001539,-0.0400427758999,-0.0201679095727,0.173193338153,0.0123792296569,-0.00368394796423,7.99498245579,0.167067491466,17.9545733982,11.5841677808,7.99498245579,17.9545733982,0.0865272408751,0.0625240795567,29,0.0163749294184,-0.0474493464944,-0.0869565217391,0.130434782609,-0.0434782608696,97,6,2,401,0.979797979798,0.985257985258,0.014742014742,0.020202020202,0.941747572816,0.979797979798,0.960396039604,0.950815309666,0.965055965056,0.92380952381,24,20,0,23,23,23,1,0,8,0,0.0386050732335,0,0,1,3.88826011686,0,16,NaN,1,ok,2.18974518502,0,23,23,23,1,0,8,0,0.0235351914268,0,0,1,4.32635946328,0,16,NaN,1,ok,2.20619445189,0,23,23,23,1,0,6,0,0.00331534505541,0,0,1,21.8428335151,0,16,NaN,1,ok,13.7739129658,0,0,0,0
748,WLNM_dir_neg,0.8675,0.782288299016,00:00:00,10,80,48,511885194,fixed,validated_v2,/gpfs/scratch/acw792/wlnm_roleonly_v2_20260910/result_wlnm_dir_neg_roleonly_trophicv2_100x290_train10-90_Apocrita_20260910_011848/ecological_snapshots/Broadstone_Stream_tax_mass_K10_ratio0.8_exp48_seed511885194_threshold0.5_validated_v2.mat,role_only,2,uniform_without_replacement,uniform_remaining_nonlinks,176,0,176,407,198,198,176,22,0,22,0.111111111111,158,40,0.5,0.875,0.7,0.777777777778,14,2,6,38,0.7,0.95,0.05,0.3,0.875,0.7,0.777777777778,0.866666666667,0.577777777778,0.684210526316,0.692902328156,0.65,99,79,20,0,99,0,79,0,20,23,99,0.195652173913,2.18974518502,8.60869565217,6.6,4.5,4.59979377438,0.534319478842,0.291611769873,4.28989068105,0.996641269334,0.541062801932,2.91445898002,0.677096530713,0.355731225296,1.07629584498,0.491516479791,2.88826011686,2.18974518502,1.07629584498,2.88826011686,0.351612638569,0.458912768647,121,0.0683229813665,0.291765337837,23,23,23,1,0,0.347826086957,0.608695652174,0.0434782608696,23,0.156126482213,2.20280165005,6.86956521739,5.26666666667,3.59090909091,3.59677062005,0.523580533299,0.281232801321,3.38211992364,0.984667825869,0.53604843148,2.35151956589,0.68461962045,0.358833241607,1.1052932173,0.501767018956,2.97325541423,2.20280165005,1.1052932173,2.97325541423,0.310540184453,0.423312883436,69,0.038961038961,0.208377944807,23,23,23,1,0,0.347826086957,0.608695652174,0.0434782608696,23,95,0.187747035573,2.36903833116,8.26086956522,6.33333333333,4.31818181818,4.35073025536,0.526667346702,0.289244851259,4.09327994541,0.991004618361,0.537299771167,2.80104441278,0.678147594673,0.341418764302,1.2285207641,0.518573611893,3.31530344436,2.36903833116,1.2285207641,3.31530344436,0.340080933559,0.431623931624,101,0.0570299265951,0.251999864232,23,23,23,1,0,0.347826086957,0.608695652174,0.0434782608696,-4,-0.00790513833992,0.17929314613,-0.347826086957,-0.266666666667,-0.181818181818,-0.249063519013,-0.00765213213981,-0.00236691861406,-0.196610735641,-0.00563665097277,-0.00376303076532,-0.113414567243,0.00105106396054,-0.0143124609944,0.152224919118,0.0270571321022,0.427043327499,0.17929314613,0.152224919118,0.427043327499,-0.01153170501,-0.0272888370234,-20,-0.0112930547713,-0.0397654736045,0,0,0,93,2,6,405,0.939393939394,0.995085995086,0.004914004914,0.0606060606061,0.978947368421,0.939393939394,0.958762886598,0.949296913438,0.93447993448,0.920792079208,16,20,0,23,23,23,1,0,8,0,0.0386050732335,0,0,1,3.88826011686,0,16,NaN,1,ok,2.18974518502,0,23,23,23,1,0,8,0,0.0313880850529,0,0,1,3.97325541423,0,16,NaN,1,ok,2.20280165005,0,23,23,23,1,0,8,0,0.0293186658597,0,0,1,4.31530344436,0,16,NaN,1,ok,2.36903833116,0,0,0,0
749,WLNM_dir_neg,0.9925,0.934890389968,00:00:00,10,80,49,511885195,fixed,validated_v2,/gpfs/scratch/acw792/wlnm_roleonly_v2_20260910/result_wlnm_dir_neg_roleonly_trophicv2_100x290_train10-90_Apocrita_20260910_011848/ecological_snapshots/Broadstone_Stream_tax_mass_K10_ratio0.8_exp49_seed511885195_threshold0.5_validated_v2.mat,role_only,2,uniform_without_replacement,uniform_remaining_nonlinks,176,0,176,407,198,198,176,22,0,22,0.111111111111,158,40,0.5,0.944444444444,0.85,0.894736842105,17,1,3,39,0.85,0.975,0.025,0.15,0.944444444444,0.85,0.894736842105,0.933333333333,0.566666666667,0.846153846154,0.848668424792,0.825,99,79,20,0,99,0,79,0,20,23,99,0.195652173913,2.18974518502,8.60869565217,6.6,4.5,4.59979377438,0.534319478842,0.291611769873,4.28989068105,0.996641269334,0.541062801932,2.91445898002,0.677096530713,0.355731225296,1.07629584498,0.491516479791,2.88826011686,2.18974518502,1.07629584498,2.88826011686,0.351612638569,0.458912768647,121,0.0683229813665,0.291765337837,23,23,23,1,0,0.347826086957,0.608695652174,0.0434782608696,23,0.156126482213,2.17866513284,6.86956521739,5.26666666667,3.59090909091,3.7210011828,0.541664729141,0.298293891029,3.3142404444,0.964905445839,0.526141992295,2.64276176061,0.769411651822,0.399559713814,1.07444478547,0.493166558403,2.7513185654,2.17866513284,1.07444478547,2.7513185654,0.29023350387,0.37125748503,62,0.0350084697911,0.238843854558,23,23,23,1,0,0.347826086957,0.608695652174,0.0434782608696,23,97,0.191699604743,2.38896739202,8.4347826087,6.0625,4.40909090909,4.41923571093,0.523930006966,0.284625728373,4.05593304745,0.961716083415,0.524428507396,2.96887676555,0.703960470182,0.368444643658,1.12058280466,0.46906575971,2.90605925757,2.38896739202,1.12058280466,2.90605925757,0.334089581916,0.443548387097,110,0.0621118012422,0.256983652921,23,23,23,1,0,0.304347826087,0.652173913043,0.0434782608696,-2,-0.00395256916996,0.199222206994,-0.173913043478,-0.5375,-0.0909090909091,-0.180558063445,-0.0103894718756,-0.00698604149971,-0.2339576336,-0.0349251859189,-0.0166342945366,0.0544177855238,0.0268639394688,0.0127134183611,0.0442869596762,-0.0224507200814,0.0177991407127,0.199222206994,0.0442869596762,0.0177991407127,-0.0175230566535,-0.0153643815505,-11,-0.00621118012422,-0.0347816849156,-0.0434782608696,0.0434782608696,0,96,1,3,406,0.969696969697,0.997542997543,0.002457002457,0.030303030303,0.989690721649,0.969696969697,0.979591836735,0.974768563044,0.96723996724,0.96,18,20,0,23,23,23,1,0,8,0,0.0386050732335,0,0,1,3.88826011686,0,16,NaN,1,ok,2.18974518502,0,23,23,23,1,0,8,0,0.0366515254532,0,0,1,3.7513185654,0,16,NaN,1,ok,2.17866513284,0,23,23,23,1,0,7,0,0.0344153070482,0,0,1,3.90605925757,0,16,NaN,1,ok,2.38896739202,0,0,0,0
750,WLNM_dir_neg,0.965,0.863227178523,00:00:01,10,80,50,511885196,fixed,validated_v2,/gpfs/scratch/acw792/wlnm_roleonly_v2_20260910/result_wlnm_dir_neg_roleonly_trophicv2_100x290_train10-90_Apocrita_20260910_011848/ecological_snapshots/Broadstone_Stream_tax_mass_K10_ratio0.8_exp50_seed511885196_threshold0.5_validated_v2.mat,role_only,2,uniform_without_replacement,uniform_remaining_nonlinks,176,0,176,407,198,198,176,22,0,22,0.111111111111,158,40,0.5,0.863636363636,0.95,0.904761904762,19,3,1,37,0.95,0.925,0.075,0.05,0.863636363636,0.95,0.904761904762,0.933333333333,0.544444444444,0.853658536585,0.855952979078,0.875,99,79,20,0,99,0,79,0,20,23,99,0.195652173913,2.18974518502,8.60869565217,6.6,4.5,4.59979377438,0.534319478842,0.291611769873,4.28989068105,0.996641269334,0.541062801932,2.91445898002,0.677096530713,0.355731225296,1.07629584498,0.491516479791,2.88826011686,2.18974518502,1.07629584498,2.88826011686,0.351612638569,0.458912768647,121,0.0683229813665,0.291765337837,23,23,23,1,0,0.347826086957,0.608695652174,0.0434782608696,23,0.156126482213,2.2138099301,6.86956521739,5.26666666667,3.59090909091,3.98068458966,0.579466744065,0.323610346725,3.56531379413,1.03800275019,0.558062740782,2.42760800633,0.706771951211,0.380847550908,1.11523759981,0.503763934132,2.97909146932,2.2138099301,1.11523759981,2.97909146932,0.320408163265,0.388781431335,67,0.0378317334839,0.204305866092,23,23,23,1,0,0.347826086957,0.608695652174,0.0434782608696,23,101,0.199604743083,2.15317959139,8.78260869565,6.73333333333,4.59090909091,4.64128236334,0.528462843351,0.289711579854,4.43886892263,1.01083153684,0.547567800258,2.96554656061,0.6753224841,0.353852776582,1.02890123908,0.477852030176,2.74172179012,2.15317959139,1.02890123908,2.74172179012,0.387941285767,0.462940461725,127,0.0717108977979,0.291267431604,23,23,23,1,0,0.347826086957,0.608695652174,0.0434782608696,2,0.00395256916996,-0.0365655936317,0.173913043478,0.133333333333,0.0909090909091,0.0414885889665,-0.00585663549078,-0.001900190019,0.148978241579,0.0141902675014,0.00650499832592,0.0510875805883,-0.00177404661282,-0.00187844871444,-0.0473946059018,-0.0136644496149,-0.146538326739,-0.0365655936317,-0.0473946059018,-0.146538326739,0.0363286471982,0.00402769307811,6,0.00338791643139,-0.0004979062332,0,0,0,98,3,1,404,0.989898989899,0.992628992629,0.00737100737101,0.010101010101,0.970297029703,0.989898989899,0.98,0.975150238696,0.982527982528,0.960784313725,22,20,0,23,23,23,1,0,8,0,0.0386050732335,0,0,1,3.88826011686,0,16,NaN,1,ok,2.18974518502,0,23,23,23,1,0,8,0,0.0374155610755,0,0,1,3.97909146932,0,16,NaN,1,ok,2.2138099301,0,23,23,23,1,0,8,0,0.0400601082354,0,0,1,3.74172179012,0,16,NaN,1,ok,2.15317959139,0,0,0,0
751,WLNM_dir_neg,0.935,0.822017605928,00:00:00,10,80,51,511885197,fixed,validated_v2,/gpfs/scratch/acw792/wlnm_roleonly_v2_20260910/result_wlnm_dir_neg_roleonly_trophicv2_100x290_train10-90_Apocrita_20260910_011848/ecological_snapshots/Broadstone_Stream_tax_mass_K10_ratio0.8_exp51_seed511885197_threshold0.5_validated_v2.mat,role_only,2,uniform_without_replacement,uniform_remaining_nonlinks,176,0,176,407,198,198,176,22,0,22,0.111111111111,158,40,0.5,0.875,0.7,0.777777777778,14,2,6,38,0.7,0.95,0.05,0.3,0.875,0.7,0.777777777778,0.866666666667,0.577777777778,0.684210526316,0.692902328156,0.65,99,79,20,0,99,0,79,0,20,23,99,0.195652173913,2.18974518502,8.60869565217,6.6,4.5,4.59979377438,0.534319478842,0.291611769873,4.28989068105,0.996641269334,0.541062801932,2.91445898002,0.677096530713,0.355731225296,1.07629584498,0.491516479791,2.88826011686,2.18974518502,1.07629584498,2.88826011686,0.351612638569,0.458912768647,121,0.0683229813665,0.291765337837,23,23,23,1,0,0.347826086957,0.608695652174,0.0434782608696,23,0.156126482213,2.17271454161,6.86956521739,5.26666666667,3.95,3.89993412329,0.56771192934,0.308200330215,3.25891904773,0.948799216429,0.51843698404,3.01249046708,0.877054186617,0.465602641717,1.0536521631,0.484947351768,2.74981273408,2.22601974804,1.0462234167,2.74981273408,0.308103764922,0.402573529412,73,0.0412196499153,0.263560487132,23,22,22,0.95652173913,0,0.304347826087,0.565217391304,0.0869565217391,23,95,0.187747035573,2.19637760574,8.26086956522,6.33333333333,4.75,4.7598452162,0.57619178933,0.318535469108,4.13746022036,1.00170089546,0.541876430206,3.10870256225,0.752633251914,0.406407322654,1.07569921091,0.489760598587,2.79167820798,2.250758406,1.068163847,2.79167820798,0.397697756789,0.497389033943,127,0.0717108977979,0.29032056801,23,22,22,0.95652173913,0,0.304347826087,0.565217391304,0.0869565217391,-4,-0.00790513833992,0.00663242071671,-0.347826086957,-0.266666666667,0.25,0.160051441826,0.0418723104881,0.0269236992349,-0.152430460683,0.00505962612247,0.000813628273583,0.194243582228,0.0755367212009,0.050676097358,-0.000596634071319,-0.00175588120386,-0.0965819088732,0.0610132209777,-0.00813199798514,-0.0965819088732,0.0460851182195,0.0384762652953,6,0.00338791643139,-0.00144476982712,-0.0434782608696,-0.0434782608696,0.0434782608696,93,2,6,405,0.939393939394,0.995085995086,0.004914004914,0.0606060606061,0.978947368421,0.939393939394,0.958762886598,0.949296913438,0.93447993448,0.920792079208,16,20,0,23,23,23,1,0,8,0,0.0386050732335,0,0,1,3.88826011686,0,16,NaN,1,ok,2.18974518502,0,23,22,22,0.95652173913,0,7,0,0.0302088550293,0,0,1,3.74981273408,0,16,NaN,1,ok,2.22601974804,0,23,22,22,0.95652173913,0,7,0,0.0377569850223,0,0,1,3.79167820798,0,16,NaN,1,ok,2.250758406,0,0,0,0
752,WLNM_dir_neg,0.9125,0.775754189832,00:00:00,10,80,52,511885198,fixed,validated_v2,/gpfs/scratch/acw792/wlnm_roleonly_v2_20260910/result_wlnm_dir_neg_roleonly_trophicv2_100x290_train10-90_Apocrita_20260910_011848/ecological_snapshots/Broadstone_Stream_tax_mass_K10_ratio0.8_exp52_seed511885198_threshold0.5_validated_v2.mat,role_only,2,uniform_without_replacement,uniform_remaining_nonlinks,176,0,176,407,198,198,176,22,0,22,0.111111111111,158,40,0.5,0.823529411765,0.7,0.756756756757,14,3,6,37,0.7,0.925,0.075,0.3,0.823529411765,0.7,0.756756756757,0.85,0.572222222222,0.649350649351,0.653832226207,0.625,99,79,20,0,99,0,79,0,20,23,99,0.195652173913,2.18974518502,8.60869565217,6.6,4.5,4.59979377438,0.534319478842,0.291611769873,4.28989068105,0.996641269334,0.541062801932,2.91445898002,0.677096530713,0.355731225296,1.07629584498,0.491516479791,2.88826011686,2.18974518502,1.07629584498,2.88826011686,0.351612638569,0.458912768647,121,0.0683229813665,0.291765337837,23,23,23,1,0,0.347826086957,0.608695652174,0.0434782608696,23,0.156126482213,2.06821934806,6.86956521739,5.26666666667,3.59090909091,3.50719193329,0.510540597884,0.285085305449,3.35513293269,0.976810853822,0.530544854155,2.65990579048,0.774402951659,0.378646119978,0.964435742925,0.466312117149,2.81485547018,2.06821934806,0.964435742925,2.81485547018,0.246740698915,0.293785310734,52,0.0293619424054,0.257800506372,23,23,23,1,0,0.347826086957,0.608695652174,0.0434782608696,23,96,0.189723320158,2.37174878326,8.34782608696,6,4.36363636364,4.4681569889,0.535247972629,0.290760869565,4.11926928552,0.986908266323,0.535326086957,2.80668315913,0.672434506874,0.355072463768,1.12227540128,0.473184769483,3.32655895404,2.37174878326,1.12227540128,3.32655895404,0.343123784428,0.413793103448,104,0.0587238848108,0.24958746047,23,23,23,1,0,0.304347826087,0.652173913043,0.0434782608696,-3,-0.00592885375494,0.182003598231,-0.260869565217,-0.6,-0.136363636364,-0.131636785475,0.000928493787054,-0.000850900307422,-0.170621395526,-0.00973300301136,-0.00573671497585,-0.107775820897,-0.00466202383839,-0.000658761528327,0.0459795562941,-0.0183317103079,0.438298837178,0.182003598231,0.0459795562941,0.438298837178,-0.00848885414103,-0.045119665199,-17,-0.00959909655562,-0.042177877367,-0.0434782608696,0.0434782608696,0,93,3,6,404,0.939393939394,0.992628992629,0.00737100737101,0.0606060606061,0.96875,0.939393939394,0.953846153846,0.943004695331,0.932022932023,0.911764705882,17,20,0,23,23,23,1,0,8,0,0.0386050732335,0,0,1,3.88826011686,0,16,NaN,1,ok,2.18974518502,0,23,23,23,1,0,8,0,0.0341809583715,0,0,1,3.81485547018,0,16,NaN,1,ok,2.06821934806,0,23,23,23,1,0,7,0,0.0353823837719,0,0,1,4.32655895404,0,16,NaN,1,ok,2.37174878326,0,0,0,0
753,WLNM_dir_neg,0.91,0.855876187335,00:00:00,10,80,53,511885199,fixed,validated_v2,/gpfs/scratch/acw792/wlnm_roleonly_v2_20260910/result_wlnm_dir_neg_roleonly_trophicv2_100x290_train10-90_Apocrita_20260910_011848/ecological_snapshots/Broadstone_Stream_tax_mass_K10_ratio0.8_exp53_seed511885199_threshold0.5_validated_v2.mat,role_only,2,uniform_without_replacement,uniform_remaining_nonlinks,176,0,176,407,198,198,176,22,0,22,0.111111111111,158,40,0.5,0.933333333333,0.7,0.8,14,1,6,39,0.7,0.975,0.025,0.3,0.933333333333,0.7,0.8,0.883333333333,0.583333333333,0.72,0.734846922835,0.675,99,79,20,0,99,0,79,0,20,23,99,0.195652173913,2.18974518502,8.60869565217,6.6,4.5,4.59979377438,0.534319478842,0.291611769873,4.28989068105,0.996641269334,0.541062801932,2.91445898002,0.677096530713,0.355731225296,1.07629584498,0.491516479791,2.88826011686,2.18974518502,1.07629584498,2.88826011686,0.351612638569,0.458912768647,121,0.0683229813665,0.291765337837,23,23,23,1,0,0.347826086957,0.608695652174,0.0434782608696,23,0.156126482213,2.14145064495,6.86956521739,5.26666666667,3.7619047619,3.78158634133,0.550484087662,0.302696752889,3.51394736542,1.02304796715,0.552559163456,2.19143139101,0.6380116708,0.334617501376,1.02951934934,0.480757916025,2.88516609393,2.14145064495,1.02951934934,2.88516609393,0.324305163436,0.401162790698,69,0.038961038961,0.190717245717,23,23,23,1,0,0.347826086957,0.565217391304,0.0869565217391,23,94,0.185770750988,2.22396637179,8.17391304348,6.26666666667,4.47619047619,4.43797838818,0.542944164511,0.295559666975,4.0216803756,0.984028177008,0.533765032377,2.84306242502,0.695642933782,0.370027752081,1.07961227402,0.48544451378,2.87052154195,2.22396637179,1.07961227402,2.87052154195,0.386587808327,0.459310344828,111,0.0626764539808,0.264124552696,23,23,23,1,0,0.347826086957,0.565217391304,0.0869565217391,-5,-0.0098814229249,0.0342211867676,-0.434782608696,-0.333333333333,-0.0238095238095,-0.161815386202,0.00862468566905,0.00394789710238,-0.268210305448,-0.0126130923259,-0.00729776955494,-0.0713965550029,0.0185464030691,0.014296526785,0.00331642903448,-0.0060719660113,-0.0177385749077,0.0342211867676,0.00331642903448,-0.0177385749077,0.0349751697578,0.000397576180304,-10,-0.00564652738566,-0.0276407851408,0,-0.0434782608696,0.0434782608696,93,1,6,406,0.939393939394,0.997542997543,0.002457002457,0.0606060606061,0.989361702128,0.939393939394,0.963730569948,0.955680286519,0.936936936937,0.93,15,20,0,23,23,23,1,0,8,0,0.0386050732335,0,0,1,3.88826011686,0,16,NaN,1,ok,2.18974518502,0,23,23,23,1,0,8,0,0.0386300202159,0,0,1,3.88516609393,0,16,NaN,1,ok,2.14145064495,0,23,23,23,1,0,8,0,0.0420660850685,0,0,1,3.87052154195,0,16,NaN,1,ok,2.22396637179,0,0,0,0
754,WLNM_dir_neg,0.95125,0.504946251294,00:00:00,10,80,54,511885200,fixed,validated_v2,/gpfs/scratch/acw792/wlnm_roleonly_v2_20260910/result_wlnm_dir_neg_roleonly_trophicv2_100x290_train10-90_Apocrita_20260910_011848/ecological_snapshots/Broadstone_Stream_tax_mass_K10_ratio0.8_exp54_seed511885200_threshold0.5_validated_v2.mat,role_only,2,uniform_without_replacement,uniform_remaining_nonlinks,176,0,176,407,198,198,176,22,0,22,0.111111111111,158,40,0.5,0.863636363636,0.95,0.904761904762,19,3,1,37,0.95,0.925,0.075,0.05,0.863636363636,0.95,0.904761904762,0.933333333333,0.544444444444,0.853658536585,0.855952979078,0.875,99,79,20,0,99,0,79,0,20,23,99,0.195652173913,2.18974518502,8.60869565217,6.6,4.5,4.59979377438,0.534319478842,0.291611769873,4.28989068105,0.996641269334,0.541062801932,2.91445898002,0.677096530713,0.355731225296,1.07629584498,0.491516479791,2.88826011686,2.18974518502,1.07629584498,2.88826011686,0.351612638569,0.458912768647,121,0.0683229813665,0.291765337837,23,23,23,1,0,0.347826086957,0.608695652174,0.0434782608696,23,0.156126482213,2.2041589888,6.86956521739,5.26666666667,3.59090909091,3.86481033083,0.562598972209,0.308750687947,3.51394736542,1.02304796715,0.552559163456,2.44626035477,0.712202381769,0.374243258118,1.10321787829,0.500516470862,3.00357745018,2.2041589888,1.10321787829,3.00357745018,0.301322667232,0.357277882798,63,0.0355731225296,0.20322011322,23,23,23,1,0,0.347826086957,0.608695652174,0.0434782608696,23,101,0.199604743083,2.20642445568,8.78260869565,6.73333333333,4.59090909091,4.76689837925,0.542765657043,0.298321136461,4.41834121933,1.00615691133,0.544984933276,2.96554656061,0.6753224841,0.347826086957,1.07821315023,0.488669869234,2.83846477136,2.20642445568,1.07821315023,2.83846477136,0.366936927806,0.472324723247,128,0.0722755505364,0.293447519195,23,23,23,1,0,0.347826086957,0.608695652174,0.0434782608696,2,0.00395256916996,0.0166792706544,0.173913043478,0.133333333333,0.0909090909091,0.167104604874,0.00844617820161,0.00670936658883,0.128450538283,0.00951564199848,0.00392213134357,0.0510875805883,-0.00177404661282,-0.00790513833992,0.00191730524917,-0.00284661055683,-0.0497953455017,0.0166792706544,0.00191730524917,-0.0497953455017,0.0153242892373,0.0134119546,7,0.00395256916996,0.00168218135821,0,0,0,98,3,1,404,0.989898989899,0.992628992629,0.00737100737101,0.010101010101,0.970297029703,0.989898989899,0.98,0.975150238696,0.982527982528,0.960784313725,22,20,0,23,23,23,1,0,8,0,0.0386050732335,0,0,1,3.88826011686,0,16,NaN,1,ok,2.18974518502,0,23,23,23,1,0,8,0,0.0272012546558,0,0,1,4.00357745018,0,16,NaN,1,ok,2.2041589888,0,23,23,23,1,0,8,0,0.0366876273049,0,0,1,3.83846477136,0,16,NaN,1,ok,2.20642445568,0,0,0,0
755,WLNM_dir_neg,0.97125,0.868610354648,00:00:00,10,80,55,511885201,fixed,validated_v2,/gpfs/scratch/acw792/wlnm_roleonly_v2_20260910/result_wlnm_dir_neg_roleonly_trophicv2_100x290_train10-90_Apocrita_20260910_011848/ecological_snapshots/Broadstone_Stream_tax_mass_K10_ratio0.8_exp55_seed511885201_threshold0.5_validated_v2.mat,role_only,2,uniform_without_replacement,uniform_remaining_nonlinks,176,0,176,407,198,198,176,22,0,22,0.111111111111,158,40,0.5,0.857142857143,0.9,0.878048780488,18,3,2,37,0.9,0.925,0.075,0.1,0.857142857143,0.9,0.878048780488,0.916666666667,0.55,0.814814814815,0.815374248327,0.825,99,79,20,0,99,0,79,0,20,23,99,0.195652173913,2.18974518502,8.60869565217,6.6,4.5,4.59979377438,0.534319478842,0.291611769873,4.28989068105,0.996641269334,0.541062801932,2.91445898002,0.677096530713,0.355731225296,1.07629584498,0.491516479791,2.88826011686,2.18974518502,1.07629584498,2.88826011686,0.351612638569,0.458912768647,121,0.0683229813665,0.291765337837,23,23,23,1,0,0.347826086957,0.608695652174,0.0434782608696,23,0.156126482213,2.10443620791,6.86956521739,5.26666666667,3.59090909091,3.57140598525,0.519888213042,0.288937809576,3.43545798133,1.00019662748,0.543753439736,2.62550578602,0.764387760486,0.401761144744,0.983630454273,0.467408064249,2.71879595588,2.10443620791,0.983630454273,2.71879595588,0.326770956316,0.437609841828,83,0.046866177301,0.229169269884,23,23,23,1,0,0.347826086957,0.608695652174,0.0434782608696,23,100,0.197628458498,2.16936773998,8.69565217391,6.66666666667,4.34782608696,4.70429960596,0.540994454685,0.295652173913,4.39636932492,1.01116494473,0.546956521739,2.80597893552,0.645375155169,0.331304347826,1.05014350933,0.484078144048,2.81151872475,2.16936773998,1.05014350933,2.81151872475,0.348691163909,0.451294697904,122,0.068887634105,0.283818798488,23,23,23,1,0,0.347826086957,0.652173913043,0,1,0.00197628458498,-0.0203774450495,0.0869565217391,0.0666666666667,-0.152173913043,0.10450583158,0.00667497584329,0.0040404040404,0.106478643874,0.0145236753976,0.00589371980676,-0.108480044508,-0.031721375544,-0.0244268774704,-0.0261523356583,-0.0074383357432,-0.0767413921062,-0.0203774450495,-0.0261523356583,-0.0767413921062,-0.00292147466061,-0.00761807074346,1,0.000564652738566,-0.00794653934857,0,0.0434782608696,-0.0434782608696,97,3,2,404,0.979797979798,0.992628992629,0.00737100737101,0.020202020202,0.97,0.979797979798,0.974874371859,0.968743455514,0.972426972427,0.950980392157,21,20,0,23,23,23,1,0,8,0,0.0386050732335,0,0,1,3.88826011686,0,16,NaN,1,ok,2.18974518502,0,23,23,23,1,0,8,0,0.0343681312672,0,0,1,3.71879595588,0,16,NaN,1,ok,2.10443620791,0,23,23,23,1,0,8,0,0.0376630776559,0,0,1,3.81151872475,0,16,NaN,1,ok,2.16936773998,0,0,0,0
756,WLNM_dir_neg,0.9525,0.430940049692,00:00:00,10,80,56,511885202,fixed,validated_v2,/gpfs/scratch/acw792/wlnm_roleonly_v2_20260910/result_wlnm_dir_neg_roleonly_trophicv2_100x290_train10-90_Apocrita_20260910_011848/ecological_snapshots/Broadstone_Stream_tax_mass_K10_ratio0.8_exp56_seed511885202_threshold0.5_validated_v2.mat,role_only,2,uniform_without_replacement,uniform_remaining_nonlinks,176,0,176,407,198,198,176,22,0,22,0.111111111111,158,40,0.5,0.941176470588,0.8,0.864864864865,16,1,4,39,0.8,0.975,0.025,0.2,0.941176470588,0.8,0.864864864865,0.916666666667,0.572222222222,0.805194805195,0.810751960497,0.775,99,79,20,0,99,0,79,0,20,23,99,0.195652173913,2.18974518502,8.60869565217,6.6,4.5,4.59979377438,0.534319478842,0.291611769873,4.28989068105,0.996641269334,0.541062801932,2.91445898002,0.677096530713,0.355731225296,1.07629584498,0.491516479791,2.88826011686,2.18974518502,1.07629584498,2.88826011686,0.351612638569,0.458912768647,121,0.0683229813665,0.291765337837,23,23,23,1,0,0.347826086957,0.608695652174,0.0434782608696,23,0.156126482213,2.19108913158,6.86956521739,5.26666666667,3.7619047619,3.88826144634,0.566012742189,0.314804623005,3.36865345308,0.980747207859,0.534947716015,2.60813564477,0.759330630755,0.402861860209,1.08000659635,0.492908563502,2.93838862559,2.24522954665,1.07300055652,2.93838862559,0.28753771481,0.390566037736,69,0.038961038961,0.229002320431,23,22,22,0.95652173913,0,0.304347826087,0.608695652174,0.0434782608696,23,96,0.189723320158,2.21856698201,8.34782608696,6.4,4.57142857143,4.71562871208,0.564893022801,0.311594202899,4.16317376652,0.99742704823,0.540760869565,3.00986520255,0.721113538112,0.384963768116,1.09000777776,0.491311637919,2.90776652405,2.27395639028,1.08202129697,2.90776652405,0.357457693821,0.459102902375,116,0.0654997176736,0.292587924836,23,22,22,0.95652173913,0,0.304347826087,0.608695652174,0.0434782608696,-3,-0.00592885375494,0.0288217969822,-0.260869565217,-0.2,0.0714285714286,0.115834937703,0.0305735439595,0.0199824330259,-0.126716914523,0.000785778895588,-0.00030193236715,0.0954062225302,0.0440170073993,0.0292325428195,0.0137119327801,-0.000204841872036,0.019506407197,0.0842112052553,0.00572545198941,0.019506407197,0.00584505525217,0.000190133727388,-5,-0.00282326369283,0.000822586999058,-0.0434782608696,0,0,95,1,4,406,0.959595959596,0.997542997543,0.002457002457,0.040404040404,0.989583333333,0.959595959596,0.974358974359,0.968416655486,0.957138957139,0.95,17,20,0,23,23,23,1,0,8,0,0.0386050732335,0,0,1,3.88826011686,0,16,NaN,1,ok,2.18974518502,0,23,22,22,0.95652173913,0,7,0,0.0270506586113,0,0,1,3.93838862559,0,16,NaN,1,ok,2.24522954665,0,23,22,22,0.95652173913,0,7,0,0.0375452524462,0,0,1,3.90776652405,0,16,NaN,1,ok,2.27395639028,0,0,0,0
757,WLNM_dir_neg,0.925,0.823596821755,00:00:00,10,80,57,511885203,fixed,validated_v2,/gpfs/scratch/acw792/wlnm_roleonly_v2_20260910/result_wlnm_dir_neg_roleonly_trophicv2_100x290_train10-90_Apocrita_20260910_011848/ecological_snapshots/Broadstone_Stream_tax_mass_K10_ratio0.8_exp57_seed511885203_threshold0.5_validated_v2.mat,role_only,2,uniform_without_replacement,uniform_remaining_nonlinks,176,0,176,407,198,198,176,22,0,22,0.111111111111,158,40,0.5,0.875,0.7,0.777777777778,14,2,6,38,0.7,0.95,0.05,0.3,0.875,0.7,0.777777777778,0.866666666667,0.577777777778,0.684210526316,0.692902328156,0.65,99,79,20,0,99,0,79,0,20,23,99,0.195652173913,2.18974518502,8.60869565217,6.6,4.5,4.59979377438,0.534319478842,0.291611769873,4.28989068105,0.996641269334,0.541062801932,2.91445898002,0.677096530713,0.355731225296,1.07629584498,0.491516479791,2.88826011686,2.18974518502,1.07629584498,2.88826011686,0.351612638569,0.458912768647,121,0.0683229813665,0.291765337837,23,23,23,1,0,0.347826086957,0.608695652174,0.0434782608696,23,0.156126482213,2.08341685347,6.86956521739,5.64285714286,3.7619047619,3.96924938892,0.577802126236,0.314804623005,3.70289919531,1.07805925939,0.575674188222,2.33210959817,0.678968617188,0.373142542653,1.02506465109,0.492011307954,2.64621405898,2.08341685347,1.02506465109,2.64621405898,0.317129083038,0.406882591093,67,0.0378317334839,0.20764460796,23,23,23,1,0,0.391304347826,0.521739130435,0.0869565217391,23,95,0.187747035573,2.22671955134,8.26086956522,6.33333333333,4.52380952381,4.72149236138,0.571549075325,0.310297482838,4.33069748556,1.0484846544,0.563844393593,2.73536349298,0.662245898301,0.35881006865,1.10252749699,0.495135319723,2.94493748468,2.22671955134,1.10252749699,2.94493748468,0.380073714165,0.455056179775,108,0.0609824957651,0.243597877543,23,23,23,1,0,0.347826086957,0.565217391304,0.0869565217391,-4,-0.00790513833992,0.036974366316,-0.347826086957,-0.266666666667,0.0238095238095,0.121698587004,0.0372295964833,0.0186857129649,0.0408068045158,0.0518433850653,0.0227815916603,-0.179095487043,-0.014850632412,0.00307884335344,0.0262316520037,0.00361883993191,0.0566773678198,0.036974366316,0.0262316520037,0.0566773678198,0.0284610755955,-0.003856588872,-13,-0.00734048560136,-0.0481674602937,0,-0.0434782608696,0.0434782608696,93,2,6,405,0.939393939394,0.995085995086,0.004914004914,0.0606060606061,0.978947368421,0.939393939394,0.958762886598,0.949296913438,0.93447993448,0.920792079208,16,20,0,23,23,23,1,0,8,0,0.0386050732335,0,0,1,3.88826011686,0,16,NaN,1,ok,2.18974518502,0,23,23,23,1,0,9,0,0.036973925033,0,0,1,3.64621405898,0,16,NaN,1,ok,2.08341685347,0,23,23,23,1,0,8,0,0.0258051485673,0,0,1,3.94493748468,0,16,NaN,1,ok,2.22671955134,0,0,0,0
758,WLNM_dir_neg,0.985,0.924016971777,00:00:00,10,80,58,511885204,fixed,validated_v2,/gpfs/scratch/acw792/wlnm_roleonly_v2_20260910/result_wlnm_dir_neg_roleonly_trophicv2_100x290_train10-90_Apocrita_20260910_011848/ecological_snapshots/Broadstone_Stream_tax_mass_K10_ratio0.8_exp58_seed511885204_threshold0.5_validated_v2.mat,role_only,2,uniform_without_replacement,uniform_remaining_nonlinks,176,0,176,407,198,198,176,22,0,22,0.111111111111,158,40,0.5,1,0.75,0.857142857143,15,0,5,40,0.75,1,0,0.25,1,0.75,0.857142857143,0.916666666667,0.583333333333,0.8,0.816496580928,0.75,99,79,20,0,99,0,79,0,20,23,99,0.195652173913,2.18974518502,8.60869565217,6.6,4.5,4.59979377438,0.534319478842,0.291611769873,4.28989068105,0.996641269334,0.541062801932,2.91445898002,0.677096530713,0.355731225296,1.07629584498,0.491516479791,2.88826011686,2.18974518502,1.07629584498,2.88826011686,0.351612638569,0.458912768647,121,0.0683229813665,0.291765337837,23,23,23,1,0,0.347826086957,0.608695652174,0.0434782608696,23,0.156126482213,2.19468147324,6.86956521739,5.26666666667,3.59090909091,3.54585991399,0.516169481151,0.276279581728,3.38211992364,0.984667825869,0.53604843148,2.19143139101,0.6380116708,0.32250963126,1.08057730534,0.492361793052,2.99507874016,2.19468147324,1.08057730534,2.99507874016,0.279703871008,0.342519685039,58,0.0327498588368,0.20311191454,23,23,23,1,0,0.347826086957,0.608695652174,0.0434782608696,23,94,0.185770750988,2.19289866187,8.17391304348,6.26666666667,4.27272727273,4.42772436845,0.541689683375,0.295097132285,4.15509592361,1.01667240684,0.549491211841,2.72885329694,0.667698147123,0.344125809436,1.08141883568,0.493145832265,2.90107361963,2.19289866187,1.08141883568,2.90107361963,0.333810392506,0.415254237288,98,0.0553359683794,0.259888290203,23,23,23,1,0,0.347826086957,0.608695652174,0.0434782608696,-5,-0.0098814229249,0.0031534768405,-0.434782608696,-0.333333333333,-0.227272727273,-0.172069405923,0.00737020453294,0.00348536241228,-0.134794757439,0.0200311375062,0.00842840990852,-0.185605683087,-0.00939838358979,-0.0116054158607,0.00512299069514,0.00162935247375,0.0128135027741,0.0031534768405,0.00512299069514,0.0128135027741,-0.0178022460631,-0.0436585313591,-23,-0.012987012987,-0.0318770476334,0,0,0,94,0,5,407,0.949494949495,1,0,0.0505050505051,1,0.949494949495,0.974093264249,0.968489521128,0.949494949495,0.949494949495,15,20,0,23,23,23,1,0,8,0,0.0386050732335,0,0,1,3.88826011686,0,16,NaN,1,ok,2.18974518502,0,23,23,23,1,0,8,0,0.028262778593,0,0,1,3.99507874016,0,16,NaN,1,ok,2.19468147324,0,23,23,23,1,0,8,0,0.0270165845908,0,0,1,3.90107361963,0,16,NaN,1,ok,2.19289866187,0,0,0,0
759,WLNM_dir_neg,0.985,0.929396576118,00:00:00,10,80,59,511885205,fixed,validated_v2,/gpfs/scratch/acw792/wlnm_roleonly_v2_20260910/result_wlnm_dir_neg_roleonly_trophicv2_100x290_train10-90_Apocrita_20260910_011848/ecological_snapshots/Broadstone_Stream_tax_mass_K10_ratio0.8_exp59_seed511885205_threshold0.5_validated_v2.mat,role_only,2,uniform_without_replacement,uniform_remaining_nonlinks,176,0,176,407,198,198,176,22,0,22,0.111111111111,158,40,0.5,1,0.85,0.918918918919,17,0,3,40,0.85,1,0,0.15,1,0.85,0.918918918919,0.95,0.572222222222,0.883116883117,0.889211827642,0.85,99,79,20,0,99,0,79,0,20,23,99,0.195652173913,2.18974518502,8.60869565217,6.6,4.5,4.59979377438,0.534319478842,0.291611769873,4.28989068105,0.996641269334,0.541062801932,2.91445898002,0.677096530713,0.355731225296,1.07629584498,0.491516479791,2.88826011686,2.18974518502,1.07629584498,2.88826011686,0.351612638569,0.458912768647,121,0.0683229813665,0.291765337837,23,23,23,1,0,0.347826086957,0.608695652174,0.0434782608696,23,0.156126482213,2.26553730513,6.86956521739,5.26666666667,3.59090909091,3.41526450228,0.497158756661,0.2724270776,3.39553298744,0.988572895077,0.532746285085,2.40881122994,0.701299472009,0.372041827188,1.16636834514,0.514830783189,3.02032762472,2.26553730513,1.16636834514,3.02032762472,0.29126670431,0.375722543353,65,0.0367024280068,0.209373430802,23,23,23,1,0,0.347826086957,0.608695652174,0.0434782608696,23,96,0.189723320158,2.19018499339,8.34782608696,6.4,4.36363636364,4.47831843088,0.536465228699,0.294384057971,4.23891253114,1.01557279392,0.548007246377,2.85485509763,0.683975700474,0.359601449275,1.08138900526,0.493743226498,2.89462682649,2.19018499339,1.08138900526,2.89462682649,0.351054983664,0.441524310118,112,0.0632411067194,0.280439216868,23,23,23,1,0,0.347826086957,0.608695652174,0.0434782608696,-3,-0.00592885375494,0.000439808362353,-0.260869565217,-0.2,-0.136363636364,-0.121475343495,0.00214574985765,0.00277228809837,-0.0509781499091,0.0189315245843,0.00694444444444,-0.0596038823954,0.00687916976088,0.00387022397892,0.0050931602796,0.00222674670691,0.00636670962735,0.000439808362353,0.0050931602796,0.00636670962735,-0.000557654905481,-0.017388458529,-9,-0.00508187464709,-0.011326120969,0,0,0,96,0,3,407,0.969696969697,1,0,0.030303030303,1,0.969696969697,0.984615384615,0.981122635564,0.969696969697,0.969696969697,17,20,0,23,23,23,1,0,8,0,0.0386050732335,0,0,1,3.88826011686,0,16,NaN,1,ok,2.18974518502,0,23,23,23,1,0,8,0,0.0314672024303,0,0,1,4.02032762472,0,16,NaN,1,ok,2.26553730513,0,23,23,23,1,0,8,0,0.0390950993222,0,0,1,3.89462682649,0,16,NaN,1,ok,2.19018499339,0,0,0,0
760,WLNM_dir_neg,0.965625,0.748775490004,00:00:00,10,80,60,511885206,fixed,validated_v2,/gpfs/scratch/acw792/wlnm_roleonly_v2_20260910/result_wlnm_dir_neg_roleonly_trophicv2_100x290_train10-90_Apocrita_20260910_011848/ecological_snapshots/Broadstone_Stream_tax_mass_K10_ratio0.8_exp60_seed511885206_threshold0.5_validated_v2.mat,role_only,2,uniform_without_replacement,uniform_remaining_nonlinks,176,0,176,407,198,198,176,22,0,22,0.111111111111,158,40,0.5,0.904761904762,0.95,0.926829268293,19,2,1,38,0.95,0.95,0.05,0.05,0.904761904762,0.95,0.926829268293,0.95,0.55,0.888888888889,0.889499179993,0.9,99,79,20,0,99,0,79,0,20,23,99,0.195652173913,2.18974518502,8.60869565217,6.6,4.5,4.59979377438,0.534319478842,0.291611769873,4.28989068105,0.996641269334,0.541062801932,2.91445898002,0.677096530713,0.355731225296,1.07629584498,0.491516479791,2.88826011686,2.18974518502,1.07629584498,2.88826011686,0.351612638569,0.458912768647,121,0.0683229813665,0.291765337837,23,23,23,1,0,0.347826086957,0.608695652174,0.0434782608696,23,0.156126482213,2.26694004419,6.86956521739,5.26666666667,3.59090909091,3.88826144634,0.566012742189,0.310952118877,3.61595061004,1.05274511431,0.564667033572,2.25279799677,0.655877897792,0.351128233352,1.16140770925,0.512323963849,3.06642980189,2.26694004419,1.16140770925,3.06642980189,0.302490987274,0.38418079096,68,0.0383963862225,0.182254504755,23,23,23,1,0,0.347826086957,0.608695652174,0.0434782608696,23,100,0.197628458498,2.17110833413,8.69565217391,6.66666666667,4.54545454545,4.684935069,0.538767532936,0.295217391304,4.43753305393,1.0206326024,0.550434782609,2.8700442767,0.66011018364,0.348695652174,1.05510015885,0.485973059132,2.85267474875,2.17110833413,1.05510015885,2.85267474875,0.370331600766,0.44499381953,120,0.0677583286279,0.286240322081,23,23,23,1,0,0.347826086957,0.608695652174,0.0434782608696,1,0.00197628458498,-0.0186368508914,0.0869565217391,0.0666666666667,0.0454545454545,0.0851412946276,0.00444805409376,0.00360562143171,0.147642372885,0.0239913330703,0.00937198067633,-0.0444147033281,-0.0169863470726,-0.00703557312253,-0.0211956861373,-0.00554342065917,-0.0355853681084,-0.0186368508914,-0.0211956861373,-0.0355853681084,0.0187189621972,-0.013918949117,-1,-0.000564652738566,-0.00552501575611,0,0,0,98,2,1,405,0.989898989899,0.995085995086,0.004914004914,0.010101010101,0.98,0.989898989899,0.984924623116,0.981253898792,0.984984984985,0.970297029703,21,20,0,23,23,23,1,0,8,0,0.0386050732335,0,0,1,3.88826011686,0,16,NaN,1,ok,2.18974518502,0,23,23,23,1,0,8,0,0.0394947659213,0,0,1,4.06642980189,0,16,NaN,1,ok,2.26694004419,0,23,23,23,1,0,8,0,0.040067002562,0,0,1,3.85267474875,0,16,NaN,1,ok,2.17110833413,0,0,0,0
761,WLNM_dir_neg,0.85625,0.705595081144,00:00:00,10,80,61,511885207,fixed,validated_v2,/gpfs/scratch/acw792/wlnm_roleonly_v2_20260910/result_wlnm_dir_neg_roleonly_trophicv2_100x290_train10-90_Apocrita_20260910_011848/ecological_snapshots/Broadstone_Stream_tax_mass_K10_ratio0.8_exp61_seed511885207_threshold0.5_validated_v2.mat,role_only,2,uniform_without_replacement,uniform_remaining_nonlinks,176,0,176,407,198,198,176,22,0,22,0.111111111111,158,40,0.5,0.909090909091,0.5,0.645161290323,10,1,10,39,0.5,0.975,0.025,0.5,0.909090909091,0.5,0.645161290323,0.816666666667,0.605555555556,0.535211267606,0.57868765868,0.475,99,79,20,0,99,0,79,0,20,23,99,0.195652173913,2.18974518502,8.60869565217,6.6,4.5,4.59979377438,0.534319478842,0.291611769873,4.28989068105,0.996641269334,0.541062801932,2.91445898002,0.677096530713,0.355731225296,1.07629584498,0.491516479791,2.88826011686,2.18974518502,1.07629584498,2.88826011686,0.351612638569,0.458912768647,121,0.0683229813665,0.291765337837,23,23,23,1,0,0.347826086957,0.608695652174,0.0434782608696,23,0.156126482213,2.15954721599,6.86956521739,5.64285714286,3.59090909091,4.48537368288,0.652934143711,0.360484314805,3.69060338694,1.07447946708,0.575674188222,2.77695200725,0.808479698315,0.428178315905,1.11578338085,0.516674686523,2.92674241968,2.15954721599,1.11578338085,2.92674241968,0.404730649467,0.471119133574,87,0.0491247882552,0.240901558759,23,23,23,1,0,0.391304347826,0.565217391304,0.0434782608696,23,90,0.177865612648,2.13125501042,7.82608695652,6.42857142857,4.09090909091,4.92352584226,0.629117190955,0.347826086957,4.31606979763,1.10299561495,0.585507246377,2.74545978064,0.701617499497,0.371980676329,1.08234945336,0.507846056932,2.86398121608,2.13125501042,1.08234945336,2.86398121608,0.407668341759,0.477568740955,110,0.0621118012422,0.255157031434,23,23,23,1,0,0.391304347826,0.565217391304,0.0434782608696,-9,-0.0177865612648,-0.0584901746085,-0.782608695652,-0.171428571429,-0.409090909091,0.323732067879,0.0947977121132,0.0562143170839,0.0261791165839,0.106354345616,0.0444444444444,-0.168999199384,0.0245209687843,0.0162494510321,0.0060536083725,0.0163295771404,-0.0242789007817,-0.0584901746085,0.0060536083725,-0.0242789007817,0.0560557031901,0.0186559723079,-11,-0.00621118012422,-0.0366083064031,0.0434782608696,-0.0434782608696,0,89,1,10,406,0.89898989899,0.997542997543,0.002457002457,0.10101010101,0.988888888889,0.89898989899,0.941798941799,0.930064593646,0.896532896533,0.89,11,20,0,23,23,23,1,0,8,0,0.0386050732335,0,0,1,3.88826011686,0,16,NaN,1,ok,2.18974518502,0,23,23,23,1,0,9,0,0.0306577615059,0,0,1,3.92674241968,0,16,NaN,1,ok,2.15954721599,0,23,23,23,1,0,9,0,0.03524477735,0,0,1,3.86398121608,0,16,NaN,1,ok,2.13125501042,0,0,0,0
762,WLNM_dir_neg,0.96875,0.905567115656,00:00:00,10,80,62,511885208,fixed,validated_v2,/gpfs/scratch/acw792/wlnm_roleonly_v2_20260910/result_wlnm_dir_neg_roleonly_trophicv2_100x290_train10-90_Apocrita_20260910_011848/ecological_snapshots/Broadstone_Stream_tax_mass_K10_ratio0.8_exp62_seed511885208_threshold0.5_validated_v2.mat,role_only,2,uniform_without_replacement,uniform_remaining_nonlinks,176,0,176,407,198,198,176,22,0,22,0.111111111111,158,40,0.5,0.9,0.9,0.9,18,2,2,38,0.9,0.95,0.05,0.1,0.9,0.9,0.9,0.933333333333,0.555555555556,0.85,0.85,0.85,99,79,20,0,99,0,79,0,20,23,99,0.195652173913,2.18974518502,8.60869565217,6.6,4.5,4.59979377438,0.534319478842,0.291611769873,4.28989068105,0.996641269334,0.541062801932,2.91445898002,0.677096530713,0.355731225296,1.07629584498,0.491516479791,2.88826011686,2.18974518502,1.07629584498,2.88826011686,0.351612638569,0.458912768647,121,0.0683229813665,0.291765337837,23,23,23,1,0,0.347826086957,0.608695652174,0.0434782608696,23,0.156126482213,2.15687838499,6.86956521739,5.26666666667,3.59090909091,3.74535285176,0.545209592345,0.303247110622,3.60335811755,1.04907894562,0.560264171712,2.44626035477,0.712202381769,0.376444689048,1.04831870288,0.486035146984,2.82003395586,2.15687838499,1.04831870288,2.82003395586,0.306447592811,0.385057471264,67,0.0378317334839,0.20832016645,23,23,23,1,0,0.347826086957,0.608695652174,0.0434782608696,23,99,0.195652173913,2.44487652086,8.60869565217,6.1875,4.5,4.53009261831,0.526222879904,0.288537549407,4.23658076765,0.984256137938,0.534036012297,2.88309780695,0.669810601614,0.352217830479,1.18579843124,0.485013627938,3.55549491597,2.44487652086,1.18579843124,3.55549491597,0.356987456987,0.433503836317,113,0.0638057594579,0.251494049932,23,23,23,1,0,0.304347826087,0.652173913043,0.0434782608696,0,0,0.255131335832,0,-0.4125,0,-0.0697011560706,-0.0080965989375,-0.00307422046552,-0.0533099134009,-0.0123851313962,-0.00702678963549,-0.0313611730767,-0.00728592909863,-0.00351339481774,0.109502586258,-0.00650285185302,0.667234799115,0.255131335832,0.109502586258,0.667234799115,0.0053748184183,-0.0254089323301,-8,-0.00451722190853,-0.0402712879052,-0.0434782608696,0.0434782608696,0,97,2,2,405,0.979797979798,0.995085995086,0.004914004914,0.020202020202,0.979797979798,0.979797979798,0.979797979798,0.974883974884,0.974883974884,0.960396039604,20,20,0,23,23,23,1,0,8,0,0.0386050732335,0,0,1,3.88826011686,0,16,NaN,1,ok,2.18974518502,0,23,23,23,1,0,8,0,0.028780574059,0,0,1,3.82003395586,0,16,NaN,1,ok,2.15687838499,0,23,23,23,1,0,7,0,0.0379400233315,0,0,1,4.55549491597,0,16,NaN,1,ok,2.44487652086,0,0,0,0
763,WLNM_dir_neg,0.97375,0.841398243719,00:00:00,10,80,63,511885209,fixed,validated_v2,/gpfs/scratch/acw792/wlnm_roleonly_v2_20260910/result_wlnm_dir_neg_roleonly_trophicv2_100x290_train10-90_Apocrita_20260910_011848/ecological_snapshots/Broadstone_Stream_tax_mass_K10_ratio0.8_exp63_seed511885209_threshold0.5_validated_v2.mat,role_only,2,uniform_without_replacement,uniform_remaining_nonlinks,176,0,176,407,198,198,176,22,0,22,0.111111111111,158,40,0.5,0.857142857143,0.9,0.878048780488,18,3,2,37,0.9,0.925,0.075,0.1,0.857142857143,0.9,0.878048780488,0.916666666667,0.55,0.814814814815,0.815374248327,0.825,99,79,20,0,99,0,79,0,20,23,99,0.195652173913,2.18974518502,8.60869565217,6.6,4.5,4.59979377438,0.534319478842,0.291611769873,4.28989068105,0.996641269334,0.541062801932,2.91445898002,0.677096530713,0.355731225296,1.07629584498,0.491516479791,2.88826011686,2.18974518502,1.07629584498,2.88826011686,0.351612638569,0.458912768647,121,0.0683229813665,0.291765337837,23,23,23,1,0,0.347826086957,0.608695652174,0.0434782608696,23,0.156126482213,2.15800702885,6.86956521739,5.26666666667,3.7619047619,3.37510064262,0.491312118863,0.266373142543,3.27283706447,0.952851297252,0.52063841497,2.5553168627,0.743953010658,0.397358282884,1.0319652441,0.478202911439,2.75489325041,2.15800702885,1.0319652441,2.75489325041,0.242443064182,0.3125,55,0.0310559006211,0.236587380873,23,23,23,1,0,0.347826086957,0.565217391304,0.0869565217391,23,100,0.197628458498,2.25487231132,8.69565217391,6.66666666667,4.54545454545,4.5769658728,0.526351075372,0.286956521739,4.3443662123,0.999204228829,0.542608695652,2.78973272835,0.641638527522,0.337391304348,1.12223491903,0.497693334295,3.04761723876,2.25487231132,1.12223491903,3.04761723876,0.375029559812,0.430217669654,112,0.0632411067194,0.275113054914,23,23,23,1,0,0.347826086957,0.608695652174,0.0434782608696,1,0.00197628458498,0.0651271262986,0.0869565217391,0.0666666666667,0.0454545454545,-0.0228279015755,-0.0079684034696,-0.00465524813351,0.0544755312513,0.00256295949446,0.00154589371981,-0.12472625167,-0.0354580031912,-0.0183399209486,0.045939074048,0.00617685450339,0.159357121902,0.0651271262986,0.045939074048,0.159357121902,0.023416921243,-0.028695098993,-9,-0.00508187464709,-0.0166522829227,0,0,0,97,3,2,404,0.979797979798,0.992628992629,0.00737100737101,0.020202020202,0.97,0.979797979798,0.974874371859,0.968743455514,0.972426972427,0.950980392157,21,20,0,23,23,23,1,0,8,0,0.0386050732335,0,0,1,3.88826011686,0,16,NaN,1,ok,2.18974518502,0,23,23,23,1,0,8,0,0.0377857154607,0,0,1,3.75489325041,0,16,NaN,1,ok,2.15800702885,0,23,23,23,1,0,8,0,0.0401251668482,0,0,1,4.04761723876,0,16,NaN,1,ok,2.25487231132,0,0,0,0
764,WLNM_dir_neg,1,0.95,00:00:00,10,80,64,511885210,fixed,validated_v2,/gpfs/scratch/acw792/wlnm_roleonly_v2_20260910/result_wlnm_dir_neg_roleonly_trophicv2_100x290_train10-90_Apocrita_20260910_011848/ecological_snapshots/Broadstone_Stream_tax_mass_K10_ratio0.8_exp64_seed511885210_threshold0.5_validated_v2.mat,role_only,2,uniform_without_replacement,uniform_remaining_nonlinks,176,0,176,407,198,198,176,22,0,22,0.111111111111,158,40,0.5,1,0.85,0.918918918919,17,0,3,40,0.85,1,0,0.15,1,0.85,0.918918918919,0.95,0.572222222222,0.883116883117,0.889211827642,0.85,99,79,20,0,99,0,79,0,20,23,99,0.195652173913,2.18974518502,8.60869565217,6.6,4.5,4.59979377438,0.534319478842,0.291611769873,4.28989068105,0.996641269334,0.541062801932,2.91445898002,0.677096530713,0.355731225296,1.07629584498,0.491516479791,2.88826011686,2.18974518502,1.07629584498,2.88826011686,0.351612638569,0.458912768647,121,0.0683229813665,0.291765337837,23,23,23,1,0,0.347826086957,0.608695652174,0.0434782608696,23,0.156126482213,2.13276031043,6.86956521739,5.26666666667,3.59090909091,3.57140598525,0.519888213042,0.288937809576,3.3279271047,0.968890169724,0.526141992295,2.48314476121,0.722940879847,0.373142542653,1.01695631677,0.47682635118,2.78257754552,2.13276031043,1.01695631677,2.78257754552,0.273579955398,0.325443786982,55,0.0310559006211,0.227682978397,23,23,23,1,0,0.347826086957,0.608695652174,0.0434782608696,23,96,0.189723320158,2.15141390317,8.34782608696,6.4,4.36363636364,4.45797238513,0.534027941968,0.293025362319,4.15224116826,0.994807779895,0.539855072464,2.90222757571,0.695325356679,0.363224637681,1.04574188682,0.486071920092,2.80078742901,2.15141390317,1.04574188682,2.80078742901,0.351777690908,0.461538461538,116,0.0654997176736,0.287040723826,23,23,23,1,0,0.347826086957,0.608695652174,0.0434782608696,-3,-0.00592885375494,-0.0383312818584,-0.260869565217,-0.2,-0.136363636364,-0.141821389249,-0.000291536873362,0.0014135924462,-0.13764951279,-0.00183348943932,-0.0012077294686,-0.0122314043189,0.0182288259667,0.00749341238472,-0.0305539581583,-0.00544455969918,-0.0874726878484,-0.0383312818584,-0.0305539581583,-0.0874726878484,0.000165052338965,0.00262569289118,-5,-0.00282326369283,-0.00472461401033,0,0,0,96,0,3,407,0.969696969697,1,0,0.030303030303,1,0.969696969697,0.984615384615,0.981122635564,0.969696969697,0.969696969697,17,20,0,23,23,23,1,0,8,0,0.0386050732335,0,0,1,3.88826011686,0,16,NaN,1,ok,2.18974518502,0,23,23,23,1,0,8,0,0.0350168839654,0,0,1,3.78257754552,0,16,NaN,1,ok,2.13276031043,0,23,23,23,1,0,8,0,0.0375342855114,0,0,1,3.80078742901,0,16,NaN,1,ok,2.15141390317,0,0,0,0
765,WLNM_dir_neg,0.93625,0.621376431553,00:00:00,10,80,65,511885211,fixed,validated_v2,/gpfs/scratch/acw792/wlnm_roleonly_v2_20260910/result_wlnm_dir_neg_roleonly_trophicv2_100x290_train10-90_Apocrita_20260910_011848/ecological_snapshots/Broadstone_Stream_tax_mass_K10_ratio0.8_exp65_seed511885211_threshold0.5_validated_v2.mat,role_only,2,uniform_without_replacement,uniform_remaining_nonlinks,176,0,176,407,198,198,176,22,0,22,0.111111111111,158,40,0.5,0.85,0.85,0.85,17,3,3,37,0.85,0.925,0.075,0.15,0.85,0.85,0.85,0.9,0.555555555556,0.775,0.775,0.775,99,79,20,0,99,0,79,0,20,23,99,0.195652173913,2.18974518502,8.60869565217,6.6,4.5,4.59979377438,0.534319478842,0.291611769873,4.28989068105,0.996641269334,0.541062801932,2.91445898002,0.677096530713,0.355731225296,1.07629584498,0.491516479791,2.88826011686,2.18974518502,1.07629584498,2.88826011686,0.351612638569,0.458912768647,121,0.0683229813665,0.291765337837,23,23,23,1,0,0.347826086957,0.608695652174,0.0434782608696,23,0.156126482213,2.12212734474,6.86956521739,5.64285714286,3.95,3.86481033083,0.562598972209,0.299944964227,3.38211992364,0.984667825869,0.53604843148,2.51948925121,0.733522187061,0.403962575674,1.06770947374,0.50313166945,2.85945945946,2.12212734474,1.06770947374,2.85945945946,0.287916431395,0.372,62,0.0350084697911,0.235083292776,23,23,23,1,0,0.391304347826,0.478260869565,0.130434782609,23,99,0.195652173913,2.09198619561,8.60869565217,7.07142857143,4.5,4.59979377438,0.534319478842,0.290733421168,4.48669530753,1.04236355629,0.56038647343,2.77053953736,0.643660700598,0.348704435661,1.03044771102,0.492569077742,2.66187419769,2.09198619561,1.03044771102,2.66187419769,0.401395223134,0.477099236641,125,0.0705815923207,0.284135690317,23,23,23,1,0,0.391304347826,0.565217391304,0.0434782608696,0,0,-0.0977589894192,0,0.471428571429,0,0,0,-0.000878348704436,0.196804626482,0.0457222869606,0.0193236714976,-0.143919442667,-0.0334358301145,-0.00702678963549,-0.0458481339641,0.00105259795109,-0.226385919168,-0.0977589894192,-0.0458481339641,-0.226385919168,0.0497825845652,0.0181864679939,4,0.00225861095426,-0.00762964751976,0.0434782608696,-0.0434782608696,0,96,3,3,404,0.969696969697,0.992628992629,0.00737100737101,0.030303030303,0.969696969697,0.969696969697,0.969696969697,0.962325962326,0.962325962326,0.941176470588,20,20,0,23,23,23,1,0,8,0,0.0386050732335,0,0,1,3.88826011686,0,16,NaN,1,ok,2.18974518502,0,23,23,23,1,0,9,0,0.0520808568014,0,0,1,3.85945945946,0,16,NaN,1,ok,2.12212734474,0,23,23,23,1,0,9,0,0.0546611874355,0,0,1,3.66187419769,0,16,NaN,1,ok,2.09198619561,0,0,0,0
766,WLNM_dir_neg,0.935,0.799789039234,00:00:01,10,80,66,511885212,fixed,validated_v2,/gpfs/scratch/acw792/wlnm_roleonly_v2_20260910/result_wlnm_dir_neg_roleonly_trophicv2_100x290_train10-90_Apocrita_20260910_011848/ecological_snapshots/Broadstone_Stream_tax_mass_K10_ratio0.8_exp66_seed511885212_threshold0.5_validated_v2.mat,role_only,2,uniform_without_replacement,uniform_remaining_nonlinks,176,0,176,407,198,198,176,22,0,22,0.111111111111,158,40,0.5,0.894736842105,0.85,0.871794871795,17,2,3,38,0.85,0.95,0.05,0.15,0.894736842105,0.85,0.871794871795,0.916666666667,0.561111111111,0.810126582278,0.810711347101,0.8,99,79,20,0,99,0,79,0,20,23,99,0.195652173913,2.18974518502,8.60869565217,6.6,4.5,4.59979377438,0.534319478842,0.291611769873,4.28989068105,0.996641269334,0.541062801932,2.91445898002,0.677096530713,0.355731225296,1.07629584498,0.491516479791,2.88826011686,2.18974518502,1.07629584498,2.88826011686,0.351612638569,0.458912768647,121,0.0683229813665,0.291765337837,23,23,23,1,0,0.347826086957,0.608695652174,0.0434782608696,23,0.156126482213,2.22472331439,6.86956521739,5.26666666667,3.59090909091,4.28850840594,0.624276540105,0.343973582829,3.48798049093,1.01548799103,0.549257017061,2.69386655127,0.784290261762,0.42047330765,1.10342692344,0.495983889908,2.75631954939,2.22472331439,1.10342692344,2.75631954939,0.33132449561,0.420107719928,78,0.0440429136081,0.225602056673,23,23,23,1,0,0.347826086957,0.608695652174,0.0434782608696,23,98,0.193675889328,2.17680269632,8.52173913043,6.53333333333,4.45454545455,4.75652246172,0.5581633501,0.307009760426,4.27697207363,1.00377916014,0.543034605146,2.9881187652,0.701293179588,0.369121561668,1.05596990699,0.485101340957,2.79331161375,2.17680269632,1.05596990699,2.79331161375,0.379640649206,0.465909090909,123,0.0694522868436,0.285116484045,23,23,23,1,0,0.347826086957,0.608695652174,0.0434782608696,-1,-0.00197628458498,-0.0129424887009,-0.0869565217391,-0.0666666666667,-0.0454545454545,0.156728687344,0.0238438712581,0.0153979905533,-0.0129186074212,0.00713789080252,0.00197180321404,0.0736597851756,0.024196648875,0.0133903363717,-0.020325937997,-0.00641513883393,-0.0949485031075,-0.0129424887009,-0.020325937997,-0.0949485031075,0.0280280106367,0.00699632226181,2,0.00112930547713,-0.00664885379171,0,0,0,96,2,3,405,0.969696969697,0.995085995086,0.004914004914,0.030303030303,0.979591836735,0.969696969697,0.97461928934,0.968503755354,0.964782964783,0.950495049505,19,20,0,23,23,23,1,0,8,0,0.0386050732335,0,0,1,3.88826011686,0,16,NaN,1,ok,2.18974518502,0,23,23,23,1,0,8,0,0.0321796394089,0,0,1,3.75631954939,0,16,NaN,1,ok,2.22472331439,0,23,23,23,1,0,8,0,0.0391811970724,0,0,1,3.79331161375,0,16,NaN,1,ok,2.17680269632,0,0,0,0
767,WLNM_dir_neg,0.94875,0.847458936804,00:00:01,10,80,67,511885213,fixed,validated_v2,/gpfs/scratch/acw792/wlnm_roleonly_v2_20260910/result_wlnm_dir_neg_roleonly_trophicv2_100x290_train10-90_Apocrita_20260910_011848/ecological_snapshots/Broadstone_Stream_tax_mass_K10_ratio0.8_exp67_seed511885213_threshold0.5_validated_v2.mat,role_only,2,uniform_without_replacement,uniform_remaining_nonlinks,176,0,176,407,198,198,176,22,0,22,0.111111111111,158,40,0.5,0.875,0.7,0.777777777778,14,2,6,38,0.7,0.95,0.05,0.3,0.875,0.7,0.777777777778,0.866666666667,0.577777777778,0.684210526316,0.692902328156,0.65,99,79,20,0,99,0,79,0,20,23,99,0.195652173913,2.18974518502,8.60869565217,6.6,4.5,4.59979377438,0.534319478842,0.291611769873,4.28989068105,0.996641269334,0.541062801932,2.91445898002,0.677096530713,0.355731225296,1.07629584498,0.491516479791,2.88826011686,2.18974518502,1.07629584498,2.88826011686,0.351612638569,0.458912768647,121,0.0683229813665,0.291765337837,23,23,23,1,0,0.347826086957,0.608695652174,0.0434782608696,23,0.156126482213,2.18766530125,6.86956521739,5.26666666667,3.7619047619,3.93474439306,0.572779247091,0.315354980737,3.47492428899,1.01168681831,0.548156301596,2.53746629098,0.738756008767,0.374243258118,1.06533681823,0.486974318065,2.7987611276,2.18766530125,1.06533681823,2.7987611276,0.303541912633,0.37707948244,68,0.0383963862225,0.218206053206,23,23,23,1,0,0.347826086957,0.565217391304,0.0869565217391,23,95,0.187747035573,2.15952672585,8.26086956522,6.33333333333,4.52380952381,4.43352303278,0.536689630284,0.296109839817,4.09327994541,0.991004618361,0.538215102975,2.70192436181,0.654150108648,0.347826086957,1.04459430802,0.483714461841,2.8318472848,2.15952672585,1.04459430802,2.8318472848,0.311854307309,0.395833333333,95,0.0536420101637,0.252643381362,23,23,23,1,0,0.347826086957,0.565217391304,0.0869565217391,-4,-0.00790513833992,-0.0302184591775,-0.347826086957,-0.266666666667,0.0238095238095,-0.166270741595,0.00237015144242,0.00449806994429,-0.196610735641,-0.00563665097277,-0.00284769895754,-0.212534618219,-0.0229464220651,-0.00790513833992,-0.0317015369592,-0.00780201795047,-0.0564128320582,-0.0302184591775,-0.0317015369592,-0.0564128320582,-0.0397583312603,-0.0630794353139,-26,-0.0146809712027,-0.0391219564749,0,-0.0434782608696,0.0434782608696,93,2,6,405,0.939393939394,0.995085995086,0.004914004914,0.0606060606061,0.978947368421,0.939393939394,0.958762886598,0.949296913438,0.93447993448,0.920792079208,16,20,0,23,23,23,1,0,8,0,0.0386050732335,0,0,1,3.88826011686,0,16,NaN,1,ok,2.18974518502,0,23,23,23,1,0,8,0,0.0273081274101,0,0,1,3.7987611276,0,16,NaN,1,ok,2.18766530125,0,23,23,23,1,0,8,0,0.0351274667334,0,0,1,3.8318472848,0,16,NaN,1,ok,2.15952672585,0,0,0,0
768,WLNM_dir_neg,0.96625,0.861111707135,00:00:00,10,80,68,511885214,fixed,validated_v2,/gpfs/scratch/acw792/wlnm_roleonly_v2_20260910/result_wlnm_dir_neg_roleonly_trophicv2_100x290_train10-90_Apocrita_20260910_011848/ecological_snapshots/Broadstone_Stream_tax_mass_K10_ratio0.8_exp68_seed511885214_threshold0.5_validated_v2.mat,role_only,2,uniform_without_replacement,uniform_remaining_nonlinks,176,0,176,407,198,198,176,22,0,22,0.111111111111,158,40,0.5,0.904761904762,0.95,0.926829268293,19,2,1,38,0.95,0.95,0.05,0.05,0.904761904762,0.95,0.926829268293,0.95,0.55,0.888888888889,0.889499179993,0.9,99,79,20,0,99,0,79,0,20,23,99,0.195652173913,2.18974518502,8.60869565217,6.6,4.5,4.59979377438,0.534319478842,0.291611769873,4.28989068105,0.996641269334,0.541062801932,2.91445898002,0.677096530713,0.355731225296,1.07629584498,0.491516479791,2.88826011686,2.18974518502,1.07629584498,2.88826011686,0.351612638569,0.458912768647,121,0.0683229813665,0.291765337837,23,23,23,1,0,0.347826086957,0.608695652174,0.0434782608696,23,0.156126482213,2.08998054912,6.86956521739,5.26666666667,3.59090909091,3.65941311522,0.532699377532,0.295542102367,3.44866360093,1.00404130154,0.542652724271,2.50138301666,0.728250751687,0.387451843698,0.973222696931,0.465661126531,2.62262619011,2.08998054912,0.973222696931,2.62262619011,0.32499378928,0.386086956522,74,0.0417843026539,0.217811712097,23,23,23,1,0,0.347826086957,0.608695652174,0.0434782608696,23,100,0.197628458498,2.15536601394,8.69565217391,6.66666666667,4.54545454545,4.53706736088,0.521762746501,0.285652173913,4.39636932492,1.01116494473,0.546956521739,2.85416275978,0.656457434748,0.34347826087,1.04310154554,0.48395564317,2.80375259842,2.15536601394,1.04310154554,2.80375259842,0.351714227801,0.462378640777,127,0.0717108977979,0.287589892007,23,23,23,1,0,0.347826086957,0.608695652174,0.0434782608696,1,0.00197628458498,-0.0343791710871,0.0869565217391,0.0666666666667,0.0454545454545,-0.062726413498,-0.0125567323407,-0.0059595959596,0.106478643874,0.0145236753976,0.00589371980676,-0.0602962202491,-0.0206390959644,-0.0122529644269,-0.0331942994404,-0.00756083662087,-0.0845075184339,-0.0343791710871,-0.0331942994404,-0.0845075184339,0.000101589232024,0.00346587212942,6,0.00338791643139,-0.00417544582958,0,0,0,98,2,1,405,0.989898989899,0.995085995086,0.004914004914,0.010101010101,0.98,0.989898989899,0.984924623116,0.981253898792,0.984984984985,0.970297029703,21,20,0,23,23,23,1,0,8,0,0.0386050732335,0,0,1,3.88826011686,0,16,NaN,1,ok,2.18974518502,0,23,23,23,1,0,8,0,0.02816894399,0,0,1,3.62262619011,0,16,NaN,1,ok,2.08998054912,0,23,23,23,1,0,8,0,0.0374195131273,0,0,1,3.80375259842,0,16,NaN,1,ok,2.15536601394,0,0,0,0
769,WLNM_dir_neg,0.98875,0.921978594913,00:00:00,10,80,69,511885215,fixed,validated_v2,/gpfs/scratch/acw792/wlnm_roleonly_v2_20260910/result_wlnm_dir_neg_roleonly_trophicv2_100x290_train10-90_Apocrita_20260910_011848/ecological_snapshots/Broadstone_Stream_tax_mass_K10_ratio0.8_exp69_seed511885215_threshold0.5_validated_v2.mat,role_only,2,uniform_without_replacement,uniform_remaining_nonlinks,176,0,176,407,198,198,176,22,0,22,0.111111111111,158,40,0.5,0.869565217391,1,0.93023255814,20,3,0,37,1,0.925,0.075,0,0.869565217391,1,0.93023255814,0.95,0.538888888889,0.89156626506,0.896854406293,0.925,99,79,20,0,99,0,79,0,20,23,99,0.195652173913,2.18974518502,8.60869565217,6.6,4.5,4.59979377438,0.534319478842,0.291611769873,4.28989068105,0.996641269334,0.541062801932,2.91445898002,0.677096530713,0.355731225296,1.07629584498,0.491516479791,2.88826011686,2.18974518502,1.07629584498,2.88826011686,0.351612638569,0.458912768647,121,0.0683229813665,0.291765337837,23,23,23,1,0,0.347826086957,0.608695652174,0.0434782608696,23,0.156126482213,2.19441734407,6.86956521739,5.26666666667,3.59090909091,3.92317528895,0.571095136999,0.314254265272,3.43545798133,1.00019662748,0.540451293341,2.40881122994,0.701299472009,0.377545404513,1.09246148013,0.497836695962,2.96379242735,2.19441734407,1.09246148013,2.96379242735,0.323229043684,0.431818181818,76,0.042913608131,0.212510161796,23,23,23,1,0,0.347826086957,0.608695652174,0.0434782608696,23,102,0.201581027668,2.22824094344,8.86956521739,6.8,4.63636363636,4.67395440739,0.526965447892,0.286871270247,4.34664015447,0.980124740713,0.53452685422,2.87348516545,0.647942733385,0.341858482523,1.10363201927,0.495292945101,2.94089050336,2.22824094344,1.10363201927,2.94089050336,0.377971786667,0.473871733967,133,0.0750988142292,0.280984419777,23,23,23,1,0,0.347826086957,0.608695652174,0.0434782608696,3,0.00592885375494,0.0384957584149,0.260869565217,0.2,0.136363636364,0.0741606330141,-0.00735403094964,-0.00474049962541,0.0567494734182,-0.0165165286214,-0.00653594771242,-0.0409738145768,-0.0291537973275,-0.013872742773,0.0273361742873,0.00377646530958,0.052630386507,0.0384957584149,0.0273361742873,0.052630386507,0.0263591480983,0.0149589653195,12,0.00677583286279,-0.0107809180598,0,0,0,99,3,0,404,1,0.992628992629,0.00737100737101,0,0.970588235294,1,0.985074626866,0.981546749909,0.992628992629,0.970588235294,23,20,0,23,23,23,1,0,8,0,0.0386050732335,0,0,1,3.88826011686,0,16,NaN,1,ok,2.18974518502,0,23,23,23,1,0,8,0,0.0391607670584,0,0,1,3.96379242735,0,16,NaN,1,ok,2.19441734407,0,23,23,23,1,0,8,0,0.0394937672722,0,0,1,3.94089050336,0,16,NaN,1,ok,2.22824094344,0,0,0,0
770,WLNM_dir_neg,0.90375,0.773960233408,00:00:00,10,80,70,511885216,fixed,validated_v2,/gpfs/scratch/acw792/wlnm_roleonly_v2_20260910/result_wlnm_dir_neg_roleonly_trophicv2_100x290_train10-90_Apocrita_20260910_011848/ecological_snapshots/Broadstone_Stream_tax_mass_K10_ratio0.8_exp70_seed511885216_threshold0.5_validated_v2.mat,role_only,2,uniform_without_replacement,uniform_remaining_nonlinks,176,0,176,407,198,198,176,22,0,22,0.111111111111,158,40,0.5,0.705882352941,0.6,0.648648648649,12,5,8,35,0.6,0.875,0.125,0.4,0.705882352941,0.6,0.648648648649,0.783333333333,0.572222222222,0.493506493506,0.496912491918,0.475,99,79,20,0,99,0,79,0,20,23,99,0.195652173913,2.18974518502,8.60869565217,6.6,4.5,4.59979377438,0.534319478842,0.291611769873,4.28989068105,0.996641269334,0.541062801932,2.91445898002,0.677096530713,0.355731225296,1.07629584498,0.491516479791,2.88826011686,2.18974518502,1.07629584498,2.88826011686,0.351612638569,0.458912768647,121,0.0683229813665,0.291765337837,23,23,23,1,0,0.347826086957,0.608695652174,0.0434782608696,23,0.156126482213,2.09571540579,6.86956521739,5.64285714286,3.59090909091,4.03737479768,0.587719116118,0.323059988993,3.70289919531,1.07805925939,0.574573472757,2.46477155417,0.717591718302,0.380847550908,1.03234546426,0.492598117764,2.69396003836,2.09571540579,1.03234546426,2.69396003836,0.334281591424,0.416184971098,72,0.0406549971767,0.219478842281,23,23,23,1,0,0.391304347826,0.565217391304,0.0434782608696,23,96,0.189723320158,2.69956645264,8.34782608696,6.4,4.36363636364,4.77311310317,0.571779173817,0.313858695652,4.32384691842,1.03592165754,0.557971014493,2.51634969952,0.602875448843,0.326992753623,1.41989388652,0.525971081443,3.45820237778,2.69956645264,1.41989388652,3.45820237778,0.411932270628,0.45306122449,111,0.0626764539808,0.213960004932,23,23,23,1,0,0.347826086957,0.608695652174,0.0434782608696,-3,-0.00592885375494,0.509821267614,-0.260869565217,-0.2,-0.136363636364,0.173319328793,0.0374596949754,0.0222469257795,0.0339562373708,0.0392803882034,0.0169082125604,-0.398109280504,-0.0742210818693,-0.0287384716733,0.343598041538,0.0344546016516,0.569942260924,0.509821267614,0.343598041538,0.569942260924,0.0603196320588,-0.00585154415749,-10,-0.00564652738566,-0.0778053329048,0,0,0,91,5,8,402,0.919191919192,0.987714987715,0.012285012285,0.0808080808081,0.947916666667,0.919191919192,0.933333333333,0.917592735176,0.906906906907,0.875,17,20,0,23,23,23,1,0,8,0,0.0386050732335,0,0,1,3.88826011686,0,16,NaN,1,ok,2.18974518502,0,23,23,23,1,0,9,0,0.0332272808466,0,0,1,3.69396003836,0,16,NaN,1,ok,2.09571540579,0,23,23,23,1,0,8,0,0.0377334749977,0,0,1,4.45820237778,0,16,NaN,1,ok,2.69956645264,0,0,0,0
771,WLNM_dir_neg,0.93625,0.8196167089,00:00:00,10,80,71,511885217,fixed,validated_v2,/gpfs/scratch/acw792/wlnm_roleonly_v2_20260910/result_wlnm_dir_neg_roleonly_trophicv2_100x290_train10-90_Apocrita_20260910_011848/ecological_snapshots/Broadstone_Stream_tax_mass_K10_ratio0.8_exp71_seed511885217_threshold0.5_validated_v2.mat,role_only,2,uniform_without_replacement,uniform_remaining_nonlinks,176,0,176,407,198,198,176,22,0,22,0.111111111111,158,40,0.5,0.857142857143,0.9,0.878048780488,18,3,2,37,0.9,0.925,0.075,0.1,0.857142857143,0.9,0.878048780488,0.916666666667,0.55,0.814814814815,0.815374248327,0.825,99,79,20,0,99,0,79,0,20,23,99,0.195652173913,2.18974518502,8.60869565217,6.6,4.5,4.59979377438,0.534319478842,0.291611769873,4.28989068105,0.996641269334,0.541062801932,2.91445898002,0.677096530713,0.355731225296,1.07629584498,0.491516479791,2.88826011686,2.18974518502,1.07629584498,2.88826011686,0.351612638569,0.458912768647,121,0.0683229813665,0.291765337837,23,23,23,1,0,0.347826086957,0.608695652174,0.0434782608696,23,0.156126482213,2.25675343011,6.86956521739,5.26666666667,3.7619047619,4.25659219037,0.619630508724,0.332966428178,3.55254181674,1.03428432639,0.555861309851,2.51948925121,0.733522187061,0.390753990094,1.15341211819,0.511093548282,3.13021556111,2.25675343011,1.15341211819,3.13021556111,0.350271950272,0.407766990291,70,0.0395256916996,0.216653835582,23,23,23,1,0,0.347826086957,0.565217391304,0.0869565217391,23,100,0.197628458498,2.18423675083,8.69565217391,6.66666666667,4.54545454545,4.79995059263,0.551994318153,0.304782608696,4.49857245692,1.03467166509,0.555652173913,2.83819237692,0.65278424669,0.340869565217,1.06992071962,0.489837339845,2.88973139844,2.18423675083,1.06992071962,2.88973139844,0.402974802975,0.464068209501,127,0.0717108977979,0.283648803692,23,23,23,1,0,0.347826086957,0.608695652174,0.0434782608696,1,0.00197628458498,-0.00550843419276,0.0869565217391,0.0666666666667,0.0454545454545,0.200156818254,0.0176748393108,0.013170838823,0.208681775877,0.0380303957584,0.0145893719807,-0.0762666031093,-0.0243122840223,-0.0148616600791,-0.00637512536314,-0.00167913994587,0.00147128158285,-0.00550843419276,-0.00637512536314,0.00147128158285,0.0513621644056,0.00515544085333,6,0.00338791643139,-0.00811653414484,0,0,0,97,3,2,404,0.979797979798,0.992628992629,0.00737100737101,0.020202020202,0.97,0.979797979798,0.974874371859,0.968743455514,0.972426972427,0.950980392157,21,20,0,23,23,23,1,0,8,0,0.0386050732335,0,0,1,3.88826011686,0,16,NaN,1,ok,2.18974518502,0,23,23,23,1,0,8,0,0.0334720434423,0,0,1,4.13021556111,0,16,NaN,1,ok,2.25675343011,0,23,23,23,1,0,8,0,0.0392083228726,0,0,1,3.88973139844,0,16,NaN,1,ok,2.18423675083,0,0,0,0
772,WLNM_dir_neg,0.965,0.831506290658,00:00:00,10,80,72,511885218,fixed,validated_v2,/gpfs/scratch/acw792/wlnm_roleonly_v2_20260910/result_wlnm_dir_neg_roleonly_trophicv2_100x290_train10-90_Apocrita_20260910_011848/ecological_snapshots/Broadstone_Stream_tax_mass_K10_ratio0.8_exp72_seed511885218_threshold0.5_validated_v2.mat,role_only,2,uniform_without_replacement,uniform_remaining_nonlinks,176,0,176,407,198,198,176,22,0,22,0.111111111111,158,40,0.5,0.863636363636,0.95,0.904761904762,19,3,1,37,0.95,0.925,0.075,0.05,0.863636363636,0.95,0.904761904762,0.933333333333,0.544444444444,0.853658536585,0.855952979078,0.875,99,79,20,0,99,0,79,0,20,23,99,0.195652173913,2.18974518502,8.60869565217,6.6,4.5,4.59979377438,0.534319478842,0.291611769873,4.28989068105,0.996641269334,0.541062801932,2.91445898002,0.677096530713,0.355731225296,1.07629584498,0.491516479791,2.88826011686,2.18974518502,1.07629584498,2.88826011686,0.351612638569,0.458912768647,121,0.0683229813665,0.291765337837,23,23,23,1,0,0.347826086957,0.608695652174,0.0434782608696,23,0.156126482213,2.11466217623,6.86956521739,5.26666666667,3.7619047619,3.70876538911,0.539883569301,0.296642817832,3.48798049093,1.01548799103,0.548156301596,2.38986661774,0.695783952001,0.356631810677,1.04332633755,0.493377310699,2.99037679588,2.11466217623,1.04332633755,2.99037679588,0.262164405643,0.361165048544,62,0.0350084697911,0.228606591821,23,23,23,1,0,0.347826086957,0.565217391304,0.0869565217391,23,101,0.199604743083,2.50492240439,8.78260869565,6.3125,4.59090909091,4.78593129285,0.544932770969,0.297460180801,4.28251339153,0.975225821833,0.531209642703,3.02623574211,0.689142792757,0.360740421868,1.23883172944,0.494558924168,3.35385951251,2.50492240439,1.23883172944,3.35385951251,0.402826641957,0.493811881188,133,0.0750988142292,0.276425229326,23,23,23,1,0,0.304347826087,0.652173913043,0.0434782608696,2,0.00395256916996,0.315177219364,0.173913043478,-0.2875,0.0909090909091,0.186137518477,0.0106132921268,0.00584841092805,-0.00737728951925,-0.0214154475011,-0.00985315922897,0.111776762081,0.012046262044,0.00500919657183,0.162535884456,0.00304244437699,0.465599395651,0.315177219364,0.162535884456,0.465599395651,0.0512140033879,0.0348991125408,12,0.00677583286279,-0.015340108511,-0.0434782608696,0.0434782608696,0,98,3,1,404,0.989898989899,0.992628992629,0.00737100737101,0.010101010101,0.970297029703,0.989898989899,0.98,0.975150238696,0.982527982528,0.960784313725,22,20,0,23,23,23,1,0,8,0,0.0386050732335,0,0,1,3.88826011686,0,16,NaN,1,ok,2.18974518502,0,23,23,23,1,0,8,0,0.0278431046808,0,0,1,3.99037679588,0,16,NaN,1,ok,2.11466217623,0,23,23,23,1,0,7,0,0.01532385632,0,0,1,4.35385951251,0,16,NaN,1,ok,2.50492240439,0,0,0,0
773,WLNM_dir_neg,0.985,0.864999539934,00:00:00,10,80,73,511885219,fixed,validated_v2,/gpfs/scratch/acw792/wlnm_roleonly_v2_20260910/result_wlnm_dir_neg_roleonly_trophicv2_100x290_train10-90_Apocrita_20260910_011848/ecological_snapshots/Broadstone_Stream_tax_mass_K10_ratio0.8_exp73_seed511885219_threshold0.5_validated_v2.mat,role_only,2,uniform_without_replacement,uniform_remaining_nonlinks,176,0,176,407,198,198,176,22,0,22,0.111111111111,158,40,0.5,0.909090909091,1,0.952380952381,20,2,0,38,1,0.95,0.05,0,0.909090909091,1,0.952380952381,0.966666666667,0.544444444444,0.926829268293,0.929320377285,0.95,99,79,20,0,99,0,79,0,20,23,99,0.195652173913,2.18974518502,8.60869565217,6.6,4.5,4.59979377438,0.534319478842,0.291611769873,4.28989068105,0.996641269334,0.541062801932,2.91445898002,0.677096530713,0.355731225296,1.07629584498,0.491516479791,2.88826011686,2.18974518502,1.07629584498,2.88826011686,0.351612638569,0.458912768647,121,0.0683229813665,0.291765337837,23,23,23,1,0,0.347826086957,0.608695652174,0.0434782608696,23,0.156126482213,2.13700102534,6.86956521739,5.26666666667,3.59090909091,3.78158634133,0.550484087662,0.305998899285,3.52685910944,1.0268070825,0.552559163456,2.48314476121,0.722940879847,0.385250412768,1.01752013929,0.476143964009,2.71212935935,2.13700102534,1.01752013929,2.71212935935,0.295134575569,0.384758364312,69,0.038961038961,0.211517767946,23,23,23,1,0,0.347826086957,0.608695652174,0.0434782608696,23,101,0.199604743083,2.21617575596,8.78260869565,6.73333333333,4.59090909091,4.65106558406,0.529576774422,0.291003013345,4.31423784942,0.982450203333,0.534653465347,2.87210930462,0.654044693132,0.343521308653,1.08453034246,0.48937018625,2.91095361754,2.21617575596,1.08453034246,2.91095361754,0.477244012027,0.48492159228,134,0.0756634669678,0.281981336803,23,23,23,1,0,0.347826086957,0.608695652174,0.0434782608696,2,0.00395256916996,0.026430570932,0.173913043478,0.133333333333,0.0909090909091,0.0512718096793,-0.00474270441952,-0.000608756527827,0.0243471683699,-0.0141910660016,-0.00640933658583,-0.0423496754005,-0.0230518375806,-0.0122099166438,0.00823449747237,-0.00214629354113,0.0226935006853,0.026430570932,0.00823449747237,0.0226935006853,0.125631373457,0.0260088236326,13,0.00734048560136,-0.00978400103345,0,0,0,99,2,0,405,1,0.995085995086,0.004914004914,0,0.980198019802,1,0.99,0.987613953889,0.995085995086,0.980198019802,22,20,0,23,23,23,1,0,8,0,0.0386050732335,0,0,1,3.88826011686,0,16,NaN,1,ok,2.18974518502,0,23,23,23,1,0,8,0,0.0311774002344,0,0,1,3.71212935935,0,16,NaN,1,ok,2.13700102534,0,23,23,23,1,0,8,0,0.0413440292538,0,0,1,3.91095361754,0,16,NaN,1,ok,2.21617575596,0,0,0,0
774,WLNM_dir_neg,0.94625,0.853693610558,00:00:00,10,80,74,511885220,fixed,validated_v2,/gpfs/scratch/acw792/wlnm_roleonly_v2_20260910/result_wlnm_dir_neg_roleonly_trophicv2_100x290_train10-90_Apocrita_20260910_011848/ecological_snapshots/Broadstone_Stream_tax_mass_K10_ratio0.8_exp74_seed511885220_threshold0.5_validated_v2.mat,role_only,2,uniform_without_replacement,uniform_remaining_nonlinks,176,0,176,407,198,198,176,22,0,22,0.111111111111,158,40,0.5,0.894736842105,0.85,0.871794871795,17,2,3,38,0.85,0.95,0.05,0.15,0.894736842105,0.85,0.871794871795,0.916666666667,0.561111111111,0.810126582278,0.810711347101,0.8,99,79,20,0,99,0,79,0,20,23,99,0.195652173913,2.18974518502,8.60869565217,6.6,4.5,4.59979377438,0.534319478842,0.291611769873,4.28989068105,0.996641269334,0.541062801932,2.91445898002,0.677096530713,0.355731225296,1.07629584498,0.491516479791,2.88826011686,2.18974518502,1.07629584498,2.88826011686,0.351612638569,0.458912768647,121,0.0683229813665,0.291765337837,23,23,23,1,0,0.347826086957,0.608695652174,0.0434782608696,23,0.156126482213,2.05647027313,6.86956521739,5.64285714286,3.59090909091,4.05982923763,0.590987800415,0.321959273528,3.62849940129,1.05639855987,0.565767749037,2.67694002644,0.779362286178,0.41166758393,0.98937094369,0.481101505145,2.55175720827,2.05647027313,0.98937094369,2.55175720827,0.334519520883,0.427767354597,76,0.042913608131,0.239382595427,23,23,23,1,0,0.391304347826,0.565217391304,0.0434782608696,23,98,0.193675889328,3.30918633228,8.52173913043,6.53333333333,4.45454545455,4.6306249845,0.543389666548,0.29769299024,4.32978470286,1.01617396088,0.550133096717,2.71724110257,0.637719850603,0.341614906832,1.95764583466,0.591579209538,5.11030049647,3.30918633228,1.95764583466,5.11030049647,0.370789355572,0.473684210526,123,0.0694522868436,0.252600210247,23,23,23,1,0,0.347826086957,0.608695652174,0.0434782608696,-1,-0.00197628458498,1.11944114726,-0.0869565217391,-0.0666666666667,-0.0454545454545,0.0308312101186,0.00907018770618,0.00608122036693,0.039894021813,0.0195326915412,0.00907029478458,-0.197217877456,-0.03937668011,-0.0141163184641,0.881349989681,0.100062729746,2.22204037961,1.11944114726,0.881349989681,2.22204037961,0.0191767170028,0.014771441879,2,0.00112930547713,-0.0391651275895,0,0,0,96,2,3,405,0.969696969697,0.995085995086,0.004914004914,0.030303030303,0.979591836735,0.969696969697,0.97461928934,0.968503755354,0.964782964783,0.950495049505,19,20,0,23,23,23,1,0,8,0,0.0386050732335,0,0,1,3.88826011686,0,16,NaN,1,ok,2.18974518502,0,23,23,23,1,0,9,0,0.038318877583,0,0,1,3.55175720827,0,16,NaN,1,ok,2.05647027313,0,23,23,23,1,0,8,0,0.0319061564433,0,0,1,6.11030049647,0,16,NaN,1,ok,3.30918633228,0,0,0,0
775,WLNM_dir_neg,0.9425,0.385657173101,00:00:00,10,80,75,511885221,fixed,validated_v2,/gpfs/scratch/acw792/wlnm_roleonly_v2_20260910/result_wlnm_dir_neg_roleonly_trophicv2_100x290_train10-90_Apocrita_20260910_011848/ecological_snapshots/Broadstone_Stream_tax_mass_K10_ratio0.8_exp75_seed511885221_threshold0.5_validated_v2.mat,role_only,2,uniform_without_replacement,uniform_remaining_nonlinks,176,0,176,407,198,198,176,22,0,22,0.111111111111,158,40,0.5,0.782608695652,0.9,0.837209302326,18,5,2,35,0.9,0.875,0.125,0.1,0.782608695652,0.9,0.837209302326,0.883333333333,0.538888888889,0.746987951807,0.751418556624,0.775,99,79,20,0,99,0,79,0,20,23,99,0.195652173913,2.18974518502,8.60869565217,6.6,4.5,4.59979377438,0.534319478842,0.291611769873,4.28989068105,0.996641269334,0.541062801932,2.91445898002,0.677096530713,0.355731225296,1.07629584498,0.491516479791,2.88826011686,2.18974518502,1.07629584498,2.88826011686,0.351612638569,0.458912768647,121,0.0683229813665,0.291765337837,23,23,23,1,0,0.347826086957,0.608695652174,0.0434782608696,23,0.156126482213,2.16520963699,6.86956521739,5.64285714286,3.7619047619,3.87655362199,0.564308438645,0.314254265272,3.61595061004,1.05274511431,0.564667033572,2.27288537,0.661726120378,0.355531095212,1.12338259333,0.518833176306,3.04211283157,2.16520963699,1.12338259333,3.04211283157,0.251187196642,0.35593220339,63,0.0355731225296,0.214328894549,23,23,23,1,0,0.391304347826,0.521739130435,0.0869565217391,23,102,0.201581027668,10.894485744,8.86956521739,6,4.63636363636,4.83645576304,0.545286679166,0.302642796249,4.21928566721,0.95140755241,0.520886615516,2.7274044764,0.615002970168,0.33589087809,6.73392249201,0.618103749937,16.8681543418,10.894485744,6.73392249201,16.8681543418,0.40449247722,0.495896834701,141,0.0796160361378,0.204415692559,23,23,23,1,0,0.260869565217,0.695652173913,0.0434782608696,3,0.00592885375494,8.70474055899,0.260869565217,-0.6,0.136363636364,0.236661988661,0.0109672003243,0.0110310263763,-0.0706050138398,-0.0452337169247,-0.0201761864166,-0.187054503628,-0.062093560545,-0.0198403472061,5.65762664703,0.126587270146,13.979894225,8.70474055899,5.65762664703,13.979894225,0.0528798386506,0.0369840660538,20,0.0112930547713,-0.0873496452777,-0.0869565217391,0.0869565217391,0,97,5,2,402,0.979797979798,0.987714987715,0.012285012285,0.020202020202,0.950980392157,0.979797979798,0.965174129353,0.956711133575,0.967512967513,0.932692307692,23,20,0,23,23,23,1,0,8,0,0.0386050732335,0,0,1,3.88826011686,0,16,NaN,1,ok,2.18974518502,0,23,23,23,1,0,9,0,0.0469385552297,0,0,1,4.04211283157,0,16,NaN,1,ok,2.16520963699,0,23,23,23,1,0,6,0,0.00535568381678,0,0,1,17.8681543418,0,16,NaN,1,ok,10.894485744,0,0,0,0
776,WLNM_dir_neg,0.97375,0.907147968651,00:00:00,10,80,76,511885222,fixed,validated_v2,/gpfs/scratch/acw792/wlnm_roleonly_v2_20260910/result_wlnm_dir_neg_roleonly_trophicv2_100x290_train10-90_Apocrita_20260910_011848/ecological_snapshots/Broadstone_Stream_tax_mass_K10_ratio0.8_exp76_seed511885222_threshold0.5_validated_v2.mat,role_only,2,uniform_without_replacement,uniform_remaining_nonlinks,176,0,176,407,198,198,176,22,0,22,0.111111111111,158,40,0.5,1,0.7,0.823529411765,14,0,6,40,0.7,1,0,0.3,1,0.7,0.823529411765,0.9,0.588888888889,0.756756756757,0.780189497605,0.7,99,79,20,0,99,0,79,0,20,23,99,0.195652173913,2.18974518502,8.60869565217,6.6,4.5,4.59979377438,0.534319478842,0.291611769873,4.28989068105,0.996641269334,0.541062801932,2.91445898002,0.677096530713,0.355731225296,1.07629584498,0.491516479791,2.88826011686,2.18974518502,1.07629584498,2.88826011686,0.351612638569,0.458912768647,121,0.0683229813665,0.291765337837,23,23,23,1,0,0.347826086957,0.608695652174,0.0434782608696,23,0.156126482213,2.22650921091,6.86956521739,5.26666666667,3.59090909091,3.95778114864,0.576132698853,0.319757842598,3.62849940129,1.05639855987,0.565767749037,2.21207609101,0.644022153078,0.345624656026,1.11323665002,0.499991935613,2.99654097243,2.22650921091,1.11323665002,2.99654097243,0.32826315099,0.425373134328,76,0.042913608131,0.19503411932,23,23,23,1,0,0.347826086957,0.608695652174,0.0434782608696,23,93,0.183794466403,2.19276170018,8.08695652174,6.2,4.22727272727,4.46107450854,0.55163824568,0.303880317906,4.11734977503,1.0182692992,0.551659654044,2.7382519452,0.677202093975,0.354371201496,1.07530588982,0.490388850616,2.86993488309,2.19276170018,1.07530588982,2.86993488309,0.351018787975,0.454417952314,108,0.0609824957651,0.251225656541,23,23,23,1,0,0.347826086957,0.608695652174,0.0434782608696,-6,-0.0118577075099,0.00301651515463,-0.521739130435,-0.4,-0.272727272727,-0.138719265836,0.017318766838,0.0122685480329,-0.172540906015,0.0216280298674,0.0105968521116,-0.17620703482,0.000105563262505,-0.00136002380042,-0.000989955158363,-0.00112762917566,-0.0183252337646,0.00301651515463,-0.000989955158363,-0.0183252337646,-0.000593850593851,-0.00449481633312,-13,-0.00734048560136,-0.040539681296,0,0,0,93,0,6,407,0.939393939394,1,0,0.0606060606061,1,0.939393939394,0.96875,0.962157247966,0.939393939394,0.939393939394,14,20,0,23,23,23,1,0,8,0,0.0386050732335,0,0,1,3.88826011686,0,16,NaN,1,ok,2.18974518502,0,23,23,23,1,0,8,0,0.0279688950371,0,0,1,3.99654097243,0,16,NaN,1,ok,2.22650921091,0,23,23,23,1,0,8,0,0.0313191320307,0,0,1,3.86993488309,0,16,NaN,1,ok,2.19276170018,0,0,0,0
777,WLNM_dir_neg,0.93,0.836193610838,00:00:00,10,80,77,511885223,fixed,validated_v2,/gpfs/scratch/acw792/wlnm_roleonly_v2_20260910/result_wlnm_dir_neg_roleonly_trophicv2_100x290_train10-90_Apocrita_20260910_011848/ecological_snapshots/Broadstone_Stream_tax_mass_K10_ratio0.8_exp77_seed511885223_threshold0.5_validated_v2.mat,role_only,2,uniform_without_replacement,uniform_remaining_nonlinks,176,0,176,407,198,198,176,22,0,22,0.111111111111,158,40,0.5,0.789473684211,0.75,0.769230769231,15,4,5,36,0.75,0.9,0.1,0.25,0.789473684211,0.75,0.769230769231,0.85,0.561111111111,0.658227848101,0.65870296952,0.65,99,79,20,0,99,0,79,0,20,23,99,0.195652173913,2.18974518502,8.60869565217,6.6,4.5,4.59979377438,0.534319478842,0.291611769873,4.28989068105,0.996641269334,0.541062801932,2.91445898002,0.677096530713,0.355731225296,1.07629584498,0.491516479791,2.88826011686,2.18974518502,1.07629584498,2.88826011686,0.351612638569,0.458912768647,121,0.0683229813665,0.291765337837,23,23,23,1,0,0.347826086957,0.608695652174,0.0434782608696,23,0.156126482213,2.16363032608,6.86956521739,5.26666666667,3.7619047619,4.23518109333,0.616513703459,0.340671436434,3.51394736542,1.02304796715,0.545954870666,2.7274044764,0.794054467812,0.42047330765,1.0564138045,0.488259843543,2.90861541531,2.16363032608,1.0564138045,2.90861541531,0.372489151061,0.459813084112,82,0.0463015245624,0.239000557488,23,23,23,1,0,0.347826086957,0.565217391304,0.0869565217391,23,98,0.193675889328,10.3427985726,8.52173913043,5.76470588235,4.45454545455,4.7277667726,0.55478895801,0.303904170364,4.09231420753,0.960441089522,0.523513753327,2.89541002442,0.67953500573,0.364685004437,6.68137462966,0.645992917948,15.4285215584,10.3427985726,6.68137462966,15.4285215584,0.350388259084,0.438735177866,111,0.0626764539808,0.223132743002,23,23,23,1,0,0.260869565217,0.695652173913,0.0434782608696,-1,-0.00197628458498,8.15305338757,-0.0869565217391,-0.835294117647,-0.0454545454545,0.127972998226,0.0204694791677,0.0122924004912,-0.197576473521,-0.0362001798127,-0.0175490486049,-0.0190489556089,0.00243847501744,0.00895377914011,5.60507878468,0.154476438157,12.5402614415,8.15305338757,5.60507878468,12.5402614415,-0.00122437948525,-0.0201775907817,-10,-0.00564652738566,-0.0686325948349,-0.0869565217391,0.0869565217391,0,94,4,5,403,0.949494949495,0.990171990172,0.00982800982801,0.0505050505051,0.959183673469,0.949494949495,0.954314720812,0.943290867552,0.939666939667,0.912621359223,19,20,0,23,23,23,1,0,8,0,0.0386050732335,0,0,1,3.88826011686,0,16,NaN,1,ok,2.18974518502,0,23,23,23,1,0,8,0,0.0337431697362,0,0,1,3.90861541531,0,16,NaN,1,ok,2.16363032608,0,23,23,23,1,0,6,0,0.00794482345171,0,0,1,16.4285215584,0,16,NaN,1,ok,10.3427985726,0,0,0,0
778,WLNM_dir_neg,0.9575,0.882377742693,00:00:00,10,80,78,511885224,fixed,validated_v2,/gpfs/scratch/acw792/wlnm_roleonly_v2_20260910/result_wlnm_dir_neg_roleonly_trophicv2_100x290_train10-90_Apocrita_20260910_011848/ecological_snapshots/Broadstone_Stream_tax_mass_K10_ratio0.8_exp78_seed511885224_threshold0.5_validated_v2.mat,role_only,2,uniform_without_replacement,uniform_remaining_nonlinks,176,0,176,407,198,198,176,22,0,22,0.111111111111,158,40,0.5,0.857142857143,0.9,0.878048780488,18,3,2,37,0.9,0.925,0.075,0.1,0.857142857143,0.9,0.878048780488,0.916666666667,0.55,0.814814814815,0.815374248327,0.825,99,79,20,0,99,0,79,0,20,23,99,0.195652173913,2.18974518502,8.60869565217,6.6,4.5,4.59979377438,0.534319478842,0.291611769873,4.28989068105,0.996641269334,0.541062801932,2.91445898002,0.677096530713,0.355731225296,1.07629584498,0.491516479791,2.88826011686,2.18974518502,1.07629584498,2.88826011686,0.351612638569,0.458912768647,121,0.0683229813665,0.291765337837,23,23,23,1,0,0.347826086957,0.608695652174,0.0434782608696,23,0.156126482213,2.20782026879,6.86956521739,5.26666666667,3.7619047619,4.07101001345,0.592615381705,0.326912493121,3.42220140415,0.996337117665,0.539350577876,2.67694002644,0.779362286178,0.405063291139,1.09246423785,0.494815748044,2.80651008001,2.20782026879,1.09246423785,2.80651008001,0.333216518931,0.411334552102,75,0.0423489553924,0.246047761762,23,23,23,1,0,0.347826086957,0.565217391304,0.0869565217391,23,100,0.197628458498,2.26152761257,8.69565217391,6.66666666667,4.54545454545,4.75236575162,0.546522061436,0.297391304348,4.43753305393,1.0206326024,0.548695652174,2.75695312144,0.634099217932,0.329565217391,1.11315279393,0.49221278031,2.94671743477,2.26152761257,1.11315279393,2.94671743477,0.362223283962,0.458435207824,125,0.0705815923207,0.269771396474,23,23,23,1,0,0.347826086957,0.608695652174,0.0434782608696,1,0.00197628458498,0.0717824275471,0.0869565217391,0.0666666666667,0.0454545454545,0.152571977241,0.0122025825943,0.00577953447519,0.147642372885,0.0239913330703,0.00763285024155,-0.157505858581,-0.0429973127809,-0.0261660079051,0.0368569489482,0.000696300518571,0.0584573179105,0.0717824275471,0.0368569489482,0.0584573179105,0.0106106453933,-0.000477560823321,4,0.00225861095426,-0.0219939413626,0,0,0,97,3,2,404,0.979797979798,0.992628992629,0.00737100737101,0.020202020202,0.97,0.979797979798,0.974874371859,0.968743455514,0.972426972427,0.950980392157,21,20,0,23,23,23,1,0,8,0,0.0386050732335,0,0,1,3.88826011686,0,16,NaN,1,ok,2.18974518502,0,23,23,23,1,0,8,0,0.0307330955265,0,0,1,3.80651008001,0,16,NaN,1,ok,2.20782026879,0,23,23,23,1,0,8,0,0.0339628601262,0,0,1,3.94671743477,0,16,NaN,1,ok,2.26152761257,0,0,0,0
779,WLNM_dir_neg,0.92125,0.870579707209,00:00:00,10,80,79,511885225,fixed,validated_v2,/gpfs/scratch/acw792/wlnm_roleonly_v2_20260910/result_wlnm_dir_neg_roleonly_trophicv2_100x290_train10-90_Apocrita_20260910_011848/ecological_snapshots/Broadstone_Stream_tax_mass_K10_ratio0.8_exp79_seed511885225_threshold0.5_validated_v2.mat,role_only,2,uniform_without_replacement,uniform_remaining_nonlinks,176,0,176,407,198,198,176,22,0,22,0.111111111111,158,40,0.5,1,0.75,0.857142857143,15,0,5,40,0.75,1,0,0.25,1,0.75,0.857142857143,0.916666666667,0.583333333333,0.8,0.816496580928,0.75,99,79,20,0,99,0,79,0,20,23,99,0.195652173913,2.18974518502,8.60869565217,6.6,4.5,4.59979377438,0.534319478842,0.291611769873,4.28989068105,0.996641269334,0.541062801932,2.91445898002,0.677096530713,0.355731225296,1.07629584498,0.491516479791,2.88826011686,2.18974518502,1.07629584498,2.88826011686,0.351612638569,0.458912768647,121,0.0683229813665,0.291765337837,23,23,23,1,0,0.347826086957,0.608695652174,0.0434782608696,23,0.156126482213,2.21397239066,6.86956521739,5.26666666667,3.59090909091,3.88826144634,0.566012742189,0.308750687947,3.61595061004,1.05274511431,0.564667033572,2.53746629098,0.738756008767,0.392955421024,1.09438423921,0.494307988587,2.93175074184,2.21397239066,1.09438423921,2.93175074184,0.348313302859,0.42700729927,78,0.0440429136081,0.214189888076,23,23,23,1,0,0.347826086957,0.608695652174,0.0434782608696,23,94,0.185770750988,2.23020748491,8.17391304348,6.26666666667,4.27272727273,4.44820877037,0.544195753822,0.298334875116,4.27373632018,1.04570144004,0.559666975023,2.7619664187,0.675800293937,0.345975948196,1.12213159279,0.503151209197,2.90580582483,2.23020748491,1.12213159279,2.90580582483,0.351898825812,0.432692307692,105,0.0592885375494,0.269003655075,23,23,23,1,0,0.347826086957,0.608695652174,0.0434782608696,-5,-0.0098814229249,0.0404622998829,-0.434782608696,-0.333333333333,-0.227272727273,-0.151585004004,0.00987627498043,0.00672310524299,-0.0161543608717,0.0490601707087,0.0186041730908,-0.152492561325,-0.00129623677564,-0.00975527710033,0.0458357478091,0.0116347294061,0.0175457079748,0.0404622998829,0.0458357478091,0.0175457079748,0.000286187242709,-0.026220460955,-16,-0.00903444381705,-0.0227616827617,0,0,0,94,0,5,407,0.949494949495,1,0,0.0505050505051,1,0.949494949495,0.974093264249,0.968489521128,0.949494949495,0.949494949495,15,20,0,23,23,23,1,0,8,0,0.0386050732335,0,0,1,3.88826011686,0,16,NaN,1,ok,2.18974518502,0,23,23,23,1,0,8,0,0.0311272365103,0,0,1,3.93175074184,0,16,NaN,1,ok,2.21397239066,0,23,23,23,1,0,8,0,0.0378058784183,0,0,1,3.90580582483,0,16,NaN,1,ok,2.23020748491,0,0,0,0
780,WLNM_dir_neg,0.97125,0.892904612731,00:00:00,10,80,80,511885226,fixed,validated_v2,/gpfs/scratch/acw792/wlnm_roleonly_v2_20260910/result_wlnm_dir_neg_roleonly_trophicv2_100x290_train10-90_Apocrita_20260910_011848/ecological_snapshots/Broadstone_Stream_tax_mass_K10_ratio0.8_exp80_seed511885226_threshold0.5_validated_v2.mat,role_only,2,uniform_without_replacement,uniform_remaining_nonlinks,176,0,176,407,198,198,176,22,0,22,0.111111111111,158,40,0.5,0.857142857143,0.9,0.878048780488,18,3,2,37,0.9,0.925,0.075,0.1,0.857142857143,0.9,0.878048780488,0.916666666667,0.55,0.814814814815,0.815374248327,0.825,99,79,20,0,99,0,79,0,20,23,99,0.195652173913,2.18974518502,8.60869565217,6.6,4.5,4.59979377438,0.534319478842,0.291611769873,4.28989068105,0.996641269334,0.541062801932,2.91445898002,0.677096530713,0.355731225296,1.07629584498,0.491516479791,2.88826011686,2.18974518502,1.07629584498,2.88826011686,0.351612638569,0.458912768647,121,0.0683229813665,0.291765337837,23,23,23,1,0,0.347826086957,0.608695652174,0.0434782608696,23,0.156126482213,2.14442479355,6.86956521739,5.26666666667,3.7619047619,3.58411074081,0.521737639485,0.286186020914,3.51394736542,1.02304796715,0.552559163456,2.40881122994,0.701299472009,0.372041827188,1.02916488235,0.479925845589,2.75605560817,2.14442479355,1.02916488235,2.75605560817,0.291439237091,0.377049180328,69,0.038961038961,0.208813792028,23,23,23,1,0,0.347826086957,0.565217391304,0.0869565217391,23,100,0.197628458498,2.25570109555,8.69565217391,6.66666666667,4.54545454545,4.67522272302,0.537650613148,0.293043478261,4.39636932492,1.01116494473,0.546956521739,2.83819237692,0.65278424669,0.349565217391,1.1224742473,0.4976165723,3.00432234987,2.25570109555,1.1224742473,3.00432234987,0.35819011906,0.475285171103,125,0.0705815923207,0.269451251731,23,23,23,1,0,0.347826086957,0.608695652174,0.0434782608696,1,0.00197628458498,0.065955910524,0.0869565217391,0.0666666666667,0.0454545454545,0.075428948647,0.00333113430599,0.00143170838823,0.106478643874,0.0145236753976,0.00589371980676,-0.0762666031093,-0.0243122840223,-0.00616600790514,0.0461784023174,0.00610009250887,0.116062233016,0.065955910524,0.0461784023174,0.116062233016,0.00657748049052,0.0163724024554,4,0.00225861095426,-0.0223140861056,0,0,0,97,3,2,404,0.979797979798,0.992628992629,0.00737100737101,0.020202020202,0.97,0.979797979798,0.974874371859,0.968743455514,0.972426972427,0.950980392157,21,20,0,23,23,23,1,0,8,0,0.0386050732335,0,0,1,3.88826011686,0,16,NaN,1,ok,2.18974518502,0,23,23,23,1,0,8,0,0.0229600321996,0,0,1,3.75605560817,0,16,NaN,1,ok,2.14442479355,0,23,23,23,1,0,8,0,0.027536942841,0,0,1,4.00432234987,0,16,NaN,1,ok,2.25570109555,0,0,0,0
781,WLNM_dir_neg,0.96375,0.736850462923,00:00:00,10,80,81,511885227,fixed,validated_v2,/gpfs/scratch/acw792/wlnm_roleonly_v2_20260910/result_wlnm_dir_neg_roleonly_trophicv2_100x290_train10-90_Apocrita_20260910_011848/ecological_snapshots/Broadstone_Stream_tax_mass_K10_ratio0.8_exp81_seed511885227_threshold0.5_validated_v2.mat,role_only,2,uniform_without_replacement,uniform_remaining_nonlinks,176,0,176,407,198,198,176,22,0,22,0.111111111111,158,40,0.5,0.809523809524,0.85,0.829268292683,17,4,3,36,0.85,0.9,0.1,0.15,0.809523809524,0.85,0.829268292683,0.883333333333,0.55,0.740740740741,0.741249316661,0.75,99,79,20,0,99,0,79,0,20,23,99,0.195652173913,2.18974518502,8.60869565217,6.6,4.5,4.59979377438,0.534319478842,0.291611769873,4.28989068105,0.996641269334,0.541062801932,2.91445898002,0.677096530713,0.355731225296,1.07629584498,0.491516479791,2.88826011686,2.18974518502,1.07629584498,2.88826011686,0.351612638569,0.458912768647,121,0.0683229813665,0.291765337837,23,23,23,1,0,0.347826086957,0.608695652174,0.0434782608696,23,0.156126482213,2.07809799443,6.86956521739,5.26666666667,3.59090909091,3.96924938892,0.577802126236,0.323059988993,3.57804018165,1.04170790099,0.559163456247,2.5553168627,0.743953010658,0.383048981838,0.979396749724,0.471294786072,2.76191705386,2.07809799443,0.979396749724,2.76191705386,0.323634302206,0.413043478261,76,0.042913608131,0.229469644113,23,23,23,1,0,0.347826086957,0.608695652174,0.0434782608696,23,100,0.197628458498,3.84934425214,8.69565217391,6.25,4.34782608696,4.72358475783,0.543212247151,0.296086956522,4.30231117226,0.989531569619,0.53652173913,2.80597893552,0.645375155169,0.338260869565,2.19343081047,0.569819342411,5.83835733118,3.84934425214,2.19343081047,5.83835733118,0.361314289575,0.484107579462,132,0.0745341614907,0.250648460336,23,23,23,1,0,0.304347826087,0.695652173913,0,1,0.00197628458498,1.65959906711,0.0869565217391,-0.35,-0.152173913043,0.123790983455,0.00889276830894,0.0044751866491,0.0124204912095,-0.00710969971516,-0.00454106280193,-0.108480044508,-0.031721375544,-0.0174703557312,1.11713496548,0.0783028626196,2.95009721432,1.65959906711,1.11713496548,2.95009721432,0.009701651006,0.0251948108148,11,0.00621118012422,-0.0411168775008,-0.0434782608696,0.0869565217391,-0.0434782608696,96,4,3,403,0.969696969697,0.990171990172,0.00982800982801,0.030303030303,0.96,0.969696969697,0.964824120603,0.956233012237,0.959868959869,0.932038834951,21,20,0,23,23,23,1,0,8,0,0.0386050732335,0,0,1,3.88826011686,0,16,NaN,1,ok,2.18974518502,0,23,23,23,1,0,8,0,0.0341544951103,0,0,1,3.76191705386,0,16,NaN,1,ok,2.07809799443,0,23,23,23,1,0,7,0,0.0184547494872,0,0,1,6.83835733118,0,16,NaN,1,ok,3.84934425214,0,0,0,0
782,WLNM_dir_neg,0.93375,0.826852672336,00:00:00,10,80,82,511885228,fixed,validated_v2,/gpfs/scratch/acw792/wlnm_roleonly_v2_20260910/result_wlnm_dir_neg_roleonly_trophicv2_100x290_train10-90_Apocrita_20260910_011848/ecological_snapshots/Broadstone_Stream_tax_mass_K10_ratio0.8_exp82_seed511885228_threshold0.5_validated_v2.mat,role_only,2,uniform_without_replacement,uniform_remaining_nonlinks,176,0,176,407,198,198,176,22,0,22,0.111111111111,158,40,0.5,0.857142857143,0.9,0.878048780488,18,3,2,37,0.9,0.925,0.075,0.1,0.857142857143,0.9,0.878048780488,0.916666666667,0.55,0.814814814815,0.815374248327,0.825,99,79,20,0,99,0,79,0,20,23,99,0.195652173913,2.18974518502,8.60869565217,6.6,4.5,4.59979377438,0.534319478842,0.291611769873,4.28989068105,0.996641269334,0.541062801932,2.91445898002,0.677096530713,0.355731225296,1.07629584498,0.491516479791,2.88826011686,2.18974518502,1.07629584498,2.88826011686,0.351612638569,0.458912768647,121,0.0683229813665,0.291765337837,23,23,23,1,0,0.347826086957,0.608695652174,0.0434782608696,23,0.156126482213,2.20681080648,6.86956521739,5.26666666667,3.59090909091,3.84121604592,0.559164361115,0.304898183819,3.48798049093,1.01548799103,0.550357732526,2.29279676292,0.667523108191,0.356631810677,1.09136472639,0.494543856312,2.93993594099,2.20681080648,1.09136472639,2.93993594099,0.278915781189,0.395038167939,69,0.038961038961,0.186232497661,23,23,23,1,0,0.347826086957,0.608695652174,0.0434782608696,23,100,0.197628458498,2.61203812497,8.69565217391,5.88235294118,4.54545454545,4.43575126986,0.510111396034,0.280434782609,4.21694305103,0.969896901737,0.527826086957,2.72377905345,0.626469182294,0.333043478261,1.16470481786,0.445898858339,3.15882654441,2.61203812497,1.16470481786,3.15882654441,0.334575810663,0.427471116816,111,0.0626764539808,0.213022583914,23,23,23,1,0,0.260869565217,0.695652173913,0.0434782608696,1,0.00197628458498,0.422292939946,0.0869565217391,-0.717647058824,0.0454545454545,-0.164042504517,-0.0242080828079,-0.0111769872639,-0.0729476300146,-0.0267443675967,-0.0132367149758,-0.190679926574,-0.0506273484191,-0.0226877470356,0.0884089728793,-0.0456176214523,0.270566427548,0.422292939946,0.0884089728793,0.270566427548,-0.0170368279064,-0.0314416518309,-10,-0.00564652738566,-0.0787427539232,-0.0869565217391,0.0869565217391,0,97,3,2,404,0.979797979798,0.992628992629,0.00737100737101,0.020202020202,0.97,0.979797979798,0.974874371859,0.968743455514,0.972426972427,0.950980392157,21,20,0,23,23,23,1,0,8,0,0.0386050732335,0,0,1,3.88826011686,0,16,NaN,1,ok,2.18974518502,0,23,23,23,1,0,8,0,0.0413736835177,0,0,1,3.93993594099,0,16,NaN,1,ok,2.20681080648,0,23,23,23,1,0,6,0,0.0335955979109,0,0,1,4.15882654441,0,16,NaN,1,ok,2.61203812497,0,0,0,0
783,WLNM_dir_neg,0.8975,0.689555828481,00:00:01,10,80,83,511885229,fixed,validated_v2,/gpfs/scratch/acw792/wlnm_roleonly_v2_20260910/result_wlnm_dir_neg_roleonly_trophicv2_100x290_train10-90_Apocrita_20260910_011848/ecological_snapshots/Broadstone_Stream_tax_mass_K10_ratio0.8_exp83_seed511885229_threshold0.5_validated_v2.mat,role_only,2,uniform_without_replacement,uniform_remaining_nonlinks,176,0,176,407,198,198,176,22,0,22,0.111111111111,158,40,0.5,0.761904761905,0.8,0.780487804878,16,5,4,35,0.8,0.875,0.125,0.2,0.761904761905,0.8,0.780487804878,0.85,0.55,0.666666666667,0.667124384995,0.675,99,79,20,0,99,0,79,0,20,23,99,0.195652173913,2.18974518502,8.60869565217,6.6,4.5,4.59979377438,0.534319478842,0.291611769873,4.28989068105,0.996641269334,0.541062801932,2.91445898002,0.677096530713,0.355731225296,1.07629584498,0.491516479791,2.88826011686,2.18974518502,1.07629584498,2.88826011686,0.351612638569,0.458912768647,121,0.0683229813665,0.291765337837,23,23,23,1,0,0.347826086957,0.608695652174,0.0434782608696,23,0.156126482213,2.16898041915,6.86956521739,5.26666666667,3.59090909091,3.88826144634,0.566012742189,0.312603192075,3.52685910944,1.0268070825,0.548156301596,2.65990579048,0.774402951659,0.395156851954,1.05575419054,0.486751370008,2.93478155281,2.16898041915,1.05575419054,2.93478155281,0.293769998118,0.394160583942,72,0.0406549971767,0.227588707589,23,23,23,1,0,0.347826086957,0.608695652174,0.0434782608696,23,100,0.197628458498,2.24435653253,8.69565217391,6.66666666667,4.54545454545,4.85643698993,0.558490253842,0.307826086957,4.37564224535,1.00639771643,0.54347826087,3.05418782021,0.702463198648,0.368695652174,1.11037698321,0.494741796644,3.01833291687,2.24435653253,1.11037698321,3.01833291687,0.395151225586,0.501201923077,139,0.0784867306606,0.283019375582,23,23,23,1,0,0.347826086957,0.608695652174,0.0434782608696,1,0.00197628458498,0.0546113475051,0.0869565217391,0.0666666666667,0.0454545454545,0.256643215552,0.0241707750001,0.0162143170839,0.0857515643024,0.00975644709621,0.0024154589372,0.139728840184,0.0253666679351,0.0129644268775,0.0340811382312,0.00322531685316,0.130072800015,0.0546113475051,0.0340811382312,0.130072800015,0.0435385870168,0.0422891544296,18,0.0101637492942,-0.00874596225437,0,0,0,95,5,4,402,0.959595959596,0.987714987715,0.012285012285,0.040404040404,0.95,0.959595959596,0.954773869347,0.94372256896,0.947310947311,0.913461538462,21,20,0,23,23,23,1,0,8,0,0.0386050732335,0,0,1,3.88826011686,0,16,NaN,1,ok,2.18974518502,0,23,23,23,1,0,8,0,0.0368140194871,0,0,1,3.93478155281,0,16,NaN,1,ok,2.16898041915,0,23,23,23,1,0,8,0,0.0391668202776,0,0,1,4.01833291687,0,16,NaN,1,ok,2.24435653253,0,0,0,0
784,WLNM_dir_neg,0.98875,0.92199974153,00:00:00,10,80,84,511885230,fixed,validated_v2,/gpfs/scratch/acw792/wlnm_roleonly_v2_20260910/result_wlnm_dir_neg_roleonly_trophicv2_100x290_train10-90_Apocrita_20260910_011848/ecological_snapshots/Broadstone_Stream_tax_mass_K10_ratio0.8_exp84_seed511885230_threshold0.5_validated_v2.mat,role_only,2,uniform_without_replacement,uniform_remaining_nonlinks,176,0,176,407,198,198,176,22,0,22,0.111111111111,158,40,0.5,0.944444444444,0.85,0.894736842105,17,1,3,39,0.85,0.975,0.025,0.15,0.944444444444,0.85,0.894736842105,0.933333333333,0.566666666667,0.846153846154,0.848668424792,0.825,99,79,20,0,99,0,79,0,20,23,99,0.195652173913,2.18974518502,8.60869565217,6.6,4.5,4.59979377438,0.534319478842,0.291611769873,4.28989068105,0.996641269334,0.541062801932,2.91445898002,0.677096530713,0.355731225296,1.07629584498,0.491516479791,2.88826011686,2.18974518502,1.07629584498,2.88826011686,0.351612638569,0.458912768647,121,0.0683229813665,0.291765337837,23,23,23,1,0,0.347826086957,0.608695652174,0.0434782608696,23,0.156126482213,2.10762645486,6.86956521739,5.26666666667,3.59090909091,3.30707709213,0.481409956449,0.266373142543,3.4088932749,0.992462599023,0.534947716015,2.42760800633,0.706771951211,0.367638965327,0.988609404804,0.469062913176,2.75601040898,2.10762645486,0.988609404804,2.75601040898,0.274992157601,0.335863377609,59,0.0333145115754,0.230994763096,23,23,23,1,0,0.347826086957,0.608695652174,0.0434782608696,23,97,0.191699604743,2.30226575597,8.4347826087,6.46666666667,4.40909090909,4.5007684895,0.533596264219,0.291349170775,4.13363720248,0.98014077997,0.532496638279,2.89131177746,0.685568771975,0.354997758853,1.1667227397,0.506771530036,3.10754716981,2.30226575597,1.1667227397,3.10754716981,0.349582784365,0.456349206349,115,0.0649350649351,0.284678562179,23,23,23,1,0,0.347826086957,0.608695652174,0.0434782608696,-2,-0.00395256916996,0.11252057094,-0.173913043478,-0.133333333333,-0.0909090909091,-0.0990252848803,-0.000723214623091,-0.000262599097202,-0.156253478566,-0.0165004893644,-0.00856616365357,-0.0231472025666,0.00847224126179,-0.00073346644391,0.090426894716,0.0152550502444,0.219287052953,0.11252057094,0.090426894716,0.219287052953,-0.00202985420377,-0.00256356229808,-6,-0.00338791643139,-0.0070867756582,0,0,0,96,1,3,406,0.969696969697,0.997542997543,0.002457002457,0.030303030303,0.989690721649,0.969696969697,0.979591836735,0.974768563044,0.96723996724,0.96,18,20,0,23,23,23,1,0,8,0,0.0386050732335,0,0,1,3.88826011686,0,16,NaN,1,ok,2.18974518502,0,23,23,23,1,0,8,0,0.0387719202106,0,0,1,3.75601040898,0,16,NaN,1,ok,2.10762645486,0,23,23,23,1,0,8,0,0.043546727209,0,0,1,4.10754716981,0,16,NaN,1,ok,2.30226575597,0,0,0,0
785,WLNM_dir_neg,0.9775,0.368238294643,00:00:00,10,80,85,511885231,fixed,validated_v2,/gpfs/scratch/acw792/wlnm_roleonly_v2_20260910/result_wlnm_dir_neg_roleonly_trophicv2_100x290_train10-90_Apocrita_20260910_011848/ecological_snapshots/Broadstone_Stream_tax_mass_K10_ratio0.8_exp85_seed511885231_threshold0.5_validated_v2.mat,role_only,2,uniform_without_replacement,uniform_remaining_nonlinks,176,0,176,407,198,198,176,22,0,22,0.111111111111,158,40,0.5,0.9375,0.75,0.833333333333,15,1,5,39,0.75,0.975,0.025,0.25,0.9375,0.75,0.833333333333,0.9,0.577777777778,0.763157894737,0.772852596789,0.725,99,79,20,0,99,0,79,0,20,23,99,0.195652173913,2.18974518502,8.60869565217,6.6,4.5,4.59979377438,0.534319478842,0.291611769873,4.28989068105,0.996641269334,0.541062801932,2.91445898002,0.677096530713,0.355731225296,1.07629584498,0.491516479791,2.88826011686,2.18974518502,1.07629584498,2.88826011686,0.351612638569,0.458912768647,121,0.0683229813665,0.291765337837,23,23,23,1,0,0.347826086957,0.608695652174,0.0434782608696,23,0.156126482213,2.08997801148,6.86956521739,5.26666666667,3.7619047619,3.65941311522,0.532699377532,0.288937809576,3.55254181674,1.03428432639,0.558062740782,2.33210959817,0.678968617188,0.348926802422,1.01102316078,0.483748228561,2.8036839554,2.08997801148,1.01102316078,2.8036839554,0.309997490432,0.378531073446,67,0.0378317334839,0.20767645442,23,23,23,1,0,0.347826086957,0.565217391304,0.0869565217391,23,95,0.187747035573,2.13237856638,8.26086956522,6.33333333333,4.52380952381,4.47434496277,0.541631232335,0.296109839817,4.12645949746,0.999037562543,0.539130434783,2.89677481828,0.701324429689,0.364302059497,1.03082936839,0.483417618541,2.75352769512,2.13237856638,1.03082936839,2.75352769512,0.340030983509,0.42799461642,106,0.059853190288,0.288529160693,23,23,23,1,0,0.347826086957,0.565217391304,0.0869565217391,-4,-0.00790513833992,-0.0573666186432,-0.347826086957,-0.266666666667,0.0238095238095,-0.125448811609,0.00731175349332,0.00449806994429,-0.163431183586,0.00239629320909,-0.00193236714976,-0.0176841617436,0.0242278989763,0.00857083420012,-0.0454664765947,-0.00809886125005,-0.134732421733,-0.0573666186432,-0.0454664765947,-0.134732421733,-0.0115816550599,-0.0309181522274,-15,-0.00846979107849,-0.00323617714374,0,-0.0434782608696,0.0434782608696,94,1,5,406,0.949494949495,0.997542997543,0.002457002457,0.0505050505051,0.989473684211,0.949494949495,0.969072164948,0.96205404403,0.947037947038,0.94,16,20,0,23,23,23,1,0,8,0,0.0386050732335,0,0,1,3.88826011686,0,16,NaN,1,ok,2.18974518502,0,23,23,23,1,0,8,0,0.035105878845,0,0,1,3.8036839554,0,16,NaN,1,ok,2.08997801148,0,23,23,23,1,0,8,0,0.0360586327287,0,0,1,3.75352769512,0,16,NaN,1,ok,2.13237856638,0,0,0,0
786,WLNM_dir_neg,0.921875,0.512874446499,00:00:00,10,80,86,511885232,fixed,validated_v2,/gpfs/scratch/acw792/wlnm_roleonly_v2_20260910/result_wlnm_dir_neg_roleonly_trophicv2_100x290_train10-90_Apocrita_20260910_011848/ecological_snapshots/Broadstone_Stream_tax_mass_K10_ratio0.8_exp86_seed511885232_threshold0.5_validated_v2.mat,role_only,2,uniform_without_replacement,uniform_remaining_nonlinks,176,0,176,407,198,198,176,22,0,22,0.111111111111,158,40,0.5,0.8,0.6,0.685714285714,12,3,8,37,0.6,0.925,0.075,0.4,0.8,0.6,0.685714285714,0.816666666667,0.583333333333,0.56,0.571547606649,0.525,99,79,20,0,99,0,79,0,20,23,99,0.195652173913,2.18974518502,8.60869565217,6.6,4.5,4.59979377438,0.534319478842,0.291611769873,4.28989068105,0.996641269334,0.541062801932,2.91445898002,0.677096530713,0.355731225296,1.07629584498,0.491516479791,2.88826011686,2.18974518502,1.07629584498,2.88826011686,0.351612638569,0.458912768647,121,0.0683229813665,0.291765337837,23,23,23,1,0,0.347826086957,0.608695652174,0.0434782608696,23,0.156126482213,2.08731792058,6.86956521739,5.64285714286,3.59090909091,3.67181337199,0.534504478201,0.296092460099,3.43545798133,1.00019662748,0.540451293341,2.60813564477,0.759330630755,0.395156851954,1.02905093648,0.493001533849,2.67998506348,2.08731792058,1.02905093648,2.67998506348,0.306126482213,0.402234636872,72,0.0406549971767,0.249924739485,23,23,23,1,0,0.391304347826,0.565217391304,0.0434782608696,23,94,0.185770750988,3.3798362036,8.17391304348,6.26666666667,4.27272727273,4.35527030695,0.532825622659,0.292321924144,4.06663858821,0.995028590732,0.539315448659,2.87486036781,0.703423281485,0.382053654024,1.97885775962,0.585489248714,5.17782264994,3.3798362036,1.97885775962,5.17782264994,0.384716008629,0.46963562753,116,0.0654997176736,0.254398916316,23,23,23,1,0,0.347826086957,0.608695652174,0.0434782608696,-5,-0.0098814229249,1.19009101857,-0.434782608696,-0.333333333333,-0.227272727273,-0.244523467423,-0.00149385618245,0.000710154271671,-0.223252092838,-0.00161267860209,-0.00174735327372,-0.0395986122174,0.0263267507719,0.0263224287276,0.902561914637,0.0939727689226,2.28956253308,1.19009101857,0.902561914637,2.28956253308,0.0331033700599,0.0107228588831,-5,-0.00282326369283,-0.0373664215206,0,0,0,91,3,8,404,0.919191919192,0.992628992629,0.00737100737101,0.0808080808081,0.968085106383,0.919191919192,0.943005181347,0.9300618173,0.911820911821,0.892156862745,15,20,0,23,23,23,1,0,8,0,0.0386050732335,0,0,1,3.88826011686,0,16,NaN,1,ok,2.18974518502,0,23,23,23,1,0,9,0,0.0457381705093,0,0,1,3.67998506348,0,16,NaN,1,ok,2.08731792058,0,23,23,23,1,0,8,0,0.028395613435,0,0,1,6.17782264994,0,16,NaN,1,ok,3.3798362036,0,0,0,0
787,WLNM_dir_neg,0.91875,0.840463684549,00:00:00,10,80,87,511885233,fixed,validated_v2,/gpfs/scratch/acw792/wlnm_roleonly_v2_20260910/result_wlnm_dir_neg_roleonly_trophicv2_100x290_train10-90_Apocrita_20260910_011848/ecological_snapshots/Broadstone_Stream_tax_mass_K10_ratio0.8_exp87_seed511885233_threshold0.5_validated_v2.mat,role_only,2,uniform_without_replacement,uniform_remaining_nonlinks,176,0,176,407,198,198,176,22,0,22,0.111111111111,158,40,0.5,0.789473684211,0.75,0.769230769231,15,4,5,36,0.75,0.9,0.1,0.25,0.789473684211,0.75,0.769230769231,0.85,0.561111111111,0.658227848101,0.65870296952,0.65,99,79,20,0,99,0,79,0,20,23,99,0.195652173913,2.18974518502,8.60869565217,6.6,4.5,4.59979377438,0.534319478842,0.291611769873,4.28989068105,0.996641269334,0.541062801932,2.91445898002,0.677096530713,0.355731225296,1.07629584498,0.491516479791,2.88826011686,2.18974518502,1.07629584498,2.88826011686,0.351612638569,0.458912768647,121,0.0683229813665,0.291765337837,23,23,23,1,0,0.347826086957,0.608695652174,0.0434782608696,23,0.156126482213,2.21517993547,6.86956521739,5.26666666667,3.59090909091,3.98068458966,0.579466744065,0.31590533847,3.51394736542,1.02304796715,0.552559163456,2.46477155417,0.717591718302,0.384149697303,1.11393528988,0.502864472563,2.89438339438,2.21517993547,1.11393528988,2.89438339438,0.335212670927,0.43025540275,73,0.0412196499153,0.205071780072,23,23,23,1,0,0.347826086957,0.608695652174,0.0434782608696,23,98,0.193675889328,3.86832497417,8.52173913043,5.76470588235,4.45454545455,4.59119280617,0.538762421132,0.298580301686,4.1474788761,0.973387899492,0.528837622005,2.89541002442,0.67953500573,0.361135758651,2.28810669235,0.591498053454,6.02023613184,3.86832497417,2.28810669235,6.02023613184,0.356237964934,0.468387096774,121,0.0683229813665,0.223258675556,23,23,23,1,0,0.260869565217,0.695652173913,0.0434782608696,-1,-0.00197628458498,1.67857978915,-0.0869565217391,-0.835294117647,-0.0454545454545,-0.00860096821015,0.00444294229005,0.00696853181325,-0.142411804951,-0.0232533698421,-0.012225179927,-0.0190489556089,0.00243847501744,0.00540453335484,1.21181084737,0.0999815736627,3.13197601498,1.67857978915,1.21181084737,3.13197601498,0.00462532636446,0.00947432812691,0,0,-0.0685066622803,-0.0869565217391,0.0869565217391,0,94,4,5,403,0.949494949495,0.990171990172,0.00982800982801,0.0505050505051,0.959183673469,0.949494949495,0.954314720812,0.943290867552,0.939666939667,0.912621359223,19,20,0,23,23,23,1,0,8,0,0.0386050732335,0,0,1,3.88826011686,0,16,NaN,1,ok,2.18974518502,0,23,23,23,1,0,8,0,0.0328120514829,0,0,1,3.89438339438,0,16,NaN,1,ok,2.21517993547,0,23,23,23,1,0,6,0,0.013510356063,0,0,1,7.02023613184,0,16,NaN,1,ok,3.86832497417,0,0,0,0
788,WLNM_dir_neg,0.9925,0.788230769231,00:00:00,10,80,88,511885234,fixed,validated_v2,/gpfs/scratch/acw792/wlnm_roleonly_v2_20260910/result_wlnm_dir_neg_roleonly_trophicv2_100x290_train10-90_Apocrita_20260910_011848/ecological_snapshots/Broadstone_Stream_tax_mass_K10_ratio0.8_exp88_seed511885234_threshold0.5_validated_v2.mat,role_only,2,uniform_without_replacement,uniform_remaining_nonlinks,176,0,176,407,198,198,176,22,0,22,0.111111111111,158,40,0.5,0.904761904762,0.95,0.926829268293,19,2,1,38,0.95,0.95,0.05,0.05,0.904761904762,0.95,0.926829268293,0.95,0.55,0.888888888889,0.889499179993,0.9,99,79,20,0,99,0,79,0,20,23,99,0.195652173913,2.18974518502,8.60869565217,6.6,4.5,4.59979377438,0.534319478842,0.291611769873,4.28989068105,0.996641269334,0.541062801932,2.91445898002,0.677096530713,0.355731225296,1.07629584498,0.491516479791,2.88826011686,2.18974518502,1.07629584498,2.88826011686,0.351612638569,0.458912768647,121,0.0683229813665,0.291765337837,23,23,23,1,0,0.347826086957,0.608695652174,0.0434782608696,23,0.156126482213,2.1611415793,6.86956521739,5.26666666667,3.7619047619,3.87655362199,0.564308438645,0.309851403412,3.47492428899,1.01168681831,0.543753439736,2.60813564477,0.759330630755,0.402861860209,1.07070464593,0.495434753644,3.21421636995,2.1611415793,1.07070464593,3.21421636995,0.307560368924,0.389097744361,69,0.038961038961,0.235592278092,23,23,23,1,0,0.347826086957,0.565217391304,0.0869565217391,23,100,0.197628458498,3.67957767358,8.69565217391,5.88235294118,4.54545454545,4.58688627412,0.527491921524,0.289565217391,4.18448102193,0.962430635045,0.524347826087,2.91717010524,0.670949124206,0.353913043478,1.8184386587,0.494197655279,4.82369572931,3.67957767358,1.8184386587,4.82369572931,0.345135782092,0.459183673469,120,0.0677583286279,0.231601915242,23,23,23,1,0,0.260869565217,0.695652173913,0.0434782608696,1,0.00197628458498,1.48983248855,0.0869565217391,-0.717647058824,0.0454545454545,-0.0129075002583,-0.00682755731812,-0.00204655248134,-0.105409659113,-0.0342106342894,-0.0167149758454,0.00271112521882,-0.0061474065068,-0.00181818181818,0.742142813716,0.00268117548776,1.93543561246,1.48983248855,0.742142813716,1.93543561246,-0.00647685647686,0.000270904822106,-1,-0.000564652738566,-0.0601634225951,-0.0869565217391,0.0869565217391,0,98,2,1,405,0.989898989899,0.995085995086,0.004914004914,0.010101010101,0.98,0.989898989899,0.984924623116,0.981253898792,0.984984984985,0.970297029703,21,20,0,23,23,23,1,0,8,0,0.0386050732335,0,0,1,3.88826011686,0,16,NaN,1,ok,2.18974518502,0,23,23,23,1,0,8,0,0.0377533864635,0,0,1,4.21421636995,0,16,NaN,1,ok,2.1611415793,0,23,23,23,1,0,6,0,0.0144390697505,0,0,1,5.82369572931,0,16,NaN,1,ok,3.67957767358,0,0,0,0
789,WLNM_dir_neg,0.8525,0.441124287176,00:00:00,10,80,89,511885235,fixed,validated_v2,/gpfs/scratch/acw792/wlnm_roleonly_v2_20260910/result_wlnm_dir_neg_roleonly_trophicv2_100x290_train10-90_Apocrita_20260910_011848/ecological_snapshots/Broadstone_Stream_tax_mass_K10_ratio0.8_exp89_seed511885235_threshold0.5_validated_v2.mat,role_only,2,uniform_without_replacement,uniform_remaining_nonlinks,176,0,176,407,198,198,176,22,0,22,0.111111111111,158,40,0.5,0.882352941176,0.75,0.810810810811,15,2,5,38,0.75,0.95,0.05,0.25,0.882352941176,0.75,0.810810810811,0.883333333333,0.572222222222,0.727272727273,0.732292093352,0.7,99,79,20,0,99,0,79,0,20,23,99,0.195652173913,2.18974518502,8.60869565217,6.6,4.5,4.59979377438,0.534319478842,0.291611769873,4.28989068105,0.996641269334,0.541062801932,2.91445898002,0.677096530713,0.355731225296,1.07629584498,0.491516479791,2.88826011686,2.18974518502,1.07629584498,2.88826011686,0.351612638569,0.458912768647,121,0.0683229813665,0.291765337837,23,23,23,1,0,0.347826086957,0.608695652174,0.0434782608696,23,0.156126482213,2.03700421987,6.86956521739,6.07692307692,3.7619047619,4.28850840594,0.624276540105,0.335167859108,3.66588804764,1.06728386197,0.571271326362,2.42760800633,0.706771951211,0.385250412768,1.04811774634,0.514538819366,2.71535040799,2.08414077532,1.04753359453,2.71535040799,0.299958374958,0.368209255533,61,0.0344438170525,0.236470491759,23,22,22,0.95652173913,0,0.391304347826,0.521739130435,0.0434782608696,23,96,0.189723320158,2.71153149698,8.34782608696,6.85714285714,4.57142857143,4.79212133376,0.57405620144,0.314311594203,4.38646859323,1.05092476713,0.565217391304,2.65693216653,0.636556664898,0.346014492754,1.5563257666,0.57396558673,3.79364003034,2.78932838321,1.54649843707,3.79364003034,0.370261052079,0.481132075472,119,0.0671936758893,0.259806051702,23,22,22,0.95652173913,0,0.347826086957,0.565217391304,0.0434782608696,-3,-0.00592885375494,0.521786311958,-0.260869565217,0.257142857143,0.0714285714286,0.192327559382,0.0397367225981,0.0226998243303,0.0965779121798,0.0542834977931,0.024154589372,-0.257526813493,-0.0405398658146,-0.00971673254282,0.480029921619,0.0824491069387,0.90537991348,0.599583198185,0.470202592087,0.90537991348,0.0186484135101,0.0222193068244,-2,-0.00112930547713,-0.0319592861351,0,-0.0434782608696,0,94,2,5,405,0.949494949495,0.995085995086,0.004914004914,0.0505050505051,0.979166666667,0.949494949495,0.964102564103,0.955710675409,0.944580944581,0.930693069307,17,20,0,23,23,23,1,0,8,0,0.0386050732335,0,0,1,3.88826011686,0,16,NaN,1,ok,2.18974518502,0,23,22,22,0.95652173913,0,9,0,0.0820418114687,0,0,1,3.71535040799,0,16,NaN,1,ok,2.08414077532,0,23,22,22,0.95652173913,0,8,0,0.0396514442428,0,0,1,4.79364003034,0,16,NaN,1,ok,2.78932838321,0,0,0,0
790,WLNM_dir_neg,0.89,0.844738752556,00:00:00,10,80,90,511885236,fixed,validated_v2,/gpfs/scratch/acw792/wlnm_roleonly_v2_20260910/result_wlnm_dir_neg_roleonly_trophicv2_100x290_train10-90_Apocrita_20260910_011848/ecological_snapshots/Broadstone_Stream_tax_mass_K10_ratio0.8_exp90_seed511885236_threshold0.5_validated_v2.mat,role_only,2,uniform_without_replacement,uniform_remaining_nonlinks,176,0,176,407,198,198,176,22,0,22,0.111111111111,158,40,0.5,0.928571428571,0.65,0.764705882353,13,1,7,39,0.65,0.975,0.025,0.35,0.928571428571,0.65,0.764705882353,0.866666666667,0.588888888889,0.675675675676,0.696597765719,0.625,99,79,20,0,99,0,79,0,20,23,99,0.195652173913,2.18974518502,8.60869565217,6.6,4.5,4.59979377438,0.534319478842,0.291611769873,4.28989068105,0.996641269334,0.541062801932,2.91445898002,0.677096530713,0.355731225296,1.07629584498,0.491516479791,2.88826011686,2.18974518502,1.07629584498,2.88826011686,0.351612638569,0.458912768647,121,0.0683229813665,0.291765337837,23,23,23,1,0,0.347826086957,0.608695652174,0.0434782608696,23,0.156126482213,2.31859079563,6.86956521739,5.26666666667,3.95,4.02610061548,0.586077937697,0.319207484865,3.35513293269,0.976810853822,0.53164556962,2.69386655127,0.784290261762,0.417171161255,1.23370768627,0.532093756516,3.14047012178,2.31859079563,1.23370768627,3.14047012178,0.351367415653,0.427734375,73,0.0412196499153,0.227036904894,23,23,23,1,0,0.347826086957,0.521739130435,0.130434782609,23,93,0.183794466403,2.23753848495,8.08695652174,6.2,4.42857142857,4.64085653809,0.57386935686,0.316035530622,4.12837477234,1.02099591144,0.551659654044,2.85208473783,0.705354290002,0.384291725105,1.12576435189,0.503126252112,2.97239721087,2.23753848495,1.12576435189,2.97239721087,0.431864600046,0.493617021277,116,0.0654997176736,0.253653528029,23,23,23,1,0,0.347826086957,0.565217391304,0.0869565217391,-6,-0.0118577075099,0.0477932999288,-0.521739130435,-0.4,-0.0714285714286,0.0410627637109,0.0395498780186,0.0244237607491,-0.16151590871,0.024354642104,0.0105968521116,-0.0623742421917,0.0282577592889,0.0285604998087,0.0494685069082,0.0116097723209,0.0841370940102,0.0477932999288,0.0494685069082,0.0841370940102,0.0802519614773,0.0347042526293,-5,-0.00282326369283,-0.038111809808,0,-0.0434782608696,0.0434782608696,92,1,7,406,0.929292929293,0.997542997543,0.002457002457,0.0707070707071,0.989247311828,0.929292929293,0.958333333333,0.949294930789,0.926835926836,0.92,14,20,0,23,23,23,1,0,8,0,0.0386050732335,0,0,1,3.88826011686,0,16,NaN,1,ok,2.18974518502,0,23,23,23,1,0,8,0,0.0267655469843,0,0,1,4.14047012178,0,16,NaN,1,ok,2.31859079563,0,23,23,23,1,0,8,0,0.0285679323756,0,0,1,3.97239721087,0,16,NaN,1,ok,2.23753848495,0,0,0,0
791,WLNM_dir_neg,0.975,0.544465428727,00:00:00,10,80,91,511885237,fixed,validated_v2,/gpfs/scratch/acw792/wlnm_roleonly_v2_20260910/result_wlnm_dir_neg_roleonly_trophicv2_100x290_train10-90_Apocrita_20260910_011848/ecological_snapshots/Broadstone_Stream_tax_mass_K10_ratio0.8_exp91_seed511885237_threshold0.5_validated_v2.mat,role_only,2,uniform_without_replacement,uniform_remaining_nonlinks,176,0,176,407,198,198,176,22,0,22,0.111111111111,158,40,0.5,0.888888888889,0.8,0.842105263158,16,2,4,38,0.8,0.95,0.05,0.2,0.888888888889,0.8,0.842105263158,0.9,0.566666666667,0.769230769231,0.77151674981,0.75,99,79,20,0,99,0,79,0,20,23,99,0.195652173913,2.18974518502,8.60869565217,6.6,4.5,4.59979377438,0.534319478842,0.291611769873,4.28989068105,0.996641269334,0.541062801932,2.91445898002,0.677096530713,0.355731225296,1.07629584498,0.491516479791,2.88826011686,2.18974518502,1.07629584498,2.88826011686,0.351612638569,0.458912768647,121,0.0683229813665,0.291765337837,23,23,23,1,0,0.347826086957,0.608695652174,0.0434782608696,23,0.156126482213,2.17149655126,6.86956521739,5.26666666667,3.95,3.68417189198,0.536303503263,0.296092460099,3.34155770639,0.972858572747,0.530544854155,2.53746629098,0.738756008767,0.374243258118,1.05462981764,0.485669579821,2.82817624412,2.17149655126,1.05462981764,2.82817624412,0.273461321287,0.322067594433,54,0.0304912478826,0.230497782641,23,23,23,1,0,0.347826086957,0.521739130435,0.130434782609,23,97,0.191699604743,3.91472220534,8.4347826087,6.0625,4.61904761905,4.68873007576,0.555880369806,0.302106678619,4.04471059465,0.959055089453,0.523532048409,2.96887676555,0.703960470182,0.368444643658,2.27702064388,0.581655740674,5.91304056794,3.91472220534,2.27702064388,5.91304056794,0.345166186471,0.436582109479,109,0.0615471485037,0.25634123806,23,23,23,1,0,0.304347826087,0.608695652174,0.0869565217391,-2,-0.00395256916996,1.72497702032,-0.173913043478,-0.5375,0.119047619048,0.0889363013812,0.0215608909646,0.0104949087468,-0.245180086398,-0.0375861798813,-0.0175307535236,0.0544177855238,0.0268639394688,0.0127134183611,1.2007247989,0.0901392608832,3.02478045109,1.72497702032,1.2007247989,3.02478045109,-0.00644645209863,-0.022330659168,-12,-0.00677583286279,-0.0354240997763,-0.0434782608696,0,0.0434782608696,95,2,4,405,0.959595959596,0.995085995086,0.004914004914,0.040404040404,0.979381443299,0.959595959596,0.969387755102,0.962112804111,0.954681954682,0.940594059406,18,20,0,23,23,23,1,0,8,0,0.0386050732335,0,0,1,3.88826011686,0,16,NaN,1,ok,2.18974518502,0,23,23,23,1,0,8,0,0.0393104716035,0,0,1,3.82817624412,0,16,NaN,1,ok,2.17149655126,0,23,23,23,1,0,7,0,0.0196054646048,0,0,1,6.91304056794,0,16,NaN,1,ok,3.91472220534,0,0,0,0
792,WLNM_dir_neg,0.81375,0.471414812587,00:00:01,10,80,92,511885238,fixed,validated_v2,/gpfs/scratch/acw792/wlnm_roleonly_v2_20260910/result_wlnm_dir_neg_roleonly_trophicv2_100x290_train10-90_Apocrita_20260910_011848/ecological_snapshots/Broadstone_Stream_tax_mass_K10_ratio0.8_exp92_seed511885238_threshold0.5_validated_v2.mat,role_only,2,uniform_without_replacement,uniform_remaining_nonlinks,176,0,176,407,198,198,176,22,0,22,0.111111111111,158,40,0.5,0.857142857143,0.6,0.705882352941,12,2,8,38,0.6,0.95,0.05,0.4,0.857142857143,0.6,0.705882352941,0.833333333333,0.588888888889,0.594594594595,0.613006033833,0.55,99,79,20,0,99,0,79,0,20,23,99,0.195652173913,2.18974518502,8.60869565217,6.6,4.5,4.59979377438,0.534319478842,0.291611769873,4.28989068105,0.996641269334,0.541062801932,2.91445898002,0.677096530713,0.355731225296,1.07629584498,0.491516479791,2.88826011686,2.18974518502,1.07629584498,2.88826011686,0.351612638569,0.458912768647,121,0.0683229813665,0.291765337837,23,23,23,1,0,0.347826086957,0.608695652174,0.0434782608696,23,0.156126482213,2.24425353787,6.86956521739,5.64285714286,3.7619047619,4.33069748556,0.630417988405,0.345624656026,3.85918134226,1.12355912496,0.594386351128,2.23252989304,0.649977057468,0.358833241607,1.20701564789,0.537824995045,2.98063045955,2.24425353787,1.20701564789,2.98063045955,0.399553620982,0.469111969112,81,0.0457368718238,0.182110563429,23,23,23,1,0,0.391304347826,0.521739130435,0.0869565217391,23,93,0.183794466403,2.24034704419,8.08695652174,6.64285714286,4.04347826087,4.85155123719,0.599923002449,0.329125759701,4.46682987923,1.1046998626,0.58719027583,2.32532032729,0.575079220728,0.313230481533,1.1908218517,0.531534547197,2.95968372849,2.24034704419,1.1908218517,2.95968372849,0.358130999435,0.451564828614,101,0.0570299265951,0.222613099816,23,23,23,1,0,0.391304347826,0.608695652174,0,-6,-0.0118577075099,0.0506018591651,-0.521739130435,0.0428571428571,-0.45652173913,0.251757462816,0.0656035236069,0.0375139898282,0.17693919818,0.10805859327,0.0461274738975,-0.589138652735,-0.102017309985,-0.042500743763,0.114526006714,0.0400180674055,0.0714236116294,0.0506018591651,0.114526006714,0.0714236116294,0.00651836086619,-0.00734794003327,-20,-0.0112930547713,-0.0691522380212,0.0434782608696,0,-0.0434782608696,91,2,8,405,0.919191919192,0.995085995086,0.004914004914,0.0808080808081,0.978494623656,0.919191919192,0.947916666667,0.936432613612,0.914277914278,0.90099009901,14,20,0,23,23,23,1,0,8,0,0.0386050732335,0,0,1,3.88826011686,0,16,NaN,1,ok,2.18974518502,0,23,23,23,1,0,9,0,0.0525237748816,0,0,1,3.98063045955,0,16,NaN,1,ok,2.24425353787,0,23,23,23,1,0,9,0,0.0418679779522,0,0,1,3.95968372849,0,16,NaN,1,ok,2.24034704419,0,0,0,0
793,WLNM_dir_neg,0.975,0.889096465759,00:00:00,10,80,93,511885239,fixed,validated_v2,/gpfs/scratch/acw792/wlnm_roleonly_v2_20260910/result_wlnm_dir_neg_roleonly_trophicv2_100x290_train10-90_Apocrita_20260910_011848/ecological_snapshots/Broadstone_Stream_tax_mass_K10_ratio0.8_exp93_seed511885239_threshold0.5_validated_v2.mat,role_only,2,uniform_without_replacement,uniform_remaining_nonlinks,176,0,176,407,198,198,176,22,0,22,0.111111111111,158,40,0.5,0.923076923077,0.6,0.727272727273,12,1,8,39,0.6,0.975,0.025,0.4,0.923076923077,0.6,0.727272727273,0.85,0.594444444444,0.630136986301,0.657949002844,0.575,99,79,20,0,99,0,79,0,20,23,99,0.195652173913,2.18974518502,8.60869565217,6.6,4.5,4.59979377438,0.534319478842,0.291611769873,4.28989068105,0.996641269334,0.541062801932,2.91445898002,0.677096530713,0.355731225296,1.07629584498,0.491516479791,2.88826011686,2.18974518502,1.07629584498,2.88826011686,0.351612638569,0.458912768647,121,0.0683229813665,0.291765337837,23,23,23,1,0,0.347826086957,0.608695652174,0.0434782608696,23,0.156126482213,2.20431528018,6.86956521739,5.26666666667,3.59090909091,4.11542936925,0.59908149046,0.327462850853,3.61595061004,1.05274511431,0.561364887177,2.53746629098,0.738756008767,0.396257567419,1.0921707529,0.495469392568,2.98550041259,2.20431528018,1.0921707529,2.98550041259,0.342387506673,0.405882352941,69,0.038961038961,0.199796328011,23,23,23,1,0,0.347826086957,0.608695652174,0.0434782608696,23,92,0.181818181818,2.18425165604,8,6.13333333333,4.18181818182,4.64170814953,0.580213518692,0.319943289225,4.16696968595,1.04174242149,0.560491493384,2.82842712475,0.707106781187,0.37618147448,1.06804795209,0.488976601727,2.87655856958,2.18425165604,1.06804795209,2.87655856958,0.35513173695,0.450867052023,104,0.0587238848108,0.243795326211,23,23,23,1,0,0.347826086957,0.608695652174,0.0434782608696,-7,-0.0138339920949,-0.00549352898466,-0.608695652174,-0.466666666667,-0.318181818182,0.0419143751573,0.04589403985,0.0283315193523,-0.122920995096,0.0451011521536,0.0194286914514,-0.0860318552782,0.0300102504738,0.0204502491837,-0.0082478928956,-0.002539878064,-0.0117015472746,-0.00549352898466,-0.0082478928956,-0.0117015472746,0.00351909838076,-0.00804571662416,-17,-0.00959909655562,-0.0479700116255,0,0,0,91,1,8,406,0.919191919192,0.997542997543,0.002457002457,0.0808080808081,0.989130434783,0.919191919192,0.952879581152,0.942897514255,0.916734916735,0.91,13,20,0,23,23,23,1,0,8,0,0.0386050732335,0,0,1,3.88826011686,0,16,NaN,1,ok,2.18974518502,0,23,23,23,1,0,8,0,0.0318435403755,0,0,1,3.98550041259,0,16,NaN,1,ok,2.20431528018,0,23,23,23,1,0,8,0,0.0352908531697,0,0,1,3.87655856958,0,16,NaN,1,ok,2.18425165604,0,0,0,0
794,WLNM_dir_neg,0.93,0.848436297761,00:00:00,10,80,94,511885240,fixed,validated_v2,/gpfs/scratch/acw792/wlnm_roleonly_v2_20260910/result_wlnm_dir_neg_roleonly_trophicv2_100x290_train10-90_Apocrita_20260910_011848/ecological_snapshots/Broadstone_Stream_tax_mass_K10_ratio0.8_exp94_seed511885240_threshold0.5_validated_v2.mat,role_only,2,uniform_without_replacement,uniform_remaining_nonlinks,176,0,176,407,198,198,176,22,0,22,0.111111111111,158,40,0.5,0.8,0.8,0.8,16,4,4,36,0.8,0.9,0.1,0.2,0.8,0.8,0.8,0.866666666667,0.555555555556,0.7,0.7,0.7,99,79,20,0,99,0,79,0,20,23,99,0.195652173913,2.18974518502,8.60869565217,6.6,4.5,4.59979377438,0.534319478842,0.291611769873,4.28989068105,0.996641269334,0.541062801932,2.91445898002,0.677096530713,0.355731225296,1.07629584498,0.491516479791,2.88826011686,2.18974518502,1.07629584498,2.88826011686,0.351612638569,0.458912768647,121,0.0683229813665,0.291765337837,23,23,23,1,0,0.347826086957,0.608695652174,0.0434782608696,23,0.156126482213,2.13148616902,6.86956521739,5.64285714286,3.7619047619,3.88826144634,0.566012742189,0.312052834342,3.72736913015,1.08518341764,0.578976334618,2.1705903461,0.631944024815,0.346725371491,1.10494089821,0.518389898218,3.04946727549,2.13148616902,1.10494089821,3.04946727549,0.322412436049,0.415019762846,70,0.0395256916996,0.182367708604,23,23,23,1,0,0.391304347826,0.521739130435,0.0869565217391,23,99,0.195652173913,1,8.60869565217,6.1875,4.5,4.88726666902,0.567712794886,0.311813790075,4.27928182811,0.99417658633,0.540184453228,2.80316027189,0.651239255085,0.353974527888,0,0,0,16.3284621042,12.0983228869,27.1880870064,0.381143099325,0.479360852197,120,0.0677583286279,0.217389324319,23,23,23,1,0,0.304347826087,0.652173913043,0.0434782608696,0,0,-1.18974518502,0,-0.4125,0,0.287472894639,0.0333933160439,0.020202020202,-0.0106088529332,-0.00246468300469,-0.000878348704435,-0.111298708138,-0.0258572756281,-0.00175669740887,-1.07629584498,-0.491516479791,-2.88826011686,14.1387169192,11.0220270419,24.2998268895,0.0295304607558,0.0204480835498,-1,-0.000564652738566,-0.0743760135173,-0.0434782608696,0.0434782608696,0,95,4,4,403,0.959595959596,0.990171990172,0.00982800982801,0.040404040404,0.959595959596,0.959595959596,0.959595959596,0.949767949768,0.949767949768,0.922330097087,20,20,0,23,23,23,1,0,8,0,0.0386050732335,0,0,1,3.88826011686,0,16,NaN,1,ok,2.18974518502,0,23,23,23,1,0,9,0,0.0468969583917,0,0,1,4.04946727549,0,16,NaN,1,ok,2.13148616902,0,23,23,23,1,0,7,0,0.00360819080421,0,0,1,28.1880870064,1,16,NaN,1,ok,NaN,3,0,0,0
795,WLNM_dir_neg,0.95625,0.823780581167,00:00:00,10,80,95,511885241,fixed,validated_v2,/gpfs/scratch/acw792/wlnm_roleonly_v2_20260910/result_wlnm_dir_neg_roleonly_trophicv2_100x290_train10-90_Apocrita_20260910_011848/ecological_snapshots/Broadstone_Stream_tax_mass_K10_ratio0.8_exp95_seed511885241_threshold0.5_validated_v2.mat,role_only,2,uniform_without_replacement,uniform_remaining_nonlinks,176,0,176,407,198,198,176,22,0,22,0.111111111111,158,40,0.5,0.818181818182,0.9,0.857142857143,18,4,2,36,0.9,0.9,0.1,0.1,0.818181818182,0.9,0.857142857143,0.9,0.544444444444,0.780487804878,0.782585580871,0.8,99,79,20,0,99,0,79,0,20,23,99,0.195652173913,2.18974518502,8.60869565217,6.6,4.5,4.59979377438,0.534319478842,0.291611769873,4.28989068105,0.996641269334,0.541062801932,2.91445898002,0.677096530713,0.355731225296,1.07629584498,0.491516479791,2.88826011686,2.18974518502,1.07629584498,2.88826011686,0.351612638569,0.458912768647,121,0.0683229813665,0.291765337837,23,23,23,1,0,0.347826086957,0.608695652174,0.0434782608696,23,0.156126482213,2.10685649581,6.86956521739,5.26666666667,3.7619047619,3.75746950421,0.546973408841,0.303797468354,3.42220140415,0.996337117665,0.540451293341,2.53746629098,0.738756008767,0.391854705559,1.0104479978,0.479599820782,2.78066675248,2.10685649581,1.0104479978,2.78066675248,0.324273345702,0.423791821561,76,0.042913608131,0.229614195328,23,23,23,1,0,0.347826086957,0.565217391304,0.0869565217391,23,101,0.199604743083,2.17681166781,8.78260869565,6.73333333333,4.80952380952,4.66082826954,0.530688367323,0.293585880327,4.40804151971,1.00381143518,0.544123977615,2.87210930462,0.654044693132,0.349547998278,1.04863298325,0.481728850851,2.77768894551,2.17681166781,1.04863298325,2.77768894551,0.47186822839,0.487272727273,134,0.0756634669678,0.285343846736,23,23,23,1,0,0.347826086957,0.565217391304,0.0869565217391,2,0.00395256916996,-0.0129335172107,0.173913043478,0.133333333333,0.309523809524,0.0610344951585,-0.00363111151842,0.00197411045452,0.118150838667,0.00717016584827,0.00306117568279,-0.0423496754005,-0.0230518375806,-0.00618322701835,-0.0276628617286,-0.00978762894047,-0.110571171351,-0.0129335172107,-0.0276628617286,-0.110571171351,0.120255589821,0.0283599586254,13,0.00734048560136,-0.00642149110084,0,-0.0434782608696,0.0434782608696,97,4,2,403,0.979797979798,0.990171990172,0.00982800982801,0.020202020202,0.960396039604,0.979797979798,0.97,0.962686523503,0.96996996997,0.941747572816,22,20,0,23,23,23,1,0,8,0,0.0386050732335,0,0,1,3.88826011686,0,16,NaN,1,ok,2.18974518502,0,23,23,23,1,0,8,0,0.0340672866322,0,0,1,3.78066675248,0,16,NaN,1,ok,2.10685649581,0,23,23,23,1,0,8,0,0.0391675405478,0,0,1,3.77768894551,0,16,NaN,1,ok,2.17681166781,0,0,0,0
796,WLNM_dir_neg,0.96375,0.85562128128,00:00:00,10,80,96,511885242,fixed,validated_v2,/gpfs/scratch/acw792/wlnm_roleonly_v2_20260910/result_wlnm_dir_neg_roleonly_trophicv2_100x290_train10-90_Apocrita_20260910_011848/ecological_snapshots/Broadstone_Stream_tax_mass_K10_ratio0.8_exp96_seed511885242_threshold0.5_validated_v2.mat,role_only,2,uniform_without_replacement,uniform_remaining_nonlinks,176,0,176,407,198,198,176,22,0,22,0.111111111111,158,40,0.5,0.928571428571,0.65,0.764705882353,13,1,7,39,0.65,0.975,0.025,0.35,0.928571428571,0.65,0.764705882353,0.866666666667,0.588888888889,0.675675675676,0.696597765719,0.625,99,79,20,0,99,0,79,0,20,23,99,0.195652173913,2.18974518502,8.60869565217,6.6,4.5,4.59979377438,0.534319478842,0.291611769873,4.28989068105,0.996641269334,0.541062801932,2.91445898002,0.677096530713,0.355731225296,1.07629584498,0.491516479791,2.88826011686,2.18974518502,1.07629584498,2.88826011686,0.351612638569,0.458912768647,121,0.0683229813665,0.291765337837,23,23,23,1,0,0.347826086957,0.608695652174,0.0434782608696,23,0.156126482213,2.23830285479,6.86956521739,5.26666666667,3.95,4.05982923763,0.590987800415,0.318657127133,3.51394736542,1.02304796715,0.548156301596,2.59064904041,0.754239594044,0.398458998349,1.14590621144,0.511953156376,3.06088302142,2.23830285479,1.14590621144,3.06088302142,0.32527762093,0.384321223709,67,0.0378317334839,0.224884586313,23,23,23,1,0,0.347826086957,0.521739130435,0.130434782609,23,93,0.183794466403,2.56096041831,8.08695652174,6.2,4.65,4.6113796346,0.570224363418,0.313697989715,4.07295136312,1.00728904679,0.543244506779,2.7382519452,0.677202093975,0.360916316036,1.45940753123,0.569867273542,3.64542387144,2.56096041831,1.45940753123,3.64542387144,0.36141443098,0.439238653001,100,0.0564652738566,0.246432370151,23,23,23,1,0,0.347826086957,0.521739130435,0.130434782609,-6,-0.0118577075099,0.371215233283,-0.521739130435,-0.4,0.15,0.0115858602211,0.0359048845763,0.0220862198422,-0.216939317929,0.0106477774584,0.0021817048465,-0.17620703482,0.000105563262505,0.00518509073909,0.383111686247,0.0783507937509,0.757163754585,0.371215233283,0.383111686247,0.757163754585,0.00980179241049,-0.0196741156458,-21,-0.0118577075099,-0.0453329676859,0,-0.0869565217391,0.0869565217391,92,1,7,406,0.929292929293,0.997542997543,0.002457002457,0.0707070707071,0.989247311828,0.929292929293,0.958333333333,0.949294930789,0.926835926836,0.92,14,20,0,23,23,23,1,0,8,0,0.0386050732335,0,0,1,3.88826011686,0,16,NaN,1,ok,2.18974518502,0,23,23,23,1,0,8,0,0.0413842850832,0,0,1,4.06088302142,0,16,NaN,1,ok,2.23830285479,0,23,23,23,1,0,8,0,0.0418560704158,0,0,1,4.64542387144,0,16,NaN,1,ok,2.56096041831,0,0,0,0
797,WLNM_dir_neg,0.953125,0.476035764388,00:00:00,10,80,97,511885243,fixed,validated_v2,/gpfs/scratch/acw792/wlnm_roleonly_v2_20260910/result_wlnm_dir_neg_roleonly_trophicv2_100x290_train10-90_Apocrita_20260910_011848/ecological_snapshots/Broadstone_Stream_tax_mass_K10_ratio0.8_exp97_seed511885243_threshold0.5_validated_v2.mat,role_only,2,uniform_without_replacement,uniform_remaining_nonlinks,176,0,176,407,198,198,176,22,0,22,0.111111111111,158,40,0.5,0.818181818182,0.9,0.857142857143,18,4,2,36,0.9,0.9,0.1,0.1,0.818181818182,0.9,0.857142857143,0.9,0.544444444444,0.780487804878,0.782585580871,0.8,99,79,20,0,99,0,79,0,20,23,99,0.195652173913,2.18974518502,8.60869565217,6.6,4.5,4.59979377438,0.534319478842,0.291611769873,4.28989068105,0.996641269334,0.541062801932,2.91445898002,0.677096530713,0.355731225296,1.07629584498,0.491516479791,2.88826011686,2.18974518502,1.07629584498,2.88826011686,0.351612638569,0.458912768647,121,0.0683229813665,0.291765337837,23,23,23,1,0,0.347826086957,0.608695652174,0.0434782608696,23,0.156126482213,2.12618537937,6.86956521739,5.26666666667,3.59090909091,3.65941311522,0.532699377532,0.289488167309,3.76377575118,1.09578281363,0.580077050083,2.19143139101,0.6380116708,0.345624656026,1.02456126925,0.481877675953,2.70544090056,2.12618537937,1.02456126925,2.70544090056,0.296982244808,0.372881355932,66,0.0372670807453,0.187304890876,23,23,23,1,0,0.347826086957,0.608695652174,0.0434782608696,23,101,0.199604743083,12.9617929622,8.78260869565,5.94117647059,4.59090909091,4.75735336791,0.541678848822,0.297890658631,4.29311425885,0.977639880728,0.528626775721,2.79185716024,0.635769452331,0.335772707706,8.47737913052,0.654028277976,19.6797142637,12.9617929622,8.47737913052,19.6797142637,0.464305742567,0.483870967742,135,0.0762281197064,0.222409341036,23,23,23,1,0,0.260869565217,0.695652173913,0.0434782608696,2,0.00395256916996,10.7720477771,0.173913043478,-0.658823529412,0.0909090909091,0.157559593536,0.00735936998,0.00627888875844,0.00322357780095,-0.0190013886064,-0.0124360262113,-0.122601819788,-0.0413270783817,-0.0199585175909,7.40108328554,0.162511798185,16.7914541468,10.7720477771,7.40108328554,16.7914541468,0.112693103997,0.0249581990947,14,0.00790513833992,-0.0693559968009,-0.0869565217391,0.0869565217391,0,97,4,2,403,0.979797979798,0.990171990172,0.00982800982801,0.020202020202,0.960396039604,0.979797979798,0.97,0.962686523503,0.96996996997,0.941747572816,22,20,0,23,23,23,1,0,8,0,0.0386050732335,0,0,1,3.88826011686,0,16,NaN,1,ok,2.18974518502,0,23,23,23,1,0,8,0,0.0347117564958,0,0,1,3.70544090056,0,16,NaN,1,ok,2.12618537937,0,23,23,23,1,0,6,0,0.00641357654165,0,0,1,20.6797142637,0,16,NaN,1,ok,12.9617929622,0,0,0,0
798,WLNM_dir_neg,0.92125,0.795716939579,00:00:00,10,80,98,511885244,fixed,validated_v2,/gpfs/scratch/acw792/wlnm_roleonly_v2_20260910/result_wlnm_dir_neg_roleonly_trophicv2_100x290_train10-90_Apocrita_20260910_011848/ecological_snapshots/Broadstone_Stream_tax_mass_K10_ratio0.8_exp98_seed511885244_threshold0.5_validated_v2.mat,role_only,2,uniform_without_replacement,uniform_remaining_nonlinks,176,0,176,407,198,198,176,22,0,22,0.111111111111,158,40,0.5,0.9,0.9,0.9,18,2,2,38,0.9,0.95,0.05,0.1,0.9,0.9,0.9,0.933333333333,0.555555555556,0.85,0.85,0.85,99,79,20,0,99,0,79,0,20,23,99,0.195652173913,2.18974518502,8.60869565217,6.6,4.5,4.59979377438,0.534319478842,0.291611769873,4.28989068105,0.996641269334,0.541062801932,2.91445898002,0.677096530713,0.355731225296,1.07629584498,0.491516479791,2.88826011686,2.18974518502,1.07629584498,2.88826011686,0.351612638569,0.458912768647,121,0.0683229813665,0.291765337837,23,23,23,1,0,0.347826086957,0.608695652174,0.0434782608696,23,0.156126482213,2.05537714097,6.86956521739,5.64285714286,3.59090909091,3.85303124856,0.560884295676,0.309851403412,3.78785243733,1.10279248175,0.584479911943,2.12829609518,0.619630508724,0.321408915795,1.01898119663,0.495763612582,2.88113897597,2.05537714097,1.01898119663,2.88113897597,0.308344312692,0.380681818182,67,0.0378317334839,0.195044886343,23,23,23,1,0,0.391304347826,0.565217391304,0.0434782608696,23,99,0.195652173913,2.18903179829,8.60869565217,6.6,4.5,4.64894054827,0.540028447526,0.296003513395,4.43575126986,1.0305280728,0.555116381203,2.86728859265,0.666137753847,0.353096179183,1.05953609968,0.484020424239,2.78407834255,2.18903179829,1.05953609968,2.78407834255,0.353578305752,0.462121212121,122,0.068887634105,0.265582642332,23,23,23,1,0,0.347826086957,0.608695652174,0.0434782608696,0,0,-0.000713386736253,0,0,0,0.0491467738923,0.00570896868446,0.00439174352218,0.145860588813,0.0338868034615,0.014053579271,-0.0471703873784,-0.0109587768657,-0.00263504611331,-0.0167597453025,-0.00749605555205,-0.104181774309,-0.000713386736253,-0.0167597453025,-0.104181774309,0.00196566718306,0.00320844347393,1,0.000564652738566,-0.0261826955049,0,0,0,97,2,2,405,0.979797979798,0.995085995086,0.004914004914,0.020202020202,0.979797979798,0.979797979798,0.979797979798,0.974883974884,0.974883974884,0.960396039604,20,20,0,23,23,23,1,0,8,0,0.0386050732335,0,0,1,3.88826011686,0,16,NaN,1,ok,2.18974518502,0,23,23,23,1,0,9,0,0.0323588100157,0,0,1,3.88113897597,0,16,NaN,1,ok,2.05537714097,0,23,23,23,1,0,8,0,0.0216410048916,0,0,1,3.78407834255,0,16,NaN,1,ok,2.18903179829,0,0,0,0
799,WLNM_dir_neg,0.955625,0.330246345603,00:00:00,10,80,99,511885245,fixed,validated_v2,/gpfs/scratch/acw792/wlnm_roleonly_v2_20260910/result_wlnm_dir_neg_roleonly_trophicv2_100x290_train10-90_Apocrita_20260910_011848/ecological_snapshots/Broadstone_Stream_tax_mass_K10_ratio0.8_exp99_seed511885245_threshold0.5_validated_v2.mat,role_only,2,uniform_without_replacement,uniform_remaining_nonlinks,176,0,176,407,198,198,176,22,0,22,0.111111111111,158,40,0.5,0.75,0.9,0.818181818182,18,6,2,34,0.9,0.85,0.15,0.1,0.75,0.9,0.818181818182,0.866666666667,0.533333333333,0.714285714286,0.721687836487,0.75,99,79,20,0,99,0,79,0,20,23,99,0.195652173913,2.18974518502,8.60869565217,6.6,4.5,4.59979377438,0.534319478842,0.291611769873,4.28989068105,0.996641269334,0.541062801932,2.91445898002,0.677096530713,0.355731225296,1.07629584498,0.491516479791,2.88826011686,2.18974518502,1.07629584498,2.88826011686,0.351612638569,0.458912768647,121,0.0683229813665,0.291765337837,23,23,23,1,0,0.347826086957,0.608695652174,0.0434782608696,23,0.156126482213,2.2381566761,6.86956521739,5.26666666667,3.59090909091,3.87655362199,0.564308438645,0.307649972482,3.3279271047,0.968890169724,0.52724270776,2.64276176061,0.769411651822,0.392955421024,1.14107176966,0.509826582673,3.22490138067,2.2381566761,1.14107176966,3.22490138067,0.299796667978,0.37044534413,61,0.0344438170525,0.234082478368,23,23,23,1,0,0.347826086957,0.608695652174,0.0434782608696,23,103,0.203557312253,2.2389768515,8.95652173913,6.86666666667,4.47826086957,4.59721517353,0.513281305783,0.284086112284,4.28389760103,0.956598493434,0.52258336851,2.84236721473,0.63470335863,0.337695230055,1.11751776792,0.499119840016,2.91749742039,2.2389768515,1.11751776792,2.91749742039,0.337470500514,0.460396039604,124,0.0700169395822,0.267201874534,23,23,23,1,0,0.347826086957,0.652173913043,0,4,0.00790513833992,0.0492316664761,0.347826086957,0.266666666667,-0.0217391304348,-0.0025786008423,-0.0210381730588,-0.00752565758898,-0.00599308001539,-0.0400427758999,-0.0184794334224,-0.0720917652896,-0.0423931720826,-0.0180359952416,0.0412219229369,0.00760336022452,0.0292373035297,0.0492316664761,0.0412219229369,0.0292373035297,-0.0141421380552,0.00148327095668,3,0.0016939582157,-0.024563463303,0,0.0434782608696,-0.0434782608696,97,6,2,401,0.979797979798,0.985257985258,0.014742014742,0.020202020202,0.941747572816,0.979797979798,0.960396039604,0.950815309666,0.965055965056,0.92380952381,24,20,0,23,23,23,1,0,8,0,0.0386050732335,0,0,1,3.88826011686,0,16,NaN,1,ok,2.18974518502,0,23,23,23,1,0,8,0,0.0325214366229,0,0,1,4.22490138067,0,16,NaN,1,ok,2.2381566761,0,23,23,23,1,0,8,0,0.0464638242631,0,0,1,3.91749742039,0,16,NaN,1,ok,2.2389768515,0,0,0,0
800,WLNM_dir_neg,1,0.95,00:00:00,10,80,100,511885246,fixed,validated_v2,/gpfs/scratch/acw792/wlnm_roleonly_v2_20260910/result_wlnm_dir_neg_roleonly_trophicv2_100x290_train10-90_Apocrita_20260910_011848/ecological_snapshots/Broadstone_Stream_tax_mass_K10_ratio0.8_exp100_seed511885246_threshold0.5_validated_v2.mat,role_only,2,uniform_without_replacement,uniform_remaining_nonlinks,176,0,176,407,198,198,176,22,0,22,0.111111111111,158,40,0.5,1,0.95,0.974358974359,19,0,1,40,0.95,1,0,0.05,1,0.95,0.974358974359,0.983333333333,0.561111111111,0.962025316456,0.962719724682,0.95,99,79,20,0,99,0,79,0,20,23,99,0.195652173913,2.18974518502,8.60869565217,6.6,4.5,4.59979377438,0.534319478842,0.291611769873,4.28989068105,0.996641269334,0.541062801932,2.91445898002,0.677096530713,0.355731225296,1.07629584498,0.491516479791,2.88826011686,2.18974518502,1.07629584498,2.88826011686,0.351612638569,0.458912768647,121,0.0683229813665,0.291765337837,23,23,23,1,0,0.347826086957,0.608695652174,0.0434782608696,23,0.156126482213,2.16581801451,6.86956521739,5.26666666667,3.59090909091,3.7210011828,0.541664729141,0.296642817832,3.48798049093,1.01548799103,0.549257017061,2.64276176061,0.769411651822,0.392955421024,1.05633007479,0.487727993632,2.77359307359,2.16581801451,1.05633007479,2.77359307359,0.324154589372,0.426966292135,76,0.042913608131,0.219664726808,23,23,23,1,0,0.347826086957,0.608695652174,0.0434782608696,23,98,0.193675889328,2.19883604714,8.52173913043,6.53333333333,4.45454545455,4.55141901167,0.534095088104,0.291481810115,4.28758664163,1.00627033426,0.543921916593,2.89541002442,0.67953500573,0.354924578527,1.08817108552,0.494885049269,2.9082362252,2.19883604714,1.08817108552,2.9082362252,0.351246820812,0.455252918288,117,0.0660643704122,0.288662197591,23,23,23,1,0,0.347826086957,0.608695652174,0.0434782608696,-1,-0.00197628458498,0.00909086211542,-0.0869565217391,-0.0666666666667,-0.0454545454545,-0.0483747627102,-0.000224390738017,-0.000129959757289,-0.00230403941699,0.00962906492595,0.00285911466036,-0.0190489556089,0.00243847501744,-0.00080664676938,0.0118752405403,0.00336856947779,0.0199761083421,0.00909086211542,0.0118752405403,0.0199761083421,-0.000365817757122,-0.00365985035934,-4,-0.00225861095426,-0.003103140246,0,0,0,98,0,1,407,0.989898989899,1,0,0.010101010101,1,0.989898989899,0.994923857868,0.993716643156,0.989898989899,0.989898989899,19,20,0,23,23,23,1,0,8,0,0.0386050732335,0,0,1,3.88826011686,0,16,NaN,1,ok,2.18974518502,0,23,23,23,1,0,8,0,0.0338962259425,0,0,1,3.77359307359,0,16,NaN,1,ok,2.16581801451,0,23,23,23,1,0,8,0,0.0378933945337,0,0,1,3.9082362252,0,16,NaN,1,ok,2.19883604714,0,0,0,0
801,WLNM_dir_neg,0.965,0.798391053391,00:00:01,10,90,1,512802447,fixed,validated_v2,/gpfs/scratch/acw792/wlnm_roleonly_v2_20260910/result_wlnm_dir_neg_roleonly_trophicv2_100x290_train10-90_Apocrita_20260910_011848/ecological_snapshots/Broadstone_Stream_tax_mass_K10_ratio0.9_exp1_seed512802447_threshold0.5_validated_v2.mat,role_only,2,uniform_without_replacement,uniform_remaining_nonlinks,176,0,176,407,198,198,176,22,0,22,0.111111111111,178,20,0.5,0.9,0.9,0.9,9,1,1,19,0.9,0.95,0.05,0.1,0.9,0.9,0.9,0.933333333333,0.555555555556,0.85,0.85,0.85,99,89,10,0,99,0,89,0,10,23,99,0.195652173913,2.18974518502,8.60869565217,6.6,4.5,4.59979377438,0.534319478842,0.291611769873,4.28989068105,0.996641269334,0.541062801932,2.91445898002,0.677096530713,0.355731225296,1.07629584498,0.491516479791,2.88826011686,2.18974518502,1.07629584498,2.88826011686,0.351612638569,0.458912768647,121,0.0683229813665,0.291765337837,23,23,23,1,0,0.347826086957,0.608695652174,0.0434782608696,23,0.175889328063,2.20751557287,7.73913043478,5.93333333333,4.2380952381,4.34027011418,0.560821419248,0.299951148021,3.87655362199,1.0018059922,0.543234000977,2.73536349298,0.706891689197,0.371275036639,1.08466798862,0.491352360977,2.82460147328,2.20751557287,1.08466798862,2.82460147328,0.343479467393,0.421296296296,91,0.0513833992095,0.251674863419,23,23,23,1,0,0.347826086957,0.565217391304,0.0869565217391,23,99,0.195652173913,2.20457068735,8.60869565217,6.6,4.71428571429,4.58990127082,0.533170349641,0.29117259552,4.19344491286,0.974234676724,0.531400966184,3.05159842778,0.708957210494,0.372419850681,1.07632649399,0.488224986464,2.88826011686,2.20457068735,1.07632649399,2.88826011686,0.379294135816,0.463291139241,122,0.068887634105,0.299533548462,23,23,23,1,0,0.347826086957,0.565217391304,0.0869565217391,0,0,0.0148255023253,0,0,0.214285714286,-0.00989250355555,-0.0011491292009,-0.000439174352218,-0.0964457681917,-0.0224065926102,-0.00966183574879,0.137139447755,0.0318606797815,0.0166886253843,3.06490066571e-05,-0.00329149332749,0,0.0148255023253,3.06490066571e-05,0,0.0276814972467,0.00437837059322,1,0.000564652738566,0.00776821062535,0,-0.0434782608696,0.0434782608696,98,1,1,406,0.989898989899,0.997542997543,0.002457002457,0.010101010101,0.989898989899,0.989898989899,0.989898989899,0.987441987442,0.987441987442,0.98,10,10,0,23,23,23,1,0,8,0,0.0386050732335,0,0,1,3.88826011686,0,16,NaN,1,ok,2.18974518502,0,23,23,23,1,0,8,0,0.0390439330306,0,0,1,3.82460147328,0,16,NaN,1,ok,2.20751557287,0,23,23,23,1,0,8,0,0.0404188235944,0,0,1,3.88826011686,0,16,NaN,1,ok,2.20457068735,0,0,0,0
802,WLNM_dir_neg,0.99,0.882575757576,00:00:01,10,90,2,512802448,fixed,validated_v2,/gpfs/scratch/acw792/wlnm_roleonly_v2_20260910/result_wlnm_dir_neg_roleonly_trophicv2_100x290_train10-90_Apocrita_20260910_011848/ecological_snapshots/Broadstone_Stream_tax_mass_K10_ratio0.9_exp2_seed512802448_threshold0.5_validated_v2.mat,role_only,2,uniform_without_replacement,uniform_remaining_nonlinks,176,0,176,407,198,198,176,22,0,22,0.111111111111,178,20,0.5,0.9,0.9,0.9,9,1,1,19,0.9,0.95,0.05,0.1,0.9,0.9,0.9,0.933333333333,0.555555555556,0.85,0.85,0.85,99,89,10,0,99,0,89,0,10,23,99,0.195652173913,2.18974518502,8.60869565217,6.6,4.5,4.59979377438,0.534319478842,0.291611769873,4.28989068105,0.996641269334,0.541062801932,2.91445898002,0.677096530713,0.355731225296,1.07629584498,0.491516479791,2.88826011686,2.18974518502,1.07629584498,2.88826011686,0.351612638569,0.458912768647,121,0.0683229813665,0.291765337837,23,23,23,1,0,0.347826086957,0.608695652174,0.0434782608696,23,0.175889328063,2.09537077908,7.73913043478,5.93333333333,4.2380952381,4.27697207363,0.552642458952,0.303370786517,3.94627958078,1.0198250602,0.547142159257,2.80104441278,0.723865410045,0.38397655105,1.00963370812,0.481840120231,2.72874365482,2.09537077908,1.00963370812,2.72874365482,0.337046769655,0.459090909091,101,0.0570299265951,0.276322724894,23,23,23,1,0,0.347826086957,0.565217391304,0.0869565217391,23,99,0.195652173913,2.16994516773,8.60869565217,6.6,4.71428571429,4.6391528462,0.538891492236,0.292050944225,4.22583808373,0.981760362886,0.534914361001,3.06645757436,0.712409335457,0.373298199385,1.05184240925,0.484732252635,2.84693511663,2.16994516773,1.05184240925,2.84693511663,0.364204394639,0.472292191436,125,0.0705815923207,0.303867812082,23,23,23,1,0,0.347826086957,0.565217391304,0.0869565217391,0,0,-0.0198000172935,0,0,0.214285714286,0.039359071826,0.00457201339393,0.000439174352218,-0.0640525973198,-0.014880906448,-0.00614844093105,0.151998594333,0.0353128047441,0.0175669740887,-0.0244534357348,-0.00678422715644,-0.0413250002327,-0.0198000172935,-0.0244534357348,-0.0413250002327,0.01259175607,0.0133794227885,4,0.00225861095426,0.0121024742453,0,-0.0434782608696,0.0434782608696,98,1,1,406,0.989898989899,0.997542997543,0.002457002457,0.010101010101,0.989898989899,0.989898989899,0.989898989899,0.987441987442,0.987441987442,0.98,10,10,0,23,23,23,1,0,8,0,0.0386050732335,0,0,1,3.88826011686,0,16,NaN,1,ok,2.18974518502,0,23,23,23,1,0,8,0,0.0367983283707,0,0,1,3.72874365482,0,16,NaN,1,ok,2.09537077908,0,23,23,23,1,0,8,0,0.0384275206002,0,0,1,3.84693511663,0,16,NaN,1,ok,2.16994516773,0,0,0,0
803,WLNM_dir_neg,0.99,0.882575757576,00:00:01,10,90,3,512802449,fixed,validated_v2,/gpfs/scratch/acw792/wlnm_roleonly_v2_20260910/result_wlnm_dir_neg_roleonly_trophicv2_100x290_train10-90_Apocrita_20260910_011848/ecological_snapshots/Broadstone_Stream_tax_mass_K10_ratio0.9_exp3_seed512802449_threshold0.5_validated_v2.mat,role_only,2,uniform_without_replacement,uniform_remaining_nonlinks,176,0,176,407,198,198,176,22,0,22,0.111111111111,178,20,0.5,1,0.8,0.888888888889,8,0,2,20,0.8,1,0,0.2,1,0.8,0.888888888889,0.933333333333,0.577777777778,0.842105263158,0.852802865422,0.8,99,89,10,0,99,0,89,0,10,23,99,0.195652173913,2.18974518502,8.60869565217,6.6,4.5,4.59979377438,0.534319478842,0.291611769873,4.28989068105,0.996641269334,0.541062801932,2.91445898002,0.677096530713,0.355731225296,1.07629584498,0.491516479791,2.88826011686,2.18974518502,1.07629584498,2.88826011686,0.351612638569,0.458912768647,121,0.0683229813665,0.291765337837,23,23,23,1,0,0.347826086957,0.608695652174,0.0434782608696,23,0.175889328063,2.22058146371,7.73913043478,5.93333333333,4.2380952381,3.9337397347,0.508292212911,0.275525158769,3.80555034637,0.983456831084,0.533463605276,2.56381015866,0.662557681451,0.348803126527,1.11030937368,0.50000839502,3.00690270753,2.22058146371,1.11030937368,3.00690270753,0.333104576583,0.429260450161,89,0.0502540937324,0.244820338392,23,23,23,1,0,0.347826086957,0.565217391304,0.0869565217391,23,97,0.191699604743,2.1952425581,8.4347826087,6.46666666667,4.40909090909,4.4906578477,0.532397579882,0.288659793814,4.19909645843,0.995662046844,0.540564769162,2.87554772236,0.681830903239,0.361272971762,1.08482837044,0.494172439594,2.89996985228,2.1952425581,1.08482837044,2.89996985228,0.355501744632,0.472,118,0.0666290231508,0.286182626897,23,23,23,1,0,0.347826086957,0.608695652174,0.0434782608696,-2,-0.00395256916996,0.00549737307502,-0.173913043478,-0.133333333333,-0.0909090909091,-0.109135926674,-0.00192189895945,-0.00295197605821,-0.0907942226179,-0.000979222490142,-0.000498032770556,-0.0389112576666,0.00473437252674,0.0055417464651,0.0085325254529,0.00265595980246,0.0117097354183,0.00549737307502,0.0085325254529,0.0117097354183,0.00388910606302,0.0130872313527,-3,-0.0016939582157,-0.00558271093985,0,0,0,97,0,2,407,0.979797979798,1,0,0.020202020202,1,0.979797979798,0.989795918367,0.987424321977,0.979797979798,0.979797979798,8,10,0,23,23,23,1,0,8,0,0.0386050732335,0,0,1,3.88826011686,0,16,NaN,1,ok,2.18974518502,0,23,23,23,1,0,8,0,0.0405421651756,0,0,1,4.00690270753,0,16,NaN,1,ok,2.22058146371,0,23,23,23,1,0,8,0,0.0379697683394,0,0,1,3.89996985228,0,16,NaN,1,ok,2.1952425581,0,0,0,0
804,WLNM_dir_neg,1,0.7,00:00:01,10,90,4,512802450,fixed,validated_v2,/gpfs/scratch/acw792/wlnm_roleonly_v2_20260910/result_wlnm_dir_neg_roleonly_trophicv2_100x290_train10-90_Apocrita_20260910_011848/ecological_snapshots/Broadstone_Stream_tax_mass_K10_ratio0.9_exp4_seed512802450_threshold0.5_validated_v2.mat,role_only,2,uniform_without_replacement,uniform_remaining_nonlinks,176,0,176,407,198,198,176,22,0,22,0.111111111111,178,20,0.5,1,1,1,10,0,0,20,1,1,0,0,1,1,1,1,0.555555555556,1,1,1,99,89,10,0,99,0,89,0,10,23,99,0.195652173913,2.18974518502,8.60869565217,6.6,4.5,4.59979377438,0.534319478842,0.291611769873,4.28989068105,0.996641269334,0.541062801932,2.91445898002,0.677096530713,0.355731225296,1.07629584498,0.491516479791,2.88826011686,2.18974518502,1.07629584498,2.88826011686,0.351612638569,0.458912768647,121,0.0683229813665,0.291765337837,23,23,23,1,0,0.347826086957,0.608695652174,0.0434782608696,23,0.175889328063,2.23583556843,7.73913043478,5.93333333333,4.04545454545,4.19108785297,0.541545059653,0.298974108451,3.95778114864,1.02279737549,0.553004396678,2.5281029148,0.653329966746,0.337078651685,1.12779762007,0.504418856195,3.01568031274,2.23583556843,1.12779762007,3.01568031274,0.307475374867,0.384,80,0.0451722190853,0.232265304723,23,23,23,1,0,0.347826086957,0.608695652174,0.0434782608696,23,99,0.195652173913,2.18974518502,8.60869565217,6.6,4.5,4.59979377438,0.534319478842,0.291611769873,4.28989068105,0.996641269334,0.541062801932,2.91445898002,0.677096530713,0.355731225296,1.07629584498,0.491516479791,2.88826011686,2.18974518502,1.07629584498,2.88826011686,0.351612638569,0.458912768647,121,0.0683229813665,0.291765337837,23,23,23,1,0,0.347826086957,0.608695652174,0.0434782608696,0,0,0,0,0,0,0,0,0,0,0,0,0,0,0,0,0,0,0,0,0,0,0,0,0,0,0,0,0,99,0,0,407,1,1,0,0,1,1,1,1,1,1,10,10,0,23,23,23,1,0,8,0,0.0386050732335,0,0,1,3.88826011686,0,16,NaN,1,ok,2.18974518502,0,23,23,23,1,0,8,0,0.0272264065203,0,0,1,4.01568031274,0,16,NaN,1,ok,2.23583556843,0,23,23,23,1,0,8,0,0.0386050732335,0,0,1,3.88826011686,0,16,NaN,1,ok,2.18974518502,0,0,0,0
805,WLNM_dir_neg,0.945,0.59735042735,00:00:00,10,90,5,512802451,fixed,validated_v2,/gpfs/scratch/acw792/wlnm_roleonly_v2_20260910/result_wlnm_dir_neg_roleonly_trophicv2_100x290_train10-90_Apocrita_20260910_011848/ecological_snapshots/Broadstone_Stream_tax_mass_K10_ratio0.9_exp5_seed512802451_threshold0.5_validated_v2.mat,role_only,2,uniform_without_replacement,uniform_remaining_nonlinks,176,0,176,407,198,198,176,22,0,22,0.111111111111,178,20,0.5,0.75,0.6,0.666666666667,6,2,4,18,0.6,0.9,0.1,0.4,0.75,0.6,0.666666666667,0.8,0.577777777778,0.526315789474,0.533001790889,0.5,99,89,10,0,99,0,89,0,10,23,99,0.195652173913,2.18974518502,8.60869565217,6.6,4.5,4.59979377438,0.534319478842,0.291611769873,4.28989068105,0.996641269334,0.541062801932,2.91445898002,0.677096530713,0.355731225296,1.07629584498,0.491516479791,2.88826011686,2.18974518502,1.07629584498,2.88826011686,0.351612638569,0.458912768647,121,0.0683229813665,0.291765337837,23,23,23,1,0,0.347826086957,0.608695652174,0.0434782608696,23,0.175889328063,2.08569830978,7.73913043478,5.93333333333,4.04545454545,3.80451157186,0.491594191869,0.271128480703,3.92317528895,1.01385428816,0.547142159257,2.4918840595,0.643970037849,0.327308255984,0.978085785831,0.468948831786,2.66632686348,2.08569830978,0.978085785831,2.66632686348,0.295042397216,0.377777777778,85,0.0479954827781,0.244187923032,23,23,23,1,0,0.347826086957,0.608695652174,0.0434782608696,23,97,0.191699604743,2.11688064229,8.4347826087,6.46666666667,4.40909090909,4.19768428537,0.497663600843,0.272971761542,4.25287626457,1.00841395964,0.54415060511,2.72957741883,0.64721938797,0.333482743165,0.999868642233,0.472331137741,2.70300567643,2.11688064229,0.999868642233,2.70300567643,0.342157118244,0.448877805486,120,0.0677583286279,0.283115132979,23,23,23,1,0,0.347826086957,0.608695652174,0.0434782608696,-2,-0.00395256916996,-0.0728645427372,-0.173913043478,-0.133333333333,-0.0909090909091,-0.402109489002,-0.0366558779984,-0.0186400083307,-0.0370144164777,0.011772690306,0.00308780317745,-0.184881561196,-0.0298771427432,-0.0222484821319,-0.0764272027507,-0.0191853420507,-0.185254440427,-0.0728645427372,-0.0764272027507,-0.185254440427,-0.00945552032509,-0.010034963161,-1,-0.000564652738566,-0.00865020485764,0,0,0,95,2,4,405,0.959595959596,0.995085995086,0.004914004914,0.040404040404,0.979381443299,0.959595959596,0.969387755102,0.962112804111,0.954681954682,0.940594059406,8,10,0,23,23,23,1,0,8,0,0.0386050732335,0,0,1,3.88826011686,0,16,NaN,1,ok,2.18974518502,0,23,23,23,1,0,8,0,0.0257941824026,0,0,1,3.66632686348,0,16,NaN,1,ok,2.08569830978,0,23,23,23,1,0,8,0,0.0359649889251,0,0,1,3.70300567643,0,16,NaN,1,ok,2.11688064229,0,0,0,0
806,WLNM_dir_neg,0.95,0.661047979798,00:00:01,10,90,6,512802452,fixed,validated_v2,/gpfs/scratch/acw792/wlnm_roleonly_v2_20260910/result_wlnm_dir_neg_roleonly_trophicv2_100x290_train10-90_Apocrita_20260910_011848/ecological_snapshots/Broadstone_Stream_tax_mass_K10_ratio0.9_exp6_seed512802452_threshold0.5_validated_v2.mat,role_only,2,uniform_without_replacement,uniform_remaining_nonlinks,176,0,176,407,198,198,176,22,0,22,0.111111111111,178,20,0.5,0.833333333333,1,0.909090909091,10,2,0,18,1,0.9,0.1,0,0.833333333333,1,0.909090909091,0.933333333333,0.533333333333,0.857142857143,0.866025403784,0.9,99,89,10,0,99,0,89,0,10,23,99,0.195652173913,2.18974518502,8.60869565217,6.6,4.5,4.59979377438,0.534319478842,0.291611769873,4.28989068105,0.996641269334,0.541062801932,2.91445898002,0.677096530713,0.355731225296,1.07629584498,0.491516479791,2.88826011686,2.18974518502,1.07629584498,2.88826011686,0.351612638569,0.458912768647,121,0.0683229813665,0.291765337837,23,23,23,1,0,0.347826086957,0.608695652174,0.0434782608696,23,0.175889328063,2.18389193023,7.73913043478,5.93333333333,4.04545454545,4.09231420753,0.528782172883,0.289692232535,3.94627958078,1.0198250602,0.550073277968,2.58147857255,0.667123676053,0.352711284807,1.09022720673,0.499212983776,2.93709150327,2.18389193023,1.09022720673,2.93709150327,0.301030853205,0.392744479495,83,0.046866177301,0.25522941733,23,23,23,1,0,0.347826086957,0.608695652174,0.0434782608696,23,101,0.199604743083,2.20935703398,8.78260869565,6.73333333333,4.39130434783,4.81433958219,0.54816737817,0.299612569953,4.40804151971,1.00381143518,0.544123977615,2.80809107653,0.639466284754,0.331467929402,1.10100780006,0.498338558743,2.99252980957,2.20935703398,1.10100780006,2.99252980957,0.362334284073,0.476600985222,129,0.072840203275,0.286892185001,23,23,23,1,0,0.347826086957,0.652173913043,0,2,0.00395256916996,0.0196118489515,0.173913043478,0.133333333333,-0.108695652174,0.214545807814,0.0138478993284,0.00800080008001,0.118150838667,0.00717016584827,0.00306117568279,-0.106367903497,-0.0376302459591,-0.0242632958948,0.0247119550772,0.00682207895174,0.104269692717,0.0196118489515,0.0247119550772,0.104269692717,0.0107216455043,0.0176882165744,8,0.00451722190853,-0.00487315283534,0,0.0434782608696,-0.0434782608696,99,2,0,405,1,0.995085995086,0.004914004914,0,0.980198019802,1,0.99,0.987613953889,0.995085995086,0.980198019802,12,10,0,23,23,23,1,0,8,0,0.0386050732335,0,0,1,3.88826011686,0,16,NaN,1,ok,2.18974518502,0,23,23,23,1,0,8,0,0.0372962622305,0,0,1,3.93709150327,0,16,NaN,1,ok,2.18389193023,0,23,23,23,1,0,8,0,0.0388126553331,0,0,1,3.99252980957,0,16,NaN,1,ok,2.20935703398,0,0,0,0
807,WLNM_dir_neg,0.955,0.667557720058,00:00:00,10,90,7,512802453,fixed,validated_v2,/gpfs/scratch/acw792/wlnm_roleonly_v2_20260910/result_wlnm_dir_neg_roleonly_trophicv2_100x290_train10-90_Apocrita_20260910_011848/ecological_snapshots/Broadstone_Stream_tax_mass_K10_ratio0.9_exp7_seed512802453_threshold0.5_validated_v2.mat,role_only,2,uniform_without_replacement,uniform_remaining_nonlinks,176,0,176,407,198,198,176,22,0,22,0.111111111111,178,20,0.5,0.909090909091,1,0.952380952381,10,1,0,19,1,0.95,0.05,0,0.909090909091,1,0.952380952381,0.966666666667,0.544444444444,0.926829268293,0.929320377285,0.95,99,89,10,0,99,0,89,0,10,23,99,0.195652173913,2.18974518502,8.60869565217,6.6,4.5,4.59979377438,0.534319478842,0.291611769873,4.28989068105,0.996641269334,0.541062801932,2.91445898002,0.677096530713,0.355731225296,1.07629584498,0.491516479791,2.88826011686,2.18974518502,1.07629584498,2.88826011686,0.351612638569,0.458912768647,121,0.0683229813665,0.291765337837,23,23,23,1,0,0.347826086957,0.608695652174,0.0434782608696,23,0.175889328063,2.18784466214,7.73913043478,5.93333333333,4.04545454545,3.89892049517,0.503793097691,0.276990718124,3.84121604592,0.992673809621,0.536394723986,2.58147857255,0.667123676053,0.344894968246,1.07589059498,0.491758219219,2.88679610398,2.18784466214,1.07589059498,2.88679610398,0.309237139672,0.377916018663,81,0.0457368718238,0.242275713704,23,23,23,1,0,0.347826086957,0.608695652174,0.0434782608696,23,100,0.197628458498,2.20691659339,8.69565217391,6.66666666667,4.54545454545,4.74279149302,0.545421021697,0.296956521739,4.35481651479,1.0016077984,0.54347826087,2.90154654142,0.667355704526,0.353043478261,1.09641119792,0.496806812368,2.92174129106,2.20691659339,1.09641119792,2.92174129106,0.351612638569,0.458912768647,121,0.0683229813665,0.291765925484,23,23,23,1,0,0.347826086957,0.608695652174,0.0434782608696,1,0.00197628458498,0.0171714083606,0.0869565217391,0.0666666666667,0.0454545454545,0.142997718641,0.0111015428553,0.00534475186649,0.0649258337408,0.00496652906703,0.0024154589372,-0.0129124386063,-0.00974082618657,-0.00268774703557,0.0201153529394,0.00529033257713,0.0334811742022,0.0171714083606,0.0201153529394,0.0334811742022,0,0,0,0,5.87647646433e-07,0,0,0,99,1,0,406,1,0.997542997543,0.002457002457,0,0.99,1,0.994974874372,0.993764342069,0.997542997543,0.99,11,10,0,23,23,23,1,0,8,0,0.0386050732335,0,0,1,3.88826011686,0,16,NaN,1,ok,2.18974518502,0,23,23,23,1,0,8,0,0.0325158580554,0,0,1,3.88679610398,0,16,NaN,1,ok,2.18784466214,0,23,23,23,1,0,8,0,0.0387714661915,0,0,1,3.92174129106,0,16,NaN,1,ok,2.20691659339,0,0,0,0
808,WLNM_dir_neg,1,0.8,00:00:01,10,90,8,512802454,fixed,validated_v2,/gpfs/scratch/acw792/wlnm_roleonly_v2_20260910/result_wlnm_dir_neg_roleonly_trophicv2_100x290_train10-90_Apocrita_20260910_011848/ecological_snapshots/Broadstone_Stream_tax_mass_K10_ratio0.9_exp8_seed512802454_threshold0.5_validated_v2.mat,role_only,2,uniform_without_replacement,uniform_remaining_nonlinks,176,0,176,407,198,198,176,22,0,22,0.111111111111,178,20,0.5,1,1,1,10,0,0,20,1,1,0,0,1,1,1,1,0.555555555556,1,1,1,99,89,10,0,99,0,89,0,10,23,99,0.195652173913,2.18974518502,8.60869565217,6.6,4.5,4.59979377438,0.534319478842,0.291611769873,4.28989068105,0.996641269334,0.541062801932,2.91445898002,0.677096530713,0.355731225296,1.07629584498,0.491516479791,2.88826011686,2.18974518502,1.07629584498,2.88826011686,0.351612638569,0.458912768647,121,0.0683229813665,0.291765337837,23,23,23,1,0,0.347826086957,0.608695652174,0.0434782608696,23,0.175889328063,2.18570330533,7.73913043478,5.93333333333,4.04545454545,4.21272305915,0.544340620003,0.298974108451,3.84121604592,0.992673809621,0.538348803127,2.84931168444,0.736338974631,0.385930630191,1.06624727726,0.487828002391,2.80418514571,2.18570330533,1.06624727726,2.80418514571,0.34714326078,0.418918918919,93,0.0525127046866,0.266278240123,23,23,23,1,0,0.347826086957,0.608695652174,0.0434782608696,23,99,0.195652173913,2.18974518502,8.60869565217,6.6,4.5,4.59979377438,0.534319478842,0.291611769873,4.28989068105,0.996641269334,0.541062801932,2.91445898002,0.677096530713,0.355731225296,1.07629584498,0.491516479791,2.88826011686,2.18974518502,1.07629584498,2.88826011686,0.351612638569,0.458912768647,121,0.0683229813665,0.291765337837,23,23,23,1,0,0.347826086957,0.608695652174,0.0434782608696,0,0,0,0,0,0,0,0,0,0,0,0,0,0,0,0,0,0,0,0,0,0,0,0,0,0,0,0,0,99,0,0,407,1,1,0,0,1,1,1,1,1,1,10,10,0,23,23,23,1,0,8,0,0.0386050732335,0,0,1,3.88826011686,0,16,NaN,1,ok,2.18974518502,0,23,23,23,1,0,8,0,0.038801315215,0,0,1,3.80418514571,0,16,NaN,1,ok,2.18570330533,0,23,23,23,1,0,8,0,0.0386050732335,0,0,1,3.88826011686,0,16,NaN,1,ok,2.18974518502,0,0,0,0
809,WLNM_dir_neg,0.96,0.768926767677,00:00:00,10,90,9,512802455,fixed,validated_v2,/gpfs/scratch/acw792/wlnm_roleonly_v2_20260910/result_wlnm_dir_neg_roleonly_trophicv2_100x290_train10-90_Apocrita_20260910_011848/ecological_snapshots/Broadstone_Stream_tax_mass_K10_ratio0.9_exp9_seed512802455_threshold0.5_validated_v2.mat,role_only,2,uniform_without_replacement,uniform_remaining_nonlinks,176,0,176,407,198,198,176,22,0,22,0.111111111111,178,20,0.5,0.909090909091,1,0.952380952381,10,1,0,19,1,0.95,0.05,0,0.909090909091,1,0.952380952381,0.966666666667,0.544444444444,0.926829268293,0.929320377285,0.95,99,89,10,0,99,0,89,0,10,23,99,0.195652173913,2.18974518502,8.60869565217,6.6,4.5,4.59979377438,0.534319478842,0.291611769873,4.28989068105,0.996641269334,0.541062801932,2.91445898002,0.677096530713,0.355731225296,1.07629584498,0.491516479791,2.88826011686,2.18974518502,1.07629584498,2.88826011686,0.351612638569,0.458912768647,121,0.0683229813665,0.291765337837,23,23,23,1,0,0.347826086957,0.608695652174,0.0434782608696,23,0.175889328063,2.18067847082,7.73913043478,5.93333333333,4.2380952381,4.23424772007,0.547121896414,0.300439667807,3.7935872664,0.980365248621,0.532486565706,2.94347271442,0.760672723952,0.395701025892,1.06432625121,0.488071150997,2.88116941775,2.18067847082,1.06432625121,2.88116941775,0.360975135975,0.425925925926,92,0.0519480519481,0.277257781901,23,23,23,1,0,0.347826086957,0.565217391304,0.0869565217391,23,100,0.197628458498,2.19426473583,8.69565217391,6.66666666667,4.34782608696,4.684935069,0.538767532936,0.295217391304,4.35481651479,1.0016077984,0.54347826087,2.85416275978,0.656457434748,0.342608695652,1.08329057647,0.49369183161,2.89788703201,2.19426473583,1.08329057647,2.89788703201,0.351612638569,0.458912768647,121,0.0683229813665,0.289174912389,23,23,23,1,0,0.347826086957,0.652173913043,0,1,0.00197628458498,0.00451955080502,0.0869565217391,0.0666666666667,-0.152173913043,0.0851412946276,0.00444805409376,0.00360562143171,0.0649258337408,0.00496652906703,0.0024154589372,-0.0602962202491,-0.0206390959644,-0.0131225296443,0.00699473148474,0.00217535181825,0.00962691514916,0.00451955080502,0.00699473148474,0.00962691514916,0,0,0,0,-0.00259042544757,0,0.0434782608696,-0.0434782608696,99,1,0,406,1,0.997542997543,0.002457002457,0,0.99,1,0.994974874372,0.993764342069,0.997542997543,0.99,11,10,0,23,23,23,1,0,8,0,0.0386050732335,0,0,1,3.88826011686,0,16,NaN,1,ok,2.18974518502,0,23,23,23,1,0,8,0,0.0381575062803,0,0,1,3.88116941775,0,16,NaN,1,ok,2.18067847082,0,23,23,23,1,0,8,0,0.0386101799287,0,0,1,3.89788703201,0,16,NaN,1,ok,2.19426473583,0,0,0,0
810,WLNM_dir_neg,0.96,0.773391053391,00:00:01,10,90,10,512802456,fixed,validated_v2,/gpfs/scratch/acw792/wlnm_roleonly_v2_20260910/result_wlnm_dir_neg_roleonly_trophicv2_100x290_train10-90_Apocrita_20260910_011848/ecological_snapshots/Broadstone_Stream_tax_mass_K10_ratio0.9_exp10_seed512802456_threshold0.5_validated_v2.mat,role_only,2,uniform_without_replacement,uniform_remaining_nonlinks,176,0,176,407,198,198,176,22,0,22,0.111111111111,178,20,0.5,0.909090909091,1,0.952380952381,10,1,0,19,1,0.95,0.05,0,0.909090909091,1,0.952380952381,0.966666666667,0.544444444444,0.926829268293,0.929320377285,0.95,99,89,10,0,99,0,89,0,10,23,99,0.195652173913,2.18974518502,8.60869565217,6.6,4.5,4.59979377438,0.534319478842,0.291611769873,4.28989068105,0.996641269334,0.541062801932,2.91445898002,0.677096530713,0.355731225296,1.07629584498,0.491516479791,2.88826011686,2.18974518502,1.07629584498,2.88826011686,0.351612638569,0.458912768647,121,0.0683229813665,0.291765337837,23,23,23,1,0,0.347826086957,0.608695652174,0.0434782608696,23,0.175889328063,2.12266145637,7.73913043478,5.93333333333,4.04545454545,4.15842399457,0.537324448736,0.295065950171,3.9115719675,1.01085567699,0.547142159257,2.75193069129,0.711173099995,0.371275036639,1.02705368089,0.48385185391,2.7677770718,2.12266145637,1.02705368089,2.7677770718,0.289393939394,0.403933434191,89,0.0502540937324,0.259933809577,23,23,23,1,0,0.347826086957,0.608695652174,0.0434782608696,23,100,0.197628458498,2.20596108973,8.69565217391,6.66666666667,4.54545454545,4.6263551588,0.532030843262,0.29,4.29173302199,0.987098595057,0.537391304348,2.94816885621,0.678078836929,0.358260869565,1.09281295202,0.495390855763,2.92230036789,2.20596108973,1.09281295202,2.92230036789,0.3623830276,0.47896039604,129,0.072840203275,0.290025490383,23,23,23,1,0,0.347826086957,0.608695652174,0.0434782608696,1,0.00197628458498,0.0162159047072,0.0869565217391,0.0666666666667,0.0454545454545,0.0265613844208,-0.00228863558003,-0.00161176987264,0.00184234094001,-0.00954267427714,-0.00367149758454,0.0337098761884,0.000982306216197,0.00252964426877,0.0165171070395,0.00387437597198,0.0340402510279,0.0162159047072,0.0165171070395,0.0340402510279,0.0107703890313,0.0200476273923,8,0.00451722190853,-0.00173984745413,0,0,0,99,1,0,406,1,0.997542997543,0.002457002457,0,0.99,1,0.994974874372,0.993764342069,0.997542997543,0.99,11,10,0,23,23,23,1,0,8,0,0.0386050732335,0,0,1,3.88826011686,0,16,NaN,1,ok,2.18974518502,0,23,23,23,1,0,8,0,0.0291826055251,0,0,1,3.7677770718,0,16,NaN,1,ok,2.12266145637,0,23,23,23,1,0,8,0,0.0391162375071,0,0,1,3.92230036789,0,16,NaN,1,ok,2.20596108973,0,0,0,0
811,WLNM_dir_neg,1,0.6,00:00:01,10,90,11,512802457,fixed,validated_v2,/gpfs/scratch/acw792/wlnm_roleonly_v2_20260910/result_wlnm_dir_neg_roleonly_trophicv2_100x290_train10-90_Apocrita_20260910_011848/ecological_snapshots/Broadstone_Stream_tax_mass_K10_ratio0.9_exp11_seed512802457_threshold0.5_validated_v2.mat,role_only,2,uniform_without_replacement,uniform_remaining_nonlinks,176,0,176,407,198,198,176,22,0,22,0.111111111111,178,20,0.5,1,0.9,0.947368421053,9,0,1,20,0.9,1,0,0.1,1,0.9,0.947368421053,0.966666666667,0.566666666667,0.923076923077,0.925820099773,0.9,99,89,10,0,99,0,89,0,10,23,99,0.195652173913,2.18974518502,8.60869565217,6.6,4.5,4.59979377438,0.534319478842,0.291611769873,4.28989068105,0.996641269334,0.541062801932,2.91445898002,0.677096530713,0.355731225296,1.07629584498,0.491516479791,2.88826011686,2.18974518502,1.07629584498,2.88826011686,0.351612638569,0.458912768647,121,0.0683229813665,0.291765337837,23,23,23,1,0,0.347826086957,0.608695652174,0.0434782608696,23,0.175889328063,2.19144445892,7.73913043478,5.93333333333,4.2380952381,4.31927383737,0.558108417189,0.307767464582,3.93474439306,1.01684405663,0.550073277968,2.70192436181,0.698250115972,0.374206155349,1.07418670866,0.490172910516,2.9604250077,2.19144445892,1.07418670866,2.9604250077,0.331802738324,0.432392273403,97,0.0547713156409,0.240211581913,23,23,23,1,0,0.347826086957,0.565217391304,0.0869565217391,23,98,0.193675889328,2.18876041067,8.52173913043,6.53333333333,4.66666666667,4.6109510478,0.541080990303,0.293700088731,4.21272305915,0.988700309801,0.537710736469,2.97286808722,0.697713938838,0.368234250222,1.07494087534,0.491118566517,2.88826011686,2.18876041067,1.07494087534,2.88826011686,0.357642840252,0.460051546392,119,0.0671936758893,0.293902644974,23,23,23,1,0,0.347826086957,0.565217391304,0.0869565217391,-1,-0.00197628458498,-0.000984774354575,-0.0869565217391,-0.0666666666667,0.166666666667,0.0111572734239,0.0067615114614,0.00208831885851,-0.0771676218939,-0.00794095953291,-0.00335206546387,0.058409107199,0.0206174081254,0.0125030249254,-0.00135496964536,-0.000397913274093,0,-0.000984774354575,-0.00135496964536,0,0.00603020168238,0.00113877774447,-2,-0.00112930547713,0.00213730713731,0,-0.0434782608696,0.0434782608696,98,0,1,407,0.989898989899,1,0,0.010101010101,1,0.989898989899,0.994923857868,0.993716643156,0.989898989899,0.989898989899,9,10,0,23,23,23,1,0,8,0,0.0386050732335,0,0,1,3.88826011686,0,16,NaN,1,ok,2.18974518502,0,23,23,23,1,0,8,0,0.0313706437138,0,0,1,3.9604250077,0,16,NaN,1,ok,2.19144445892,0,23,23,23,1,0,8,0,0.0386582027782,0,0,1,3.88826011686,0,16,NaN,1,ok,2.18876041067,0,0,0,0
812,WLNM_dir_neg,0.995,0.790454545455,00:00:01,10,90,12,512802458,fixed,validated_v2,/gpfs/scratch/acw792/wlnm_roleonly_v2_20260910/result_wlnm_dir_neg_roleonly_trophicv2_100x290_train10-90_Apocrita_20260910_011848/ecological_snapshots/Broadstone_Stream_tax_mass_K10_ratio0.9_exp12_seed512802458_threshold0.5_validated_v2.mat,role_only,2,uniform_without_replacement,uniform_remaining_nonlinks,176,0,176,407,198,198,176,22,0,22,0.111111111111,178,20,0.5,1,0.9,0.947368421053,9,0,1,20,0.9,1,0,0.1,1,0.9,0.947368421053,0.966666666667,0.566666666667,0.923076923077,0.925820099773,0.9,99,89,10,0,99,0,89,0,10,23,99,0.195652173913,2.18974518502,8.60869565217,6.6,4.5,4.59979377438,0.534319478842,0.291611769873,4.28989068105,0.996641269334,0.541062801932,2.91445898002,0.677096530713,0.355731225296,1.07629584498,0.491516479791,2.88826011686,2.18974518502,1.07629584498,2.88826011686,0.351612638569,0.458912768647,121,0.0683229813665,0.291765337837,23,23,23,1,0,0.347826086957,0.608695652174,0.0434782608696,23,0.175889328063,2.1653853442,7.73913043478,5.93333333333,4.2380952381,4.28758664163,0.554014004256,0.303370786517,3.78158634133,0.977263885961,0.532486565706,2.80104441278,0.723865410045,0.38104543234,1.04780760627,0.483889673068,2.8364153058,2.1653853442,1.04780760627,2.8364153058,0.342649774468,0.437593984962,97,0.0547713156409,0.255461005692,23,23,23,1,0,0.347826086957,0.565217391304,0.0869565217391,23,98,0.193675889328,2.18182026437,8.52173913043,6.53333333333,4.45454545455,4.53140120029,0.531746059217,0.288376220053,4.2449691219,0.996268263302,0.540372670807,2.94212958284,0.690499800054,0.364685004437,1.06454308287,0.487915113932,2.79167820798,2.18182026437,1.06454308287,2.79167820798,0.351612638569,0.458912768647,121,0.0683229813665,0.29267868375,23,23,23,1,0,0.347826086957,0.608695652174,0.0434782608696,-1,-0.00197628458498,-0.00792492065235,-0.0869565217391,-0.0666666666667,-0.0454545454545,-0.0683925740921,-0.00257341962466,-0.0032355498194,-0.0449215591513,-0.000373006032105,-0.000690131124914,0.0276706028141,0.0134032693412,0.00895377914011,-0.0117527621135,-0.00360136585959,-0.0965819088732,-0.00792492065235,-0.0117527621135,-0.0965819088732,0,0,0,0,0.000913345913346,0,0,0,98,0,1,407,0.989898989899,1,0,0.010101010101,1,0.989898989899,0.994923857868,0.993716643156,0.989898989899,0.989898989899,9,10,0,23,23,23,1,0,8,0,0.0386050732335,0,0,1,3.88826011686,0,16,NaN,1,ok,2.18974518502,0,23,23,23,1,0,8,0,0.0313301270974,0,0,1,3.8364153058,0,16,NaN,1,ok,2.1653853442,0,23,23,23,1,0,8,0,0.0385754046201,0,0,1,3.79167820798,0,16,NaN,1,ok,2.18182026437,0,0,0,0
813,WLNM_dir_neg,0.895,0.646626151626,00:00:00,10,90,13,512802459,fixed,validated_v2,/gpfs/scratch/acw792/wlnm_roleonly_v2_20260910/result_wlnm_dir_neg_roleonly_trophicv2_100x290_train10-90_Apocrita_20260910_011848/ecological_snapshots/Broadstone_Stream_tax_mass_K10_ratio0.9_exp13_seed512802459_threshold0.5_validated_v2.mat,role_only,2,uniform_without_replacement,uniform_remaining_nonlinks,176,0,176,407,198,198,176,22,0,22,0.111111111111,178,20,0.5,0.666666666667,0.8,0.727272727273,8,4,2,16,0.8,0.8,0.2,0.2,0.666666666667,0.8,0.727272727273,0.8,0.533333333333,0.571428571429,0.57735026919,0.6,99,89,10,0,99,0,89,0,10,23,99,0.195652173913,2.18974518502,8.60869565217,6.6,4.5,4.59979377438,0.534319478842,0.291611769873,4.28989068105,0.996641269334,0.541062801932,2.91445898002,0.677096530713,0.355731225296,1.07629584498,0.491516479791,2.88826011686,2.18974518502,1.07629584498,2.88826011686,0.351612638569,0.458912768647,121,0.0683229813665,0.291765337837,23,23,23,1,0,0.347826086957,0.608695652174,0.0434782608696,23,0.175889328063,2.13362953216,7.73913043478,5.93333333333,4.04545454545,4.30873733144,0.556746958556,0.305813385442,4.09327994541,1.05781391848,0.5686370298,2.45513095052,0.634472043392,0.340986809966,1.03640028581,0.485745191557,2.7648710748,2.13362953216,1.03640028581,2.7648710748,0.331794533968,0.42523364486,91,0.0513833992095,0.215680808454,23,23,23,1,0,0.347826086957,0.608695652174,0.0434782608696,23,101,0.199604743083,2.2279898272,8.78260869565,6.73333333333,4.59090909091,4.78593129285,0.544932770969,0.298321136461,4.57998740009,1.04296742774,0.558760223848,2.72595488582,0.620762003702,0.332328885062,1.10375865187,0.495405606611,2.95697415865,2.2279898272,1.10375865187,2.95697415865,0.457501194458,0.461254612546,125,0.0705815923207,0.264174613861,23,23,23,1,0,0.347826086957,0.608695652174,0.0434782608696,2,0.00395256916996,0.0382446421769,0.173913043478,0.133333333333,0.0909090909091,0.186137518477,0.0106132921268,0.00670936658883,0.290096719042,0.046326158409,0.0176974219161,-0.188504094204,-0.0563345270112,-0.023402340234,0.0274628068837,0.00388912681925,0.068714041796,0.0382446421769,0.0274628068837,0.068714041796,0.105888555889,0.00234184389884,4,0.00225861095426,-0.0275907239762,0,0,0,97,4,2,403,0.979797979798,0.990171990172,0.00982800982801,0.020202020202,0.960396039604,0.979797979798,0.97,0.962686523503,0.96996996997,0.941747572816,12,10,0,23,23,23,1,0,8,0,0.0386050732335,0,0,1,3.88826011686,0,16,NaN,1,ok,2.18974518502,0,23,23,23,1,0,8,0,0.0357520743854,0,0,1,3.7648710748,0,16,NaN,1,ok,2.13362953216,0,23,23,23,1,0,8,0,0.036564287168,0,0,1,3.95697415865,0,16,NaN,1,ok,2.2279898272,0,0,0,0
814,WLNM_dir_neg,1,0.9,00:00:01,10,90,14,512802460,fixed,validated_v2,/gpfs/scratch/acw792/wlnm_roleonly_v2_20260910/result_wlnm_dir_neg_roleonly_trophicv2_100x290_train10-90_Apocrita_20260910_011848/ecological_snapshots/Broadstone_Stream_tax_mass_K10_ratio0.9_exp14_seed512802460_threshold0.5_validated_v2.mat,role_only,2,uniform_without_replacement,uniform_remaining_nonlinks,176,0,176,407,198,198,176,22,0,22,0.111111111111,178,20,0.5,1,1,1,10,0,0,20,1,1,0,0,1,1,1,1,0.555555555556,1,1,1,99,89,10,0,99,0,89,0,10,23,99,0.195652173913,2.18974518502,8.60869565217,6.6,4.5,4.59979377438,0.534319478842,0.291611769873,4.28989068105,0.996641269334,0.541062801932,2.91445898002,0.677096530713,0.355731225296,1.07629584498,0.491516479791,2.88826011686,2.18974518502,1.07629584498,2.88826011686,0.351612638569,0.458912768647,121,0.0683229813665,0.291765337837,23,23,23,1,0,0.347826086957,0.608695652174,0.0434782608696,23,0.175889328063,2.18718382213,7.73913043478,5.93333333333,4.04545454545,4.23424772007,0.547121896414,0.302393746947,3.88826144634,1.00483160973,0.542256961407,2.70192436181,0.698250115972,0.358573522228,1.07533028837,0.491650622818,2.88931188867,2.18718382213,1.07533028837,2.88931188867,0.300324313368,0.373250388802,80,0.0451722190853,0.26874495719,23,23,23,1,0,0.347826086957,0.608695652174,0.0434782608696,23,99,0.195652173913,2.18974518502,8.60869565217,6.6,4.5,4.59979377438,0.534319478842,0.291611769873,4.28989068105,0.996641269334,0.541062801932,2.91445898002,0.677096530713,0.355731225296,1.07629584498,0.491516479791,2.88826011686,2.18974518502,1.07629584498,2.88826011686,0.351612638569,0.458912768647,121,0.0683229813665,0.291765337837,23,23,23,1,0,0.347826086957,0.608695652174,0.0434782608696,0,0,0,0,0,0,0,0,0,0,0,0,0,0,0,0,0,0,0,0,0,0,0,0,0,0,0,0,0,99,0,0,407,1,1,0,0,1,1,1,1,1,1,10,10,0,23,23,23,1,0,8,0,0.0386050732335,0,0,1,3.88826011686,0,16,NaN,1,ok,2.18974518502,0,23,23,23,1,0,8,0,0.0366745009814,0,0,1,3.88931188867,0,16,NaN,1,ok,2.18718382213,0,23,23,23,1,0,8,0,0.0386050732335,0,0,1,3.88826011686,0,16,NaN,1,ok,2.18974518502,0,0,0,0
815,WLNM_dir_neg,1,0.8,00:00:01,10,90,15,512802461,fixed,validated_v2,/gpfs/scratch/acw792/wlnm_roleonly_v2_20260910/result_wlnm_dir_neg_roleonly_trophicv2_100x290_train10-90_Apocrita_20260910_011848/ecological_snapshots/Broadstone_Stream_tax_mass_K10_ratio0.9_exp15_seed512802461_threshold0.5_validated_v2.mat,role_only,2,uniform_without_replacement,uniform_remaining_nonlinks,176,0,176,407,198,198,176,22,0,22,0.111111111111,178,20,0.5,1,0.9,0.947368421053,9,0,1,20,0.9,1,0,0.1,1,0.9,0.947368421053,0.966666666667,0.566666666667,0.923076923077,0.925820099773,0.9,99,89,10,0,99,0,89,0,10,23,99,0.195652173913,2.18974518502,8.60869565217,6.6,4.5,4.59979377438,0.534319478842,0.291611769873,4.28989068105,0.996641269334,0.541062801932,2.91445898002,0.677096530713,0.355731225296,1.07629584498,0.491516479791,2.88826011686,2.18974518502,1.07629584498,2.88826011686,0.351612638569,0.458912768647,121,0.0683229813665,0.291765337837,23,23,23,1,0,0.347826086957,0.608695652174,0.0434782608696,23,0.175889328063,2.14238471087,7.73913043478,5.93333333333,4.04545454545,4.0476411908,0.523009816789,0.285784074255,3.95778114864,1.02279737549,0.552027357108,2.65097491203,0.685083404231,0.359550561798,1.03538781292,0.483287528922,2.86984986034,2.14238471087,1.03538781292,2.86984986034,0.302317489274,0.406392694064,89,0.0502540937324,0.247396254539,23,23,23,1,0,0.347826086957,0.608695652174,0.0434782608696,23,98,0.193675889328,2.18974518502,8.52173913043,6.53333333333,4.45454545455,4.58128173031,0.53759938672,0.293256433008,4.2556635131,0.998778171443,0.5421472937,2.83191858037,0.664633952536,0.350488021295,1.07629584498,0.491516479791,2.88826011686,2.18974518502,1.07629584498,2.88826011686,0.355477372869,0.469598965071,121,0.0683229813665,0.284212427784,23,23,23,1,0,0.347826086957,0.608695652174,0.0434782608696,-1,-0.00197628458498,0,-0.0869565217391,-0.0666666666667,-0.0454545454545,-0.0185120440652,0.00327990787849,0.00164466313535,-0.0342271679439,0.00213690210841,0.00108449176772,-0.0825403996536,-0.0124625781767,-0.00524320400097,0,0,0,0,0,0,0.00386473429952,0.0106861964239,0,0,-0.00755291005291,0,0,0,98,0,1,407,0.989898989899,1,0,0.010101010101,1,0.989898989899,0.994923857868,0.993716643156,0.989898989899,0.989898989899,9,10,0,23,23,23,1,0,8,0,0.0386050732335,0,0,1,3.88826011686,0,16,NaN,1,ok,2.18974518502,0,23,23,23,1,0,8,0,0.02608347884,0,0,1,3.86984986034,0,16,NaN,1,ok,2.14238471087,0,23,23,23,1,0,8,0,0.0383020953873,0,0,1,3.88826011686,0,16,NaN,1,ok,2.18974518502,0,0,0,0
816,WLNM_dir_neg,0.85,0.775952380952,00:00:01,10,90,16,512802462,fixed,validated_v2,/gpfs/scratch/acw792/wlnm_roleonly_v2_20260910/result_wlnm_dir_neg_roleonly_trophicv2_100x290_train10-90_Apocrita_20260910_011848/ecological_snapshots/Broadstone_Stream_tax_mass_K10_ratio0.9_exp16_seed512802462_threshold0.5_validated_v2.mat,role_only,2,uniform_without_replacement,uniform_remaining_nonlinks,176,0,176,407,198,198,176,22,0,22,0.111111111111,178,20,0.5,1,0.7,0.823529411765,7,0,3,20,0.7,1,0,0.3,1,0.7,0.823529411765,0.9,0.588888888889,0.756756756757,0.780189497605,0.7,99,89,10,0,99,0,89,0,10,23,99,0.195652173913,2.18974518502,8.60869565217,6.6,4.5,4.59979377438,0.534319478842,0.291611769873,4.28989068105,0.996641269334,0.541062801932,2.91445898002,0.677096530713,0.355731225296,1.07629584498,0.491516479791,2.88826011686,2.18974518502,1.07629584498,2.88826011686,0.351612638569,0.458912768647,121,0.0683229813665,0.291765337837,23,23,23,1,0,0.347826086957,0.608695652174,0.0434782608696,23,0.175889328063,2.15599836609,7.73913043478,6.35714285714,4.04545454545,4.52485450599,0.584672211448,0.324377137274,4.09327994541,1.05781391848,0.56765999023,2.54601913558,0.657960001329,0.348803126527,1.11489827483,0.517114619549,2.84039205571,2.15599836609,1.11489827483,2.84039205571,0.375390770845,0.471299093656,104,0.0587238848108,0.243537184463,23,23,23,1,0,0.391304347826,0.565217391304,0.0434782608696,23,96,0.189723320158,2.14264373575,8.34782608696,6.85714285714,4.36363636364,4.70597971301,0.563737153121,0.310688405797,4.38646859323,1.05092476713,0.565217391304,2.65693216653,0.636556664898,0.339673913043,1.09923004054,0.51302511108,2.88826011686,2.14264373575,1.09923004054,2.88826011686,0.380190516554,0.473474801061,119,0.0671936758893,0.268991402371,23,23,23,1,0,0.391304347826,0.565217391304,0.0434782608696,-3,-0.00592885375494,-0.0471014492754,-0.260869565217,0.257142857143,-0.136363636364,0.106185938636,0.0294176742795,0.0190766359245,0.0965779121798,0.0542834977931,0.024154589372,-0.257526813493,-0.0405398658146,-0.016057312253,0.022934195554,0.0215086312885,0,-0.0471014492754,0.022934195554,0,0.028577877985,0.0145620324137,-2,-0.00112930547713,-0.0227739354662,0.0434782608696,-0.0434782608696,0,96,0,3,407,0.969696969697,1,0,0.030303030303,1,0.969696969697,0.984615384615,0.981122635564,0.969696969697,0.969696969697,7,10,0,23,23,23,1,0,8,0,0.0386050732335,0,0,1,3.88826011686,0,16,NaN,1,ok,2.18974518502,0,23,23,23,1,0,9,0,0.0355610781217,0,0,1,3.84039205571,0,16,NaN,1,ok,2.15599836609,0,23,23,23,1,0,9,0,0.0356124834096,0,0,1,3.88826011686,0,16,NaN,1,ok,2.14264373575,0,0,0,0
817,WLNM_dir_neg,0.9225,0.677925685426,00:00:00,10,90,17,512802463,fixed,validated_v2,/gpfs/scratch/acw792/wlnm_roleonly_v2_20260910/result_wlnm_dir_neg_roleonly_trophicv2_100x290_train10-90_Apocrita_20260910_011848/ecological_snapshots/Broadstone_Stream_tax_mass_K10_ratio0.9_exp17_seed512802463_threshold0.5_validated_v2.mat,role_only,2,uniform_without_replacement,uniform_remaining_nonlinks,176,0,176,407,198,198,176,22,0,22,0.111111111111,178,20,0.5,0.818181818182,0.9,0.857142857143,9,2,1,18,0.9,0.9,0.1,0.1,0.818181818182,0.9,0.857142857143,0.9,0.544444444444,0.780487804878,0.782585580871,0.8,99,89,10,0,99,0,89,0,10,23,99,0.195652173913,2.18974518502,8.60869565217,6.6,4.5,4.59979377438,0.534319478842,0.291611769873,4.28989068105,0.996641269334,0.541062801932,2.91445898002,0.677096530713,0.355731225296,1.07629584498,0.491516479791,2.88826011686,2.18974518502,1.07629584498,2.88826011686,0.351612638569,0.458912768647,121,0.0683229813665,0.291765337837,23,23,23,1,0,0.347826086957,0.608695652174,0.0434782608696,23,0.175889328063,2.21972837285,7.73913043478,5.93333333333,4.2380952381,4.4844923834,0.579456881001,0.316072300928,3.75746950421,0.971031444909,0.528578407426,2.94347271442,0.760672723952,0.409379579873,1.11851969543,0.503899355032,2.93889392566,2.21972837285,1.11851969543,2.93889392566,0.351789480361,0.44670846395,95,0.0536420101637,0.281612831613,23,23,23,1,0,0.347826086957,0.565217391304,0.0869565217391,23,100,0.197628458498,2.18754336554,8.69565217391,6.66666666667,4.54545454545,4.76192076037,0.547620887443,0.301304347826,4.33389071109,0.99679486355,0.540869565217,3.00920852856,0.69211796157,0.360869565217,1.07315219663,0.490574136054,2.94969902831,2.18754336554,1.07315219663,2.94969902831,0.37745611876,0.501831501832,137,0.0773574251835,0.29698316234,23,23,23,1,0,0.347826086957,0.608695652174,0.0434782608696,1,0.00197628458498,-0.00220181948782,0.0869565217391,0.0666666666667,0.0454545454545,0.162126985995,0.013301408601,0.00969257795345,0.0440000300404,0.000153594215961,-0.000193236714976,0.0947495485391,0.0150214308569,0.00513833992095,-0.00314364835386,-0.000942343737063,0.0614389114508,-0.00220181948782,-0.00314364835386,0.0614389114508,0.0258434801913,0.0429187331842,16,0.00903444381705,0.00521782450354,0,0,0,98,2,1,405,0.989898989899,0.995085995086,0.004914004914,0.010101010101,0.98,0.989898989899,0.984924623116,0.981253898792,0.984984984985,0.970297029703,11,10,0,23,23,23,1,0,8,0,0.0386050732335,0,0,1,3.88826011686,0,16,NaN,1,ok,2.18974518502,0,23,23,23,1,0,8,0,0.0374524951508,0,0,1,3.93889392566,0,16,NaN,1,ok,2.21972837285,0,23,23,23,1,0,8,0,0.0389933400846,0,0,1,3.94969902831,0,16,NaN,1,ok,2.18754336554,0,0,0,0
818,WLNM_dir_neg,0.985,0.47202020202,00:00:01,10,90,18,512802464,fixed,validated_v2,/gpfs/scratch/acw792/wlnm_roleonly_v2_20260910/result_wlnm_dir_neg_roleonly_trophicv2_100x290_train10-90_Apocrita_20260910_011848/ecological_snapshots/Broadstone_Stream_tax_mass_K10_ratio0.9_exp18_seed512802464_threshold0.5_validated_v2.mat,role_only,2,uniform_without_replacement,uniform_remaining_nonlinks,176,0,176,407,198,198,176,22,0,22,0.111111111111,178,20,0.5,0.818181818182,0.9,0.857142857143,9,2,1,18,0.9,0.9,0.1,0.1,0.818181818182,0.9,0.857142857143,0.9,0.544444444444,0.780487804878,0.782585580871,0.8,99,89,10,0,99,0,89,0,10,23,99,0.195652173913,2.18974518502,8.60869565217,6.6,4.5,4.59979377438,0.534319478842,0.291611769873,4.28989068105,0.996641269334,0.541062801932,2.91445898002,0.677096530713,0.355731225296,1.07629584498,0.491516479791,2.88826011686,2.18974518502,1.07629584498,2.88826011686,0.351612638569,0.458912768647,121,0.0683229813665,0.291765337837,23,23,23,1,0,0.347826086957,0.608695652174,0.0434782608696,23,0.175889328063,2.15811203262,7.73913043478,5.93333333333,4.2380952381,4.35073025536,0.562173010525,0.306790425012,3.82936438858,0.989611021769,0.537371763556,2.89677481828,0.74860472832,0.390815828041,1.04235716213,0.482994926296,2.90687219011,2.15811203262,1.04235716213,2.90687219011,0.360584112857,0.429210134128,96,0.0542066629023,0.270205582622,23,23,23,1,0,0.347826086957,0.565217391304,0.0869565217391,23,100,0.197628458498,2.46853510759,8.69565217391,6.25,4.54545454545,4.5967852661,0.528630305601,0.289565217391,4.20615021186,0.967414548728,0.526956521739,2.97884504239,0.685134359749,0.357391304348,1.22531188683,0.496372072273,4.00353446697,2.46853510759,1.22531188683,4.00353446697,0.354450380537,0.44776119403,120,0.0677583286279,0.263650261775,23,23,23,1,0,0.304347826087,0.652173913043,0.0434782608696,1,0.00197628458498,0.278789922565,0.0869565217391,-0.35,0.0454545454545,-0.00300850827987,-0.0056891732406,-0.00204655248134,-0.0837404691857,-0.029226720606,-0.0141062801932,0.0643860623639,0.00803782903656,0.00166007905138,0.149016041849,0.00485559248139,1.11527435011,0.278789922565,0.149016041849,1.11527435011,0.00283774196818,-0.0111515746174,-1,-0.000564652738566,-0.0281150760615,-0.0434782608696,0.0434782608696,0,98,2,1,405,0.989898989899,0.995085995086,0.004914004914,0.010101010101,0.98,0.989898989899,0.984924623116,0.981253898792,0.984984984985,0.970297029703,11,10,0,23,23,23,1,0,8,0,0.0386050732335,0,0,1,3.88826011686,0,16,NaN,1,ok,2.18974518502,0,23,23,23,1,0,8,0,0.038332269702,0,0,1,3.90687219011,0,16,NaN,1,ok,2.15811203262,0,23,23,23,1,0,7,0,0.0354206755045,0,0,1,5.00353446697,0,16,NaN,1,ok,2.46853510759,0,0,0,0
819,WLNM_dir_neg,0.95,0.775362692863,00:00:01,10,90,19,512802465,fixed,validated_v2,/gpfs/scratch/acw792/wlnm_roleonly_v2_20260910/result_wlnm_dir_neg_roleonly_trophicv2_100x290_train10-90_Apocrita_20260910_011848/ecological_snapshots/Broadstone_Stream_tax_mass_K10_ratio0.9_exp19_seed512802465_threshold0.5_validated_v2.mat,role_only,2,uniform_without_replacement,uniform_remaining_nonlinks,176,0,176,407,198,198,176,22,0,22,0.111111111111,178,20,0.5,0.75,0.9,0.818181818182,9,3,1,17,0.9,0.85,0.15,0.1,0.75,0.9,0.818181818182,0.866666666667,0.533333333333,0.714285714286,0.721687836487,0.75,99,89,10,0,99,0,89,0,10,23,99,0.195652173913,2.18974518502,8.60869565217,6.6,4.5,4.59979377438,0.534319478842,0.291611769873,4.28989068105,0.996641269334,0.541062801932,2.91445898002,0.677096530713,0.355731225296,1.07629584498,0.491516479791,2.88826011686,2.18974518502,1.07629584498,2.88826011686,0.351612638569,0.458912768647,121,0.0683229813665,0.291765337837,23,23,23,1,0,0.347826086957,0.608695652174,0.0434782608696,23,0.175889328063,2.12864568613,7.73913043478,5.93333333333,4.04545454545,3.88724477448,0.502284437153,0.271617000489,3.92317528895,1.01385428816,0.549096238398,2.83331395793,0.7322047307,0.38299951148,1.01106366217,0.474979781164,2.62196134235,2.12864568613,1.01106366217,2.62196134235,0.309081498212,0.399408284024,90,0.0508187464709,0.25797115816,23,23,23,1,0,0.347826086957,0.608695652174,0.0434782608696,23,101,0.199604743083,2.14845482338,8.78260869565,6.73333333333,4.59090909091,4.53227337837,0.51605092922,0.283254412398,4.36659978426,0.994374208297,0.540680154972,2.98083469754,0.678803941024,0.354713732243,1.02420897488,0.476718878951,2.79817986717,2.14845482338,1.02420897488,2.79817986717,0.359600785688,0.457002457002,124,0.0700169395822,0.298795388396,23,23,23,1,0,0.347826086957,0.608695652174,0.0434782608696,2,0.00395256916996,-0.0412903616452,0.173913043478,0.133333333333,0.0909090909091,-0.0675203960068,-0.0182685496214,-0.00835735747488,0.0767091032116,-0.00226706103764,-0.000382646960348,0.0663757175177,0.0017074103117,-0.00101749305365,-0.0520868701044,-0.0147976008401,-0.0900802496893,-0.0412903616452,-0.0520868701044,-0.0900802496893,0.00798814711858,-0.00191031164482,3,0.0016939582157,0.00703005055946,0,0,0,98,3,1,404,0.989898989899,0.992628992629,0.00737100737101,0.010101010101,0.970297029703,0.989898989899,0.98,0.975150238696,0.982527982528,0.960784313725,12,10,0,23,23,23,1,0,8,0,0.0386050732335,0,0,1,3.88826011686,0,16,NaN,1,ok,2.18974518502,0,23,23,23,1,0,8,0,0.0266953760184,0,0,1,3.62196134235,0,16,NaN,1,ok,2.12864568613,0,23,23,23,1,0,8,0,0.0365241883211,0,0,1,3.79817986717,0,16,NaN,1,ok,2.14845482338,0,0,0,0
820,WLNM_dir_neg,1,0.9,00:00:01,10,90,20,512802466,fixed,validated_v2,/gpfs/scratch/acw792/wlnm_roleonly_v2_20260910/result_wlnm_dir_neg_roleonly_trophicv2_100x290_train10-90_Apocrita_20260910_011848/ecological_snapshots/Broadstone_Stream_tax_mass_K10_ratio0.9_exp20_seed512802466_threshold0.5_validated_v2.mat,role_only,2,uniform_without_replacement,uniform_remaining_nonlinks,176,0,176,407,198,198,176,22,0,22,0.111111111111,178,20,0.5,1,1,1,10,0,0,20,1,1,0,0,1,1,1,1,0.555555555556,1,1,1,99,89,10,0,99,0,89,0,10,23,99,0.195652173913,2.18974518502,8.60869565217,6.6,4.5,4.59979377438,0.534319478842,0.291611769873,4.28989068105,0.996641269334,0.541062801932,2.91445898002,0.677096530713,0.355731225296,1.07629584498,0.491516479791,2.88826011686,2.18974518502,1.07629584498,2.88826011686,0.351612638569,0.458912768647,121,0.0683229813665,0.291765337837,23,23,23,1,0,0.347826086957,0.608695652174,0.0434782608696,23,0.175889328063,2.23448796685,7.73913043478,5.93333333333,4.04545454545,4.28758664163,0.554014004256,0.302882266732,4.00345700416,1.03460124827,0.555935515388,2.45513095052,0.634472043392,0.340009770396,1.11971555373,0.501106101416,2.90999552773,2.23448796685,1.11971555373,2.90999552773,0.3487169835,0.42921686747,95,0.0536420101637,0.223551161723,23,23,23,1,0,0.347826086957,0.608695652174,0.0434782608696,23,99,0.195652173913,2.18974518502,8.60869565217,6.6,4.5,4.59979377438,0.534319478842,0.291611769873,4.28989068105,0.996641269334,0.541062801932,2.91445898002,0.677096530713,0.355731225296,1.07629584498,0.491516479791,2.88826011686,2.18974518502,1.07629584498,2.88826011686,0.351612638569,0.458912768647,121,0.0683229813665,0.291765337837,23,23,23,1,0,0.347826086957,0.608695652174,0.0434782608696,0,0,0,0,0,0,0,0,0,0,0,0,0,0,0,0,0,0,0,0,0,0,0,0,0,0,0,0,0,99,0,0,407,1,1,0,0,1,1,1,1,1,1,10,10,0,23,23,23,1,0,8,0,0.0386050732335,0,0,1,3.88826011686,0,16,NaN,1,ok,2.18974518502,0,23,23,23,1,0,8,0,0.0273085033606,0,0,1,3.90999552773,0,16,NaN,1,ok,2.23448796685,0,23,23,23,1,0,8,0,0.0386050732335,0,0,1,3.88826011686,0,16,NaN,1,ok,2.18974518502,0,0,0,0
821,WLNM_dir_neg,1,0.8,00:00:01,10,90,21,512802467,fixed,validated_v2,/gpfs/scratch/acw792/wlnm_roleonly_v2_20260910/result_wlnm_dir_neg_roleonly_trophicv2_100x290_train10-90_Apocrita_20260910_011848/ecological_snapshots/Broadstone_Stream_tax_mass_K10_ratio0.9_exp21_seed512802467_threshold0.5_validated_v2.mat,role_only,2,uniform_without_replacement,uniform_remaining_nonlinks,176,0,176,407,198,198,176,22,0,22,0.111111111111,178,20,0.5,1,0.9,0.947368421053,9,0,1,20,0.9,1,0,0.1,1,0.9,0.947368421053,0.966666666667,0.566666666667,0.923076923077,0.925820099773,0.9,99,89,10,0,99,0,89,0,10,23,99,0.195652173913,2.18974518502,8.60869565217,6.6,4.5,4.59979377438,0.534319478842,0.291611769873,4.28989068105,0.996641269334,0.541062801932,2.91445898002,0.677096530713,0.355731225296,1.07629584498,0.491516479791,2.88826011686,2.18974518502,1.07629584498,2.88826011686,0.351612638569,0.458912768647,121,0.0683229813665,0.291765337837,23,23,23,1,0,0.347826086957,0.608695652174,0.0434782608696,23,0.175889328063,2.14517570422,7.73913043478,5.93333333333,4.04545454545,4.30873733144,0.556746958556,0.305324865657,3.99208703478,1.03166294157,0.556912554958,2.63377274898,0.680637901422,0.362481680508,1.03253116125,0.481327081608,2.76354455324,2.14517570422,1.03253116125,2.76354455324,0.348871418437,0.465892597968,107,0.0604178430265,0.234318176377,23,23,23,1,0,0.347826086957,0.608695652174,0.0434782608696,23,98,0.193675889328,2.18763100506,8.52173913043,6.53333333333,4.45454545455,4.62079848686,0.542236557131,0.294587400177,4.29817499648,1.00875535632,0.546583850932,2.84792414519,0.668390360606,0.351375332742,1.07482949622,0.491321202586,2.88826011686,2.18763100506,1.07482949622,2.88826011686,0.34240349023,0.451737451737,117,0.0660643704122,0.28693471872,23,23,23,1,0,0.347826086957,0.608695652174,0.0434782608696,-1,-0.00197628458498,-0.00211417996188,-0.0869565217391,-0.0666666666667,-0.0454545454545,0.0210047124784,0.00791707828922,0.00297563030482,0.00828431543618,0.0121140869833,0.00552104899931,-0.066534834834,-0.00870617010682,-0.00435589255465,-0.00146634876222,-0.000195277205672,0,-0.00211417996188,-0.00146634876222,0,-0.00920914833958,-0.00717531690983,-4,-0.00225861095426,-0.00483061911633,0,0,0,98,0,1,407,0.989898989899,1,0,0.010101010101,1,0.989898989899,0.994923857868,0.993716643156,0.989898989899,0.989898989899,9,10,0,23,23,23,1,0,8,0,0.0386050732335,0,0,1,3.88826011686,0,16,NaN,1,ok,2.18974518502,0,23,23,23,1,0,8,0,0.0287446339716,0,0,1,3.76354455324,0,16,NaN,1,ok,2.14517570422,0,23,23,23,1,0,8,0,0.0378165273663,0,0,1,3.88826011686,0,16,NaN,1,ok,2.18763100506,0,0,0,0
822,WLNM_dir_neg,1,0.9,00:00:00,10,90,22,512802468,fixed,validated_v2,/gpfs/scratch/acw792/wlnm_roleonly_v2_20260910/result_wlnm_dir_neg_roleonly_trophicv2_100x290_train10-90_Apocrita_20260910_011848/ecological_snapshots/Broadstone_Stream_tax_mass_K10_ratio0.9_exp22_seed512802468_threshold0.5_validated_v2.mat,role_only,2,uniform_without_replacement,uniform_remaining_nonlinks,176,0,176,407,198,198,176,22,0,22,0.111111111111,178,20,0.5,1,1,1,10,0,0,20,1,1,0,0,1,1,1,1,0.555555555556,1,1,1,99,89,10,0,99,0,89,0,10,23,99,0.195652173913,2.18974518502,8.60869565217,6.6,4.5,4.59979377438,0.534319478842,0.291611769873,4.28989068105,0.996641269334,0.541062801932,2.91445898002,0.677096530713,0.355731225296,1.07629584498,0.491516479791,2.88826011686,2.18974518502,1.07629584498,2.88826011686,0.351612638569,0.458912768647,121,0.0683229813665,0.291765337837,23,23,23,1,0,0.347826086957,0.608695652174,0.0434782608696,23,0.175889328063,2.1887303566,7.73913043478,5.93333333333,4.2380952381,4.03639568409,0.521556745698,0.28138739619,3.67181337199,0.948895590515,0.518808011724,2.86522009033,0.740450135702,0.390815828041,1.06889632616,0.488363641018,2.81133866134,2.1887303566,1.06889632616,2.81133866134,0.304201595506,0.399103139013,89,0.0502540937324,0.274626973556,23,23,23,1,0,0.347826086957,0.565217391304,0.0869565217391,23,99,0.195652173913,2.18974518502,8.60869565217,6.6,4.5,4.59979377438,0.534319478842,0.291611769873,4.28989068105,0.996641269334,0.541062801932,2.91445898002,0.677096530713,0.355731225296,1.07629584498,0.491516479791,2.88826011686,2.18974518502,1.07629584498,2.88826011686,0.351612638569,0.458912768647,121,0.0683229813665,0.291765337837,23,23,23,1,0,0.347826086957,0.608695652174,0.0434782608696,0,0,0,0,0,0,0,0,0,0,0,0,0,0,0,0,0,0,0,0,0,0,0,0,0,0,0,0,0,99,0,0,407,1,1,0,0,1,1,1,1,1,1,10,10,0,23,23,23,1,0,8,0,0.0386050732335,0,0,1,3.88826011686,0,16,NaN,1,ok,2.18974518502,0,23,23,23,1,0,8,0,0.0370826892833,0,0,1,3.81133866134,0,16,NaN,1,ok,2.1887303566,0,23,23,23,1,0,8,0,0.0386050732335,0,0,1,3.88826011686,0,16,NaN,1,ok,2.18974518502,0,0,0,0
823,WLNM_dir_neg,1,0.9,00:00:01,10,90,23,512802469,fixed,validated_v2,/gpfs/scratch/acw792/wlnm_roleonly_v2_20260910/result_wlnm_dir_neg_roleonly_trophicv2_100x290_train10-90_Apocrita_20260910_011848/ecological_snapshots/Broadstone_Stream_tax_mass_K10_ratio0.9_exp23_seed512802469_threshold0.5_validated_v2.mat,role_only,2,uniform_without_replacement,uniform_remaining_nonlinks,176,0,176,407,198,198,176,22,0,22,0.111111111111,178,20,0.5,1,0.9,0.947368421053,9,0,1,20,0.9,1,0,0.1,1,0.9,0.947368421053,0.966666666667,0.566666666667,0.923076923077,0.925820099773,0.9,99,89,10,0,99,0,89,0,10,23,99,0.195652173913,2.18974518502,8.60869565217,6.6,4.5,4.59979377438,0.534319478842,0.291611769873,4.28989068105,0.996641269334,0.541062801932,2.91445898002,0.677096530713,0.355731225296,1.07629584498,0.491516479791,2.88826011686,2.18974518502,1.07629584498,2.88826011686,0.351612638569,0.458912768647,121,0.0683229813665,0.291765337837,23,23,23,1,0,0.347826086957,0.608695652174,0.0434782608696,23,0.175889328063,2.25141485345,7.73913043478,5.93333333333,4.2380952381,4.2556635131,0.549889105626,0.303859306302,3.84121604592,0.992673809621,0.539325842697,2.70192436181,0.698250115972,0.367366878359,1.14585296979,0.508947948012,2.94760966876,2.25141485345,1.14585296979,2.94760966876,0.295878035008,0.384615384615,80,0.0451722190853,0.257390544407,23,23,23,1,0,0.347826086957,0.565217391304,0.0869565217391,23,98,0.193675889328,2.19218073873,8.52173913043,6.53333333333,4.66666666667,4.6306249845,0.543389666548,0.296805678793,4.21272305915,0.988700309801,0.537710736469,2.97286808722,0.697713938838,0.368234250222,1.07972839491,0.492536211011,2.88826011686,2.19218073873,1.07972839491,2.88826011686,0.354774693905,0.466580976864,121,0.0683229813665,0.293902644974,23,23,23,1,0,0.347826086957,0.565217391304,0.0869565217391,-1,-0.00197628458498,0.0024355537061,-0.0869565217391,-0.0666666666667,0.166666666667,0.0308312101186,0.00907018770618,0.00519390892062,-0.0771676218939,-0.00794095953291,-0.00335206546387,0.058409107199,0.0206174081254,0.0125030249254,0.00343254992229,0.00101973121961,0,0.0024355537061,0.00343254992229,0,0.00316205533597,0.00766820821647,0,0,0.00213730713731,0,-0.0434782608696,0.0434782608696,98,0,1,407,0.989898989899,1,0,0.010101010101,1,0.989898989899,0.994923857868,0.993716643156,0.989898989899,0.989898989899,9,10,0,23,23,23,1,0,8,0,0.0386050732335,0,0,1,3.88826011686,0,16,NaN,1,ok,2.18974518502,0,23,23,23,1,0,8,0,0.0335095084138,0,0,1,3.94760966876,0,16,NaN,1,ok,2.25141485345,0,23,23,23,1,0,8,0,0.0386670542509,0,0,1,3.88826011686,0,16,NaN,1,ok,2.19218073873,0,0,0,0
824,WLNM_dir_neg,0.985,0.77202020202,00:00:01,10,90,24,512802470,fixed,validated_v2,/gpfs/scratch/acw792/wlnm_roleonly_v2_20260910/result_wlnm_dir_neg_roleonly_trophicv2_100x290_train10-90_Apocrita_20260910_011848/ecological_snapshots/Broadstone_Stream_tax_mass_K10_ratio0.9_exp24_seed512802470_threshold0.5_validated_v2.mat,role_only,2,uniform_without_replacement,uniform_remaining_nonlinks,176,0,176,407,198,198,176,22,0,22,0.111111111111,178,20,0.5,0.818181818182,0.9,0.857142857143,9,2,1,18,0.9,0.9,0.1,0.1,0.818181818182,0.9,0.857142857143,0.9,0.544444444444,0.780487804878,0.782585580871,0.8,99,89,10,0,99,0,89,0,10,23,99,0.195652173913,2.18974518502,8.60869565217,6.6,4.5,4.59979377438,0.534319478842,0.291611769873,4.28989068105,0.996641269334,0.541062801932,2.91445898002,0.677096530713,0.355731225296,1.07629584498,0.491516479791,2.88826011686,2.18974518502,1.07629584498,2.88826011686,0.351612638569,0.458912768647,121,0.0683229813665,0.291765337837,23,23,23,1,0,0.347826086957,0.608695652174,0.0434782608696,23,0.175889328063,2.23246424254,7.73913043478,5.93333333333,4.04545454545,4.05885554072,0.524458862003,0.285784074255,3.88826144634,1.00483160973,0.543234000977,2.473575767,0.63923868136,0.337078651685,1.12203976443,0.502601449577,2.93340106107,2.23246424254,1.12203976443,2.93340106107,0.308723884811,0.40412044374,85,0.0479954827781,0.237476407035,23,23,23,1,0,0.347826086957,0.608695652174,0.0434782608696,23,100,0.197628458498,3.83675315498,8.69565217391,6.25,4.54545454545,4.69462732192,0.539882142021,0.292608695652,4.24915708916,0.977306130507,0.532173913043,2.88583839484,0.663742830812,0.351304347826,2.23646646316,0.582906007455,5.87120375285,3.83675315498,2.23646646316,5.87120375285,0.347429382212,0.457433290978,120,0.0677583286279,0.258798334699,23,23,23,1,0,0.304347826087,0.652173913043,0.0434782608696,1,0.00197628458498,1.64700796995,0.0869565217391,-0.35,0.0454545454545,0.094833547541,0.00556266317879,0.000996925779534,-0.0407335918848,-0.0193351388268,-0.00888888888889,-0.0286205851889,-0.0133536999006,-0.00442687747036,1.16017061817,0.0913895276635,2.98294363599,1.64700796995,1.16017061817,2.98294363599,-0.00418325635717,-0.00147947766888,-1,-0.000564652738566,-0.0329670031377,-0.0434782608696,0.0434782608696,0,98,2,1,405,0.989898989899,0.995085995086,0.004914004914,0.010101010101,0.98,0.989898989899,0.984924623116,0.981253898792,0.984984984985,0.970297029703,11,10,0,23,23,23,1,0,8,0,0.0386050732335,0,0,1,3.88826011686,0,16,NaN,1,ok,2.18974518502,0,23,23,23,1,0,8,0,0.0400974685996,0,0,1,3.93340106107,0,16,NaN,1,ok,2.23246424254,0,23,23,23,1,0,7,0,0.016884926003,0,0,1,6.87120375285,0,16,NaN,1,ok,3.83675315498,0,0,0,0
825,WLNM_dir_neg,1,0.6,00:00:01,10,90,25,512802471,fixed,validated_v2,/gpfs/scratch/acw792/wlnm_roleonly_v2_20260910/result_wlnm_dir_neg_roleonly_trophicv2_100x290_train10-90_Apocrita_20260910_011848/ecological_snapshots/Broadstone_Stream_tax_mass_K10_ratio0.9_exp25_seed512802471_threshold0.5_validated_v2.mat,role_only,2,uniform_without_replacement,uniform_remaining_nonlinks,176,0,176,407,198,198,176,22,0,22,0.111111111111,178,20,0.5,1,0.8,0.888888888889,8,0,2,20,0.8,1,0,0.2,1,0.8,0.888888888889,0.933333333333,0.577777777778,0.842105263158,0.852802865422,0.8,99,89,10,0,99,0,89,0,10,23,99,0.195652173913,2.18974518502,8.60869565217,6.6,4.5,4.59979377438,0.534319478842,0.291611769873,4.28989068105,0.996641269334,0.541062801932,2.91445898002,0.677096530713,0.355731225296,1.07629584498,0.491516479791,2.88826011686,2.18974518502,1.07629584498,2.88826011686,0.351612638569,0.458912768647,121,0.0683229813665,0.291765337837,23,23,23,1,0,0.347826086957,0.608695652174,0.0434782608696,23,0.175889328063,2.2636144622,7.73913043478,5.93333333333,4.2380952381,4.1474788761,0.535910191855,0.296531509526,3.80555034637,0.983456831084,0.535417684416,2.76839874667,0.715428889588,0.376160234489,1.16173343235,0.513220538105,3.07899463407,2.2636144622,1.16173343235,3.07899463407,0.323990260947,0.437304075235,93,0.0525127046866,0.259799577174,23,23,23,1,0,0.347826086957,0.565217391304,0.0869565217391,23,97,0.191699604743,2.19581987002,8.4347826087,6.46666666667,4.61904761905,4.51085646934,0.534792261829,0.292693859256,4.13363720248,0.98014077997,0.533393097266,3.01445791507,0.714768371615,0.379202151502,1.08455980758,0.493920208293,2.89585209765,2.19581987002,1.08455980758,2.89585209765,0.35432538476,0.474103585657,119,0.0671936758893,0.296539273829,23,23,23,1,0,0.347826086957,0.565217391304,0.0869565217391,-2,-0.00395256916996,0.00607468499658,-0.173913043478,-0.133333333333,0.119047619048,-0.0889373050404,0.000472782986789,0.0010820893833,-0.156253478566,-0.0165004893644,-0.00766970466657,0.0999989350474,0.0376718409022,0.0234709262051,0.00826396259245,0.00240372850212,0.00759198079565,0.00607468499658,0.00826396259245,0.00759198079565,0.00271274619101,0.0151908170101,-2,-0.00112930547713,0.00477393599242,0,-0.0434782608696,0.0434782608696,97,0,2,407,0.979797979798,1,0,0.020202020202,1,0.979797979798,0.989795918367,0.987424321977,0.979797979798,0.979797979798,8,10,0,23,23,23,1,0,8,0,0.0386050732335,0,0,1,3.88826011686,0,16,NaN,1,ok,2.18974518502,0,23,23,23,1,0,8,0,0.0371705268832,0,0,1,4.07899463407,0,16,NaN,1,ok,2.2636144622,0,23,23,23,1,0,8,0,0.0381721102572,0,0,1,3.89585209765,0,16,NaN,1,ok,2.19581987002,0,0,0,0
826,WLNM_dir_neg,1,0.8,00:00:01,10,90,26,512802472,fixed,validated_v2,/gpfs/scratch/acw792/wlnm_roleonly_v2_20260910/result_wlnm_dir_neg_roleonly_trophicv2_100x290_train10-90_Apocrita_20260910_011848/ecological_snapshots/Broadstone_Stream_tax_mass_K10_ratio0.9_exp26_seed512802472_threshold0.5_validated_v2.mat,role_only,2,uniform_without_replacement,uniform_remaining_nonlinks,176,0,176,407,198,198,176,22,0,22,0.111111111111,178,20,0.5,1,1,1,10,0,0,20,1,1,0,0,1,1,1,1,0.555555555556,1,1,1,99,89,10,0,99,0,89,0,10,23,99,0.195652173913,2.18974518502,8.60869565217,6.6,4.5,4.59979377438,0.534319478842,0.291611769873,4.28989068105,0.996641269334,0.541062801932,2.91445898002,0.677096530713,0.355731225296,1.07629584498,0.491516479791,2.88826011686,2.18974518502,1.07629584498,2.88826011686,0.351612638569,0.458912768647,121,0.0683229813665,0.291765337837,23,23,23,1,0,0.347826086957,0.608695652174,0.0434782608696,23,0.175889328063,2.26540982621,7.73913043478,5.93333333333,4.04545454545,4.09231420753,0.528782172883,0.294088910601,3.87655362199,1.0018059922,0.542256961407,2.65097491203,0.685083404231,0.355642403517,1.16428132217,0.513938497442,3.04149377593,2.26540982621,1.16428132217,3.04149377593,0.29350721742,0.383177570093,82,0.0463015245624,0.252580226341,23,23,23,1,0,0.347826086957,0.608695652174,0.0434782608696,23,99,0.195652173913,2.18974518502,8.60869565217,6.6,4.5,4.59979377438,0.534319478842,0.291611769873,4.28989068105,0.996641269334,0.541062801932,2.91445898002,0.677096530713,0.355731225296,1.07629584498,0.491516479791,2.88826011686,2.18974518502,1.07629584498,2.88826011686,0.351612638569,0.458912768647,121,0.0683229813665,0.291765337837,23,23,23,1,0,0.347826086957,0.608695652174,0.0434782608696,0,0,0,0,0,0,0,0,0,0,0,0,0,0,0,0,0,0,0,0,0,0,0,0,0,0,0,0,0,99,0,0,407,1,1,0,0,1,1,1,1,1,1,10,10,0,23,23,23,1,0,8,0,0.0386050732335,0,0,1,3.88826011686,0,16,NaN,1,ok,2.18974518502,0,23,23,23,1,0,8,0,0.0391121366668,0,0,1,4.04149377593,0,16,NaN,1,ok,2.26540982621,0,23,23,23,1,0,8,0,0.0386050732335,0,0,1,3.88826011686,0,16,NaN,1,ok,2.18974518502,0,0,0,0
827,WLNM_dir_neg,0.985,0.767992424242,00:00:01,10,90,27,512802473,fixed,validated_v2,/gpfs/scratch/acw792/wlnm_roleonly_v2_20260910/result_wlnm_dir_neg_roleonly_trophicv2_100x290_train10-90_Apocrita_20260910_011848/ecological_snapshots/Broadstone_Stream_tax_mass_K10_ratio0.9_exp27_seed512802473_threshold0.5_validated_v2.mat,role_only,2,uniform_without_replacement,uniform_remaining_nonlinks,176,0,176,407,198,198,176,22,0,22,0.111111111111,178,20,0.5,0.888888888889,0.8,0.842105263158,8,1,2,19,0.8,0.95,0.05,0.2,0.888888888889,0.8,0.842105263158,0.9,0.566666666667,0.769230769231,0.77151674981,0.75,99,89,10,0,99,0,89,0,10,23,99,0.195652173913,2.18974518502,8.60869565217,6.6,4.5,4.59979377438,0.534319478842,0.291611769873,4.28989068105,0.996641269334,0.541062801932,2.91445898002,0.677096530713,0.355731225296,1.07629584498,0.491516479791,2.88826011686,2.18974518502,1.07629584498,2.88826011686,0.351612638569,0.458912768647,121,0.0683229813665,0.291765337837,23,23,23,1,0,0.347826086957,0.608695652174,0.0434782608696,23,0.175889328063,2.15046718754,7.73913043478,5.93333333333,4.04545454545,4.16934038062,0.538734993002,0.298974108451,4.00345700416,1.03460124827,0.557889594529,2.45513095052,0.634472043392,0.333170493405,1.04481224647,0.4858536101,2.80639999279,2.15046718754,1.04481224647,2.80639999279,0.303413253413,0.380877742947,81,0.0457368718238,0.232762132048,23,23,23,1,0,0.347826086957,0.608695652174,0.0434782608696,23,98,0.193675889328,2.26148050055,8.52173913043,6.125,4.45454545455,4.41968288884,0.518636257364,0.284383318545,4.10340647073,0.963044375784,0.52528837622,2.94212958284,0.690499800054,0.35669920142,1.05764666065,0.467678876911,2.92130639957,2.26148050055,1.05764666065,2.92130639957,0.346962699137,0.424083769634,108,0.0609824957651,0.272164039664,23,23,23,1,0,0.304347826087,0.652173913043,0.0434782608696,-1,-0.00197628458498,0.071735315527,-0.0869565217391,-0.475,-0.0454545454545,-0.180110885533,-0.0156832214774,-0.00722845132783,-0.186484210317,-0.0335968935506,-0.0157744257123,0.0276706028141,0.0134032693412,0.000967976123256,-0.0186491843301,-0.0238376028807,0.0330462827094,0.071735315527,-0.0186491843301,0.0330462827094,-0.00464993943255,-0.0348289990138,-13,-0.00734048560136,-0.0196012981727,-0.0434782608696,0.0434782608696,0,97,1,2,406,0.979797979798,0.997542997543,0.002457002457,0.020202020202,0.989795918367,0.979797979798,0.984771573604,0.981110199255,0.977340977341,0.97,9,10,0,23,23,23,1,0,8,0,0.0386050732335,0,0,1,3.88826011686,0,16,NaN,1,ok,2.18974518502,0,23,23,23,1,0,8,0,0.0321468359223,0,0,1,3.80639999279,0,16,NaN,1,ok,2.15046718754,0,23,23,23,1,0,7,0,0.0260186971866,0,0,1,3.92130639957,0,16,NaN,1,ok,2.26148050055,0,0,0,0
828,WLNM_dir_neg,0.9875,0.874343434343,00:00:01,10,90,28,512802474,fixed,validated_v2,/gpfs/scratch/acw792/wlnm_roleonly_v2_20260910/result_wlnm_dir_neg_roleonly_trophicv2_100x290_train10-90_Apocrita_20260910_011848/ecological_snapshots/Broadstone_Stream_tax_mass_K10_ratio0.9_exp28_seed512802474_threshold0.5_validated_v2.mat,role_only,2,uniform_without_replacement,uniform_remaining_nonlinks,176,0,176,407,198,198,176,22,0,22,0.111111111111,178,20,0.5,0.833333333333,1,0.909090909091,10,2,0,18,1,0.9,0.1,0,0.833333333333,1,0.909090909091,0.933333333333,0.533333333333,0.857142857143,0.866025403784,0.9,99,89,10,0,99,0,89,0,10,23,99,0.195652173913,2.18974518502,8.60869565217,6.6,4.5,4.59979377438,0.534319478842,0.291611769873,4.28989068105,0.996641269334,0.541062801932,2.91445898002,0.677096530713,0.355731225296,1.07629584498,0.491516479791,2.88826011686,2.18974518502,1.07629584498,2.88826011686,0.351612638569,0.458912768647,121,0.0683229813665,0.291765337837,23,23,23,1,0,0.347826086957,0.608695652174,0.0434782608696,23,0.175889328063,2.12315625638,7.73913043478,5.93333333333,4.04545454545,4.36116530825,0.563521360054,0.308744504152,4.05982923763,1.04916935355,0.564728871519,2.73536349298,0.706891689197,0.38299951148,1.02332576468,0.481983255641,2.80028169014,2.12315625638,1.02332576468,2.80028169014,0.365981240981,0.461883408072,103,0.0581592320723,0.248082948797,23,23,23,1,0,0.347826086957,0.608695652174,0.0434782608696,23,101,0.199604743083,2.42853207439,8.78260869565,6.3125,4.59090909091,4.55228735452,0.518329748287,0.284545845889,4.31423784942,0.982450203333,0.534653465347,2.90358916507,0.661213374224,0.35213086526,1.16690068971,0.480496305572,3.5741118397,2.42853207439,1.16690068971,3.5741118397,0.365250932642,0.455882352941,124,0.0700169395822,0.257655449806,23,23,23,1,0,0.304347826087,0.652173913043,0.0434782608696,2,0.00395256916996,0.238786889363,0.173913043478,-0.2875,0.0909090909091,-0.0475064198593,-0.0159897305551,-0.0070659239837,0.0243471683699,-0.0141910660016,-0.00640933658583,-0.0108698149521,-0.0158831564883,-0.003600360036,0.0906048447233,-0.0110201742192,0.685851722842,0.238786889363,0.0906048447233,0.685851722842,0.0136382940731,-0.00303041570611,3,0.0016939582157,-0.0341098880306,-0.0434782608696,0.0434782608696,0,99,2,0,405,1,0.995085995086,0.004914004914,0,0.980198019802,1,0.99,0.987613953889,0.995085995086,0.980198019802,12,10,0,23,23,23,1,0,8,0,0.0386050732335,0,0,1,3.88826011686,0,16,NaN,1,ok,2.18974518502,0,23,23,23,1,0,8,0,0.0288478541653,0,0,1,3.80028169014,0,16,NaN,1,ok,2.12315625638,0,23,23,23,1,0,7,0,0.0353463505036,0,0,1,4.5741118397,0,16,NaN,1,ok,2.42853207439,0,0,0,0
829,WLNM_dir_neg,0.97,0.842373737374,00:00:01,10,90,29,512802475,fixed,validated_v2,/gpfs/scratch/acw792/wlnm_roleonly_v2_20260910/result_wlnm_dir_neg_roleonly_trophicv2_100x290_train10-90_Apocrita_20260910_011848/ecological_snapshots/Broadstone_Stream_tax_mass_K10_ratio0.9_exp29_seed512802475_threshold0.5_validated_v2.mat,role_only,2,uniform_without_replacement,uniform_remaining_nonlinks,176,0,176,407,198,198,176,22,0,22,0.111111111111,178,20,0.5,0.875,0.7,0.777777777778,7,1,3,19,0.7,0.95,0.05,0.3,0.875,0.7,0.777777777778,0.866666666667,0.577777777778,0.684210526316,0.692902328156,0.65,99,89,10,0,99,0,89,0,10,23,99,0.195652173913,2.18974518502,8.60869565217,6.6,4.5,4.59979377438,0.534319478842,0.291611769873,4.28989068105,0.996641269334,0.541062801932,2.91445898002,0.677096530713,0.355731225296,1.07629584498,0.491516479791,2.88826011686,2.18974518502,1.07629584498,2.88826011686,0.351612638569,0.458912768647,121,0.0683229813665,0.291765337837,23,23,23,1,0,0.347826086957,0.608695652174,0.0434782608696,23,0.175889328063,2.18824672585,7.73913043478,5.93333333333,4.04545454545,4.55489138983,0.588553381832,0.325354176844,4.02610061548,1.04045296805,0.559843673669,2.76839874667,0.715428889588,0.37713727406,1.07837258365,0.492802100837,2.98522496081,2.18824672585,1.07837258365,2.98522496081,0.380223312041,0.487951807229,108,0.0609824957651,0.246671533415,23,23,23,1,0,0.347826086957,0.608695652174,0.0434782608696,23,97,0.191699604743,2.23292476282,8.4347826087,6.46666666667,4.40909090909,4.58085032754,0.54309050275,0.295383236217,4.19909645843,0.995662046844,0.540564769162,2.85969676935,0.678072429847,0.359480053788,1.12664335683,0.504559479833,2.98000403332,2.23292476282,1.12664335683,2.98000403332,0.35825165173,0.473469387755,116,0.0654997176736,0.278540639255,23,23,23,1,0,0.347826086957,0.608695652174,0.0434782608696,-2,-0.00395256916996,0.0431795777927,-0.173913043478,-0.133333333333,-0.0909090909091,-0.0189434468375,0.00877102390776,0.0037714663443,-0.0907942226179,-0.000979222490142,-0.000498032770556,-0.0547622106714,0.00097589913385,0.0037488284911,0.0503475118511,0.0130430000421,0.0917439164636,0.0431795777927,0.0503475118511,0.0917439164636,0.00663901316075,0.0145566191078,-5,-0.00282326369283,-0.0132246985818,0,0,0,96,1,3,406,0.969696969697,0.997542997543,0.002457002457,0.030303030303,0.989690721649,0.969696969697,0.979591836735,0.974768563044,0.96723996724,0.96,8,10,0,23,23,23,1,0,8,0,0.0386050732335,0,0,1,3.88826011686,0,16,NaN,1,ok,2.18974518502,0,23,23,23,1,0,8,0,0.029726476218,0,0,1,3.98522496081,0,16,NaN,1,ok,2.18824672585,0,23,23,23,1,0,8,0,0.0380147228911,0,0,1,3.98000403332,0,16,NaN,1,ok,2.23292476282,0,0,0,0
830,WLNM_dir_neg,0.995,0.890454545455,00:00:02,10,90,30,512802476,fixed,validated_v2,/gpfs/scratch/acw792/wlnm_roleonly_v2_20260910/result_wlnm_dir_neg_roleonly_trophicv2_100x290_train10-90_Apocrita_20260910_011848/ecological_snapshots/Broadstone_Stream_tax_mass_K10_ratio0.9_exp30_seed512802476_threshold0.5_validated_v2.mat,role_only,2,uniform_without_replacement,uniform_remaining_nonlinks,176,0,176,407,198,198,176,22,0,22,0.111111111111,178,20,0.5,1,0.9,0.947368421053,9,0,1,20,0.9,1,0,0.1,1,0.9,0.947368421053,0.966666666667,0.566666666667,0.923076923077,0.925820099773,0.9,99,89,10,0,99,0,89,0,10,23,99,0.195652173913,2.18974518502,8.60869565217,6.6,4.5,4.59979377438,0.534319478842,0.291611769873,4.28989068105,0.996641269334,0.541062801932,2.91445898002,0.677096530713,0.355731225296,1.07629584498,0.491516479791,2.88826011686,2.18974518502,1.07629584498,2.88826011686,0.351612638569,0.458912768647,121,0.0683229813665,0.291765337837,23,23,23,1,0,0.347826086957,0.608695652174,0.0434782608696,23,0.175889328063,2.21517654282,7.73913043478,5.93333333333,4.04545454545,4.22349910193,0.545733030025,0.300439667807,3.92317528895,1.01385428816,0.547142159257,2.63377274898,0.680637901422,0.362481680508,1.10115115189,0.497094082841,2.9086865097,2.21517654282,1.10115115189,2.9086865097,0.319963852573,0.414125200642,86,0.0485601355167,0.249764560836,23,23,23,1,0,0.347826086957,0.608695652174,0.0434782608696,23,98,0.193675889328,2.18994542,8.52173913043,6.53333333333,4.45454545455,4.57134916645,0.536433830757,0.292812777285,4.2449691219,0.996268263302,0.540372670807,2.91106652284,0.683209490054,0.355811889973,1.07659857161,0.491609773363,2.8912852435,2.18994542,1.07659857161,2.8912852435,0.354092767136,0.452319587629,117,0.0660643704122,0.289821540893,23,23,23,1,0,0.347826086957,0.608695652174,0.0434782608696,-1,-0.00197628458498,0.000200234978404,-0.0869565217391,-0.0666666666667,-0.0454545454545,-0.0284446079295,0.00211435191482,0.00120100741219,-0.0449215591513,-0.000373006032105,-0.000690131124914,-0.00339245718521,0.00611295934136,8.0664676938e-05,0.000302726622442,9.32935720042e-05,0.00302512664273,0.000200234978404,0.000302726622442,0.00302512664273,0.00248012856709,-0.00659318101842,-4,-0.00225861095426,-0.0019437969438,0,0,0,98,0,1,407,0.989898989899,1,0,0.010101010101,1,0.989898989899,0.994923857868,0.993716643156,0.989898989899,0.989898989899,9,10,0,23,23,23,1,0,8,0,0.0386050732335,0,0,1,3.88826011686,0,16,NaN,1,ok,2.18974518502,0,23,23,23,1,0,8,0,0.0392133359096,0,0,1,3.9086865097,0,16,NaN,1,ok,2.21517654282,0,23,23,23,1,0,8,0,0.0386844456971,0,0,1,3.8912852435,0,16,NaN,1,ok,2.18994542,0,0,0,0
831,WLNM_dir_neg,0.985,0.87202020202,00:00:00,10,90,31,512802477,fixed,validated_v2,/gpfs/scratch/acw792/wlnm_roleonly_v2_20260910/result_wlnm_dir_neg_roleonly_trophicv2_100x290_train10-90_Apocrita_20260910_011848/ecological_snapshots/Broadstone_Stream_tax_mass_K10_ratio0.9_exp31_seed512802477_threshold0.5_validated_v2.mat,role_only,2,uniform_without_replacement,uniform_remaining_nonlinks,176,0,176,407,198,198,176,22,0,22,0.111111111111,178,20,0.5,0.888888888889,0.8,0.842105263158,8,1,2,19,0.8,0.95,0.05,0.2,0.888888888889,0.8,0.842105263158,0.9,0.566666666667,0.769230769231,0.77151674981,0.75,99,89,10,0,99,0,89,0,10,23,99,0.195652173913,2.18974518502,8.60869565217,6.6,4.5,4.59979377438,0.534319478842,0.291611769873,4.28989068105,0.996641269334,0.541062801932,2.91445898002,0.677096530713,0.355731225296,1.07629584498,0.491516479791,2.88826011686,2.18974518502,1.07629584498,2.88826011686,0.351612638569,0.458912768647,121,0.0683229813665,0.291765337837,23,23,23,1,0,0.347826086957,0.608695652174,0.0434782608696,23,0.175889328063,2.21969139835,7.73913043478,5.93333333333,4.04545454545,4.32978470286,0.559466562729,0.306301905227,3.88826144634,1.00483160973,0.544211040547,2.59902687779,0.671658631338,0.356619443087,1.11080478414,0.500432080317,2.94681067862,2.21969139835,1.11080478414,2.94681067862,0.322254315733,0.417956656347,90,0.0508187464709,0.236337921338,23,23,23,1,0,0.347826086957,0.608695652174,0.0434782608696,23,98,0.193675889328,2.15890210645,8.52173913043,6.53333333333,4.45454545455,4.3887207208,0.515002941727,0.28083407276,4.15842399457,0.975956651786,0.531499556344,2.92663926566,0.686864317451,0.362023070098,1.0376787924,0.480651155647,2.82167459319,2.15890210645,1.0376787924,2.82167459319,0.342958973394,0.44061302682,115,0.0649350649351,0.291782661783,23,23,23,1,0,0.347826086957,0.608695652174,0.0434782608696,-1,-0.00197628458498,-0.03084307857,-0.0869565217391,-0.0666666666667,-0.0454545454545,-0.211073053573,-0.0193165371147,-0.0107776971131,-0.131466686482,-0.0206846175485,-0.00956324558809,0.0121802856358,0.00976778673813,0.00629184480116,-0.0386170525871,-0.0108653241443,-0.0665855236697,-0.03084307857,-0.0386170525871,-0.0665855236697,-0.0086536651754,-0.0182997418274,-6,-0.00338791643139,1.73239458954e-05,0,0,0,97,1,2,406,0.979797979798,0.997542997543,0.002457002457,0.020202020202,0.989795918367,0.979797979798,0.984771573604,0.981110199255,0.977340977341,0.97,9,10,0,23,23,23,1,0,8,0,0.0386050732335,0,0,1,3.88826011686,0,16,NaN,1,ok,2.18974518502,0,23,23,23,1,0,8,0,0.0346353361313,0,0,1,3.94681067862,0,16,NaN,1,ok,2.21969139835,0,23,23,23,1,0,8,0,0.039196703359,0,0,1,3.82167459319,0,16,NaN,1,ok,2.15890210645,0,0,0,0
832,WLNM_dir_neg,0.865,0.597348577349,00:00:00,10,90,32,512802478,fixed,validated_v2,/gpfs/scratch/acw792/wlnm_roleonly_v2_20260910/result_wlnm_dir_neg_roleonly_trophicv2_100x290_train10-90_Apocrita_20260910_011848/ecological_snapshots/Broadstone_Stream_tax_mass_K10_ratio0.9_exp32_seed512802478_threshold0.5_validated_v2.mat,role_only,2,uniform_without_replacement,uniform_remaining_nonlinks,176,0,176,407,198,198,176,22,0,22,0.111111111111,178,20,0.5,0.888888888889,0.8,0.842105263158,8,1,2,19,0.8,0.95,0.05,0.2,0.888888888889,0.8,0.842105263158,0.9,0.566666666667,0.769230769231,0.77151674981,0.75,99,89,10,0,99,0,89,0,10,23,99,0.195652173913,2.18974518502,8.60869565217,6.6,4.5,4.59979377438,0.534319478842,0.291611769873,4.28989068105,0.996641269334,0.541062801932,2.91445898002,0.677096530713,0.355731225296,1.07629584498,0.491516479791,2.88826011686,2.18974518502,1.07629584498,2.88826011686,0.351612638569,0.458912768647,121,0.0683229813665,0.291765337837,23,23,23,1,0,0.347826086957,0.608695652174,0.0434782608696,23,0.175889328063,2.15755679465,7.73913043478,5.93333333333,4.04545454545,4.2556635131,0.549889105626,0.300928187592,4.12645949746,1.06638840946,0.56961406937,2.63377274898,0.680637901422,0.350757205667,1.07016881737,0.496009569722,2.97179477556,2.15755679465,1.07016881737,2.97179477556,0.324245802507,0.429906542056,92,0.0519480519481,0.239232077446,23,23,23,1,0,0.347826086957,0.608695652174,0.0434782608696,23,98,0.193675889328,2.21135571285,8.52173913043,6.53333333333,4.45454545455,4.49109791413,0.527016591964,0.284383318545,4.2449691219,0.996268263302,0.540372670807,2.91106652284,0.683209490054,0.355811889973,1.106491347,0.500367869614,3.039718588,2.21135571285,1.106491347,3.039718588,0.354311630399,0.466057441253,119,0.0671936758893,0.289821540893,23,23,23,1,0,0.347826086957,0.608695652174,0.0434782608696,-1,-0.00197628458498,0.0216105278247,-0.0869565217391,-0.0666666666667,-0.0454545454545,-0.108695860247,-0.00730288687748,-0.00722845132783,-0.0449215591513,-0.000373006032105,-0.000690131124914,-0.00339245718521,0.00611295934136,8.0664676938e-05,0.0301955020129,0.00885138982224,0.151458471145,0.0216105278247,0.0301955020129,0.151458471145,0.00269899182943,0.00714467260598,-2,-0.00112930547713,-0.0019437969438,0,0,0,97,1,2,406,0.979797979798,0.997542997543,0.002457002457,0.020202020202,0.989795918367,0.979797979798,0.984771573604,0.981110199255,0.977340977341,0.97,9,10,0,23,23,23,1,0,8,0,0.0386050732335,0,0,1,3.88826011686,0,16,NaN,1,ok,2.18974518502,0,23,23,23,1,0,8,0,0.0222441299477,0,0,1,3.97179477556,0,16,NaN,1,ok,2.15755679465,0,23,23,23,1,0,8,0,0.037553122176,0,0,1,4.039718588,0,16,NaN,1,ok,2.21135571285,0,0,0,0
833,WLNM_dir_neg,1,0.9,00:00:01,10,90,33,512802479,fixed,validated_v2,/gpfs/scratch/acw792/wlnm_roleonly_v2_20260910/result_wlnm_dir_neg_roleonly_trophicv2_100x290_train10-90_Apocrita_20260910_011848/ecological_snapshots/Broadstone_Stream_tax_mass_K10_ratio0.9_exp33_seed512802479_threshold0.5_validated_v2.mat,role_only,2,uniform_without_replacement,uniform_remaining_nonlinks,176,0,176,407,198,198,176,22,0,22,0.111111111111,178,20,0.5,1,0.8,0.888888888889,8,0,2,20,0.8,1,0,0.2,1,0.8,0.888888888889,0.933333333333,0.577777777778,0.842105263158,0.852802865422,0.8,99,89,10,0,99,0,89,0,10,23,99,0.195652173913,2.18974518502,8.60869565217,6.6,4.5,4.59979377438,0.534319478842,0.291611769873,4.28989068105,0.996641269334,0.541062801932,2.91445898002,0.677096530713,0.355731225296,1.07629584498,0.491516479791,2.88826011686,2.18974518502,1.07629584498,2.88826011686,0.351612638569,0.458912768647,121,0.0683229813665,0.291765337837,23,23,23,1,0,0.347826086957,0.608695652174,0.0434782608696,23,0.175889328063,2.1339292274,7.73913043478,5.93333333333,4.04545454545,4.35073025536,0.562173010525,0.310698583293,3.85303124856,0.995727176594,0.539325842697,2.84931168444,0.736338974631,0.37811431363,1.02421601998,0.479967192366,2.82600031883,2.1339292274,1.02421601998,2.82600031883,0.323901603447,0.395099540582,86,0.0485601355167,0.274082901226,23,23,23,1,0,0.347826086957,0.608695652174,0.0434782608696,23,97,0.191699604743,2.13635090698,8.4347826087,6.46666666667,4.40909090909,4.48052439054,0.531196190631,0.291349170775,4.30598443753,1.02100661921,0.551322277006,2.79539429223,0.662825450734,0.347826086957,1.02680624438,0.480635573971,2.77540163102,2.13635090698,1.02680624438,2.77540163102,0.341504148026,0.441860465116,114,0.0643704121965,0.28322964073,23,23,23,1,0,0.347826086957,0.608695652174,0.0434782608696,-2,-0.00395256916996,-0.0533942780463,-0.173913043478,-0.133333333333,-0.0909090909091,-0.119269383837,-0.00312328821068,-0.000262599097202,0.0160937564867,0.0243653498749,0.0102594750735,-0.119064687798,-0.0142710799787,-0.00790513833992,-0.0494896006032,-0.0108809058198,-0.112858485833,-0.0533942780463,-0.0494896006032,-0.112858485833,-0.0101084905433,-0.017052303531,-7,-0.00395256916996,-0.00853569710713,0,0,0,97,0,2,407,0.979797979798,1,0,0.020202020202,1,0.979797979798,0.989795918367,0.987424321977,0.979797979798,0.979797979798,8,10,0,23,23,23,1,0,8,0,0.0386050732335,0,0,1,3.88826011686,0,16,NaN,1,ok,2.18974518502,0,23,23,23,1,0,8,0,0.0359199904148,0,0,1,3.82600031883,0,16,NaN,1,ok,2.1339292274,0,23,23,23,1,0,8,0,0.0368498187317,0,0,1,3.77540163102,0,16,NaN,1,ok,2.13635090698,0,0,0,0
834,WLNM_dir_neg,0.96,0.818901098901,00:00:01,10,90,34,512802480,fixed,validated_v2,/gpfs/scratch/acw792/wlnm_roleonly_v2_20260910/result_wlnm_dir_neg_roleonly_trophicv2_100x290_train10-90_Apocrita_20260910_011848/ecological_snapshots/Broadstone_Stream_tax_mass_K10_ratio0.9_exp34_seed512802480_threshold0.5_validated_v2.mat,role_only,2,uniform_without_replacement,uniform_remaining_nonlinks,176,0,176,407,198,198,176,22,0,22,0.111111111111,178,20,0.5,0.888888888889,0.8,0.842105263158,8,1,2,19,0.8,0.95,0.05,0.2,0.888888888889,0.8,0.842105263158,0.9,0.566666666667,0.769230769231,0.77151674981,0.75,99,89,10,0,99,0,89,0,10,23,99,0.195652173913,2.18974518502,8.60869565217,6.6,4.5,4.59979377438,0.534319478842,0.291611769873,4.28989068105,0.996641269334,0.541062801932,2.91445898002,0.677096530713,0.355731225296,1.07629584498,0.491516479791,2.88826011686,2.18974518502,1.07629584498,2.88826011686,0.351612638569,0.458912768647,121,0.0683229813665,0.291765337837,23,23,23,1,0,0.347826086957,0.608695652174,0.0434782608696,23,0.175889328063,2.25834834624,7.73913043478,5.93333333333,4.04545454545,4.3819608656,0.566208426454,0.310210063508,4.05982923763,1.04916935355,0.560820713239,2.54601913558,0.657960001329,0.353688324377,1.15183064611,0.510032319872,3.03544362292,2.25834834624,1.15183064611,3.03544362292,0.330048936571,0.43949044586,92,0.0519480519481,0.232475085605,23,23,23,1,0,0.347826086957,0.608695652174,0.0434782608696,23,98,0.193675889328,2.18492292581,8.52173913043,6.53333333333,4.45454545455,4.48096545215,0.525827578569,0.287488908607,4.30873733144,1.01123427166,0.547471162378,2.81582203893,0.660856192811,0.347826086957,1.06840019535,0.48898758978,2.88074688797,2.18492292581,1.06840019535,2.88074688797,0.346540416106,0.43864229765,112,0.0632411067194,0.283829851288,23,23,23,1,0,0.347826086957,0.608695652174,0.0434782608696,-1,-0.00197628458498,-0.00482225921255,-0.0869565217391,-0.0666666666667,-0.0454545454545,-0.118828322223,-0.00849190027267,-0.00412286126572,0.0188466503881,0.0145930023292,0.00640836044563,-0.0986369410914,-0.0162403379019,-0.00790513833992,-0.00789564963509,-0.00252889001119,-0.00751322889102,-0.00482225921255,-0.00789564963509,-0.00751322889102,-0.00507222246353,-0.0202704709972,-9,-0.00508187464709,-0.00793548654893,0,0,0,97,1,2,406,0.979797979798,0.997542997543,0.002457002457,0.020202020202,0.989795918367,0.979797979798,0.984771573604,0.981110199255,0.977340977341,0.97,9,10,0,23,23,23,1,0,8,0,0.0386050732335,0,0,1,3.88826011686,0,16,NaN,1,ok,2.18974518502,0,23,23,23,1,0,8,0,0.0392370235443,0,0,1,4.03544362292,0,16,NaN,1,ok,2.25834834624,0,23,23,23,1,0,8,0,0.0373601919777,0,0,1,3.88074688797,0,16,NaN,1,ok,2.18492292581,0,0,0,0
835,WLNM_dir_neg,0.9575,0.598391053391,00:00:00,10,90,35,512802481,fixed,validated_v2,/gpfs/scratch/acw792/wlnm_roleonly_v2_20260910/result_wlnm_dir_neg_roleonly_trophicv2_100x290_train10-90_Apocrita_20260910_011848/ecological_snapshots/Broadstone_Stream_tax_mass_K10_ratio0.9_exp35_seed512802481_threshold0.5_validated_v2.mat,role_only,2,uniform_without_replacement,uniform_remaining_nonlinks,176,0,176,407,198,198,176,22,0,22,0.111111111111,178,20,0.5,0.9,0.9,0.9,9,1,1,19,0.9,0.95,0.05,0.1,0.9,0.9,0.9,0.933333333333,0.555555555556,0.85,0.85,0.85,99,89,10,0,99,0,89,0,10,23,99,0.195652173913,2.18974518502,8.60869565217,6.6,4.5,4.59979377438,0.534319478842,0.291611769873,4.28989068105,0.996641269334,0.541062801932,2.91445898002,0.677096530713,0.355731225296,1.07629584498,0.491516479791,2.88826011686,2.18974518502,1.07629584498,2.88826011686,0.351612638569,0.458912768647,121,0.0683229813665,0.291765337837,23,23,23,1,0,0.347826086957,0.608695652174,0.0434782608696,23,0.175889328063,2.1800629998,7.73913043478,5.93333333333,4.04545454545,4.36116530825,0.563521360054,0.305813385442,3.93474439306,1.01684405663,0.551050317538,2.76839874667,0.715428889588,0.375183194919,1.06508257124,0.488555868036,2.86787895518,2.1800629998,1.06508257124,2.86787895518,0.303889106063,0.397534668721,86,0.0485601355167,0.251486080058,23,23,23,1,0,0.347826086957,0.608695652174,0.0434782608696,23,99,0.195652173913,2.16818515753,8.60869565217,6.6,4.5,4.55011618668,0.528548849967,0.288537549407,4.26864660912,0.991705777875,0.538427755819,3.03666657266,0.705488193649,0.369784804567,1.0461999239,0.482523330755,2.76520737327,2.16818515753,1.0461999239,2.76520737327,0.36144917884,0.474074074074,128,0.0722755505364,0.299537222815,23,23,23,1,0,0.347826086957,0.608695652174,0.0434782608696,0,0,-0.0215600274989,0,0,0,-0.0496775877009,-0.00577062887435,-0.00307422046552,-0.0212440719312,-0.00493549145877,-0.00263504611331,0.122207592637,0.0283916629358,0.014053579271,-0.0300959210803,-0.00899314903627,-0.123052743586,-0.0215600274989,-0.0300959210803,-0.123052743586,0.00983654027132,0.0151613054268,7,0.00395256916996,0.00777188497777,0,0,0,98,1,1,406,0.989898989899,0.997542997543,0.002457002457,0.010101010101,0.989898989899,0.989898989899,0.989898989899,0.987441987442,0.987441987442,0.98,10,10,0,23,23,23,1,0,8,0,0.0386050732335,0,0,1,3.88826011686,0,16,NaN,1,ok,2.18974518502,0,23,23,23,1,0,8,0,0.0286300633151,0,0,1,3.86787895518,0,16,NaN,1,ok,2.1800629998,0,23,23,23,1,0,8,0,0.0388907889865,0,0,1,3.76520737327,0,16,NaN,1,ok,2.16818515753,0,0,0,0
836,WLNM_dir_neg,0.9125,0.510126540127,00:00:01,10,90,36,512802482,fixed,validated_v2,/gpfs/scratch/acw792/wlnm_roleonly_v2_20260910/result_wlnm_dir_neg_roleonly_trophicv2_100x290_train10-90_Apocrita_20260910_011848/ecological_snapshots/Broadstone_Stream_tax_mass_K10_ratio0.9_exp36_seed512802482_threshold0.5_validated_v2.mat,role_only,2,uniform_without_replacement,uniform_remaining_nonlinks,176,0,176,407,198,198,176,22,0,22,0.111111111111,178,20,0.5,0.769230769231,1,0.869565217391,10,3,0,17,1,0.85,0.15,0,0.769230769231,1,0.869565217391,0.9,0.522222222222,0.790697674419,0.808607540063,0.85,99,89,10,0,99,0,89,0,10,23,99,0.195652173913,2.18974518502,8.60869565217,6.6,4.5,4.59979377438,0.534319478842,0.291611769873,4.28989068105,0.996641269334,0.541062801932,2.91445898002,0.677096530713,0.355731225296,1.07629584498,0.491516479791,2.88826011686,2.18974518502,1.07629584498,2.88826011686,0.351612638569,0.458912768647,121,0.0683229813665,0.291765337837,23,23,23,1,0,0.347826086957,0.608695652174,0.0434782608696,23,0.175889328063,2.23920562562,7.73913043478,5.93333333333,4.04545454545,4.44376367206,0.574194182345,0.315583781143,4.02610061548,1.04045296805,0.559843673669,2.5281029148,0.653329966746,0.346849047386,1.13669928772,0.507635062505,2.98921067575,2.23920562562,1.13669928772,2.98921067575,0.32772058859,0.423137876387,89,0.0502540937324,0.230158041461,23,23,23,1,0,0.347826086957,0.608695652174,0.0434782608696,23,102,0.201581027668,3.98720679525,8.86956521739,6.375,4.63636363636,4.77973323548,0.538891492236,0.292412617221,4.32567479714,0.975397258178,0.530264279625,3.08701219123,0.696090984296,0.365728900256,2.3000431543,0.576855746995,6.08941088178,3.98720679525,2.3000431543,6.08941088178,0.356979011327,0.46265060241,128,0.0722755505364,0.270518615873,23,23,23,1,0,0.304347826087,0.652173913043,0.0434782608696,3,0.00592885375494,1.79746161022,0.260869565217,-0.225,0.136363636364,0.179939461105,0.00457201339393,0.000800847348162,0.0357841160905,-0.0212440111561,-0.0107985223075,0.172553211201,0.0189944535832,0.00999767495931,1.22374730931,0.085339267204,3.20115076492,1.79746161022,1.22374730931,3.20115076492,0.00536637275768,0.00373783376236,7,0.00395256916996,-0.021246721964,-0.0434782608696,0.0434782608696,0,99,3,0,404,1,0.992628992629,0.00737100737101,0,0.970588235294,1,0.985074626866,0.981546749909,0.992628992629,0.970588235294,13,10,0,23,23,23,1,0,8,0,0.0386050732335,0,0,1,3.88826011686,0,16,NaN,1,ok,2.18974518502,0,23,23,23,1,0,8,0,0.0260306608552,0,0,1,3.98921067575,0,16,NaN,1,ok,2.23920562562,0,23,23,23,1,0,7,0,0.0158534424902,0,0,1,7.08941088178,0,16,NaN,1,ok,3.98720679525,0,0,0,0
837,WLNM_dir_neg,1,0.8,00:00:01,10,90,37,512802483,fixed,validated_v2,/gpfs/scratch/acw792/wlnm_roleonly_v2_20260910/result_wlnm_dir_neg_roleonly_trophicv2_100x290_train10-90_Apocrita_20260910_011848/ecological_snapshots/Broadstone_Stream_tax_mass_K10_ratio0.9_exp37_seed512802483_threshold0.5_validated_v2.mat,role_only,2,uniform_without_replacement,uniform_remaining_nonlinks,176,0,176,407,198,198,176,22,0,22,0.111111111111,178,20,0.5,1,0.9,0.947368421053,9,0,1,20,0.9,1,0,0.1,1,0.9,0.947368421053,0.966666666667,0.566666666667,0.923076923077,0.925820099773,0.9,99,89,10,0,99,0,89,0,10,23,99,0.195652173913,2.18974518502,8.60869565217,6.6,4.5,4.59979377438,0.534319478842,0.291611769873,4.28989068105,0.996641269334,0.541062801932,2.91445898002,0.677096530713,0.355731225296,1.07629584498,0.491516479791,2.88826011686,2.18974518502,1.07629584498,2.88826011686,0.351612638569,0.458912768647,121,0.0683229813665,0.291765337837,23,23,23,1,0,0.347826086957,0.608695652174,0.0434782608696,23,0.175889328063,2.23455418806,7.73913043478,5.93333333333,4.04545454545,4.57480641721,0.591126671887,0.322911577919,3.9115719675,1.01085567699,0.546165119687,2.68504863383,0.693888972786,0.372252076209,1.13162626258,0.506421490527,3.08843443129,2.23455418806,1.13162626258,3.08843443129,0.361585636586,0.46261682243,99,0.055900621118,0.248301190717,23,23,23,1,0,0.347826086957,0.608695652174,0.0434782608696,23,98,0.193675889328,2.18974518502,8.52173913043,6.53333333333,4.45454545455,4.57134916645,0.536433830757,0.292369121562,4.2556635131,0.998778171443,0.5421472937,2.81582203893,0.660856192811,0.349600709849,1.07629584498,0.491516479791,2.88826011686,2.18974518502,1.07629584498,2.88826011686,0.354664900317,0.470207253886,121,0.0683229813665,0.281831475403,23,23,23,1,0,0.347826086957,0.608695652174,0.0434782608696,-1,-0.00197628458498,0,-0.0869565217391,-0.0666666666667,-0.0454545454545,-0.0284446079295,0.00211435191482,0.000757351689029,-0.0342271679439,0.00213690210841,0.00108449176772,-0.0986369410914,-0.0162403379019,-0.00613051544729,0,0,0,0,0,0,0.00305226174791,0.0112944852387,0,0,-0.00993386243386,0,0,0,98,0,1,407,0.989898989899,1,0,0.010101010101,1,0.989898989899,0.994923857868,0.993716643156,0.989898989899,0.989898989899,9,10,0,23,23,23,1,0,8,0,0.0386050732335,0,0,1,3.88826011686,0,16,NaN,1,ok,2.18974518502,0,23,23,23,1,0,8,0,0.0359710725758,0,0,1,4.08843443129,0,16,NaN,1,ok,2.23455418806,0,23,23,23,1,0,8,0,0.0408315280471,0,0,1,3.88826011686,0,16,NaN,1,ok,2.18974518502,0,0,0,0
838,WLNM_dir_neg,0.995,0.890454545455,00:00:00,10,90,38,512802484,fixed,validated_v2,/gpfs/scratch/acw792/wlnm_roleonly_v2_20260910/result_wlnm_dir_neg_roleonly_trophicv2_100x290_train10-90_Apocrita_20260910_011848/ecological_snapshots/Broadstone_Stream_tax_mass_K10_ratio0.9_exp38_seed512802484_threshold0.5_validated_v2.mat,role_only,2,uniform_without_replacement,uniform_remaining_nonlinks,176,0,176,407,198,198,176,22,0,22,0.111111111111,178,20,0.5,0.909090909091,1,0.952380952381,10,1,0,19,1,0.95,0.05,0,0.909090909091,1,0.952380952381,0.966666666667,0.544444444444,0.926829268293,0.929320377285,0.95,99,89,10,0,99,0,89,0,10,23,99,0.195652173913,2.18974518502,8.60869565217,6.6,4.5,4.59979377438,0.534319478842,0.291611769873,4.28989068105,0.996641269334,0.541062801932,2.91445898002,0.677096530713,0.355731225296,1.07629584498,0.491516479791,2.88826011686,2.18974518502,1.07629584498,2.88826011686,0.351612638569,0.458912768647,121,0.0683229813665,0.291765337837,23,23,23,1,0,0.347826086957,0.608695652174,0.0434782608696,23,0.175889328063,2.27547957989,7.73913043478,5.93333333333,4.04545454545,4.26633109682,0.551267501274,0.300928187592,3.92317528895,1.01385428816,0.547142159257,2.5281029148,0.653329966746,0.353688324377,1.16256227058,0.510908680902,3.01342732461,2.27547957989,1.16256227058,3.01342732461,0.317729130773,0.408,85,0.0479954827781,0.239972359573,23,23,23,1,0,0.347826086957,0.608695652174,0.0434782608696,23,100,0.197628458498,4.01979679571,8.69565217391,6.25,4.54545454545,4.67522272302,0.537650613148,0.294347826087,4.24915708916,0.977306130507,0.532173913043,2.90154654142,0.667355704526,0.353043478261,2.33034739929,0.579717711546,6.21730454028,4.01979679571,2.33034739929,6.21730454028,0.363096082661,0.476014760148,129,0.072840203275,0.257609485422,23,23,23,1,0,0.304347826087,0.652173913043,0.0434782608696,1,0.00197628458498,1.83005161068,0.0869565217391,-0.35,0.0454545454545,0.075428948647,0.00333113430599,0.00273605621432,-0.0407335918848,-0.0193351388268,-0.00888888888889,-0.0129124386063,-0.00974082618657,-0.00268774703557,1.2540515543,0.0882012317545,3.32904442343,1.83005161068,1.2540515543,3.32904442343,0.0114834440921,0.0171019915003,8,0.00451722190853,-0.0341558524148,-0.0434782608696,0.0434782608696,0,99,1,0,406,1,0.997542997543,0.002457002457,0,0.99,1,0.994974874372,0.993764342069,0.997542997543,0.99,11,10,0,23,23,23,1,0,8,0,0.0386050732335,0,0,1,3.88826011686,0,16,NaN,1,ok,2.18974518502,0,23,23,23,1,0,8,0,0.035418021459,0,0,1,4.01342732461,0,16,NaN,1,ok,2.27547957989,0,23,23,23,1,0,7,0,0.0204787354695,0,0,1,7.21730454028,0,16,NaN,1,ok,4.01979679571,0,0,0,0
839,WLNM_dir_neg,0.975,0.846821789322,00:00:01,10,90,39,512802485,fixed,validated_v2,/gpfs/scratch/acw792/wlnm_roleonly_v2_20260910/result_wlnm_dir_neg_roleonly_trophicv2_100x290_train10-90_Apocrita_20260910_011848/ecological_snapshots/Broadstone_Stream_tax_mass_K10_ratio0.9_exp39_seed512802485_threshold0.5_validated_v2.mat,role_only,2,uniform_without_replacement,uniform_remaining_nonlinks,176,0,176,407,198,198,176,22,0,22,0.111111111111,178,20,0.5,0.833333333333,1,0.909090909091,10,2,0,18,1,0.9,0.1,0,0.833333333333,1,0.909090909091,0.933333333333,0.533333333333,0.857142857143,0.866025403784,0.9,99,89,10,0,99,0,89,0,10,23,99,0.195652173913,2.18974518502,8.60869565217,6.6,4.5,4.59979377438,0.534319478842,0.291611769873,4.28989068105,0.996641269334,0.541062801932,2.91445898002,0.677096530713,0.355731225296,1.07629584498,0.491516479791,2.88826011686,2.18974518502,1.07629584498,2.88826011686,0.351612638569,0.458912768647,121,0.0683229813665,0.291765337837,23,23,23,1,0,0.347826086957,0.608695652174,0.0434782608696,23,0.175889328063,2.20182313068,7.73913043478,5.93333333333,4.2380952381,4.19108785297,0.541545059653,0.295554469956,3.7935872664,0.980365248621,0.532486565706,2.80104441278,0.723865410045,0.366389838788,1.09205168765,0.495976117444,2.82899911201,2.20182313068,1.09205168765,2.82899911201,0.326469906905,0.390697674419,84,0.0474308300395,0.270341364984,23,23,23,1,0,0.347826086957,0.565217391304,0.0869565217391,23,101,0.199604743083,2.18697679857,8.78260869565,6.73333333333,4.39130434783,4.69967621456,0.535111648193,0.292724924666,4.39771769769,1.00146046581,0.543263021954,2.84028056288,0.646796563825,0.340077486009,1.05930529101,0.484369697794,2.8564816846,2.18697679857,1.05930529101,2.8564816846,0.355833055833,0.453531598513,122,0.068887634105,0.287038832995,23,23,23,1,0,0.347826086957,0.652173913043,0,2,0.00395256916996,-0.00276838645438,0.173913043478,0.133333333333,-0.108695652174,0.0998824401869,0.000792169351151,0.00111315479374,0.107827016647,0.00481919647744,0.002200220022,-0.0741784171417,-0.030299966888,-0.015653739287,-0.016990553978,-0.00714678199761,-0.0317784322529,-0.00276838645438,-0.016990553978,-0.0317784322529,0.0042204172639,-0.00538117013427,1,0.000564652738566,-0.0047265048415,0,0.0434782608696,-0.0434782608696,99,2,0,405,1,0.995085995086,0.004914004914,0,0.980198019802,1,0.99,0.987613953889,0.995085995086,0.980198019802,12,10,0,23,23,23,1,0,8,0,0.0386050732335,0,0,1,3.88826011686,0,16,NaN,1,ok,2.18974518502,0,23,23,23,1,0,8,0,0.0377773969247,0,0,1,3.82899911201,0,16,NaN,1,ok,2.20182313068,0,23,23,23,1,0,8,0,0.0393609734111,0,0,1,3.8564816846,0,16,NaN,1,ok,2.18697679857,0,0,0,0
840,WLNM_dir_neg,0.985,0.867954545455,00:00:00,10,90,40,512802486,fixed,validated_v2,/gpfs/scratch/acw792/wlnm_roleonly_v2_20260910/result_wlnm_dir_neg_roleonly_trophicv2_100x290_train10-90_Apocrita_20260910_011848/ecological_snapshots/Broadstone_Stream_tax_mass_K10_ratio0.9_exp40_seed512802486_threshold0.5_validated_v2.mat,role_only,2,uniform_without_replacement,uniform_remaining_nonlinks,176,0,176,407,198,198,176,22,0,22,0.111111111111,178,20,0.5,0.875,0.7,0.777777777778,7,1,3,19,0.7,0.95,0.05,0.3,0.875,0.7,0.777777777778,0.866666666667,0.577777777778,0.684210526316,0.692902328156,0.65,99,89,10,0,99,0,89,0,10,23,99,0.195652173913,2.18974518502,8.60869565217,6.6,4.5,4.59979377438,0.534319478842,0.291611769873,4.28989068105,0.996641269334,0.541062801932,2.91445898002,0.677096530713,0.355731225296,1.07629584498,0.491516479791,2.88826011686,2.18974518502,1.07629584498,2.88826011686,0.351612638569,0.458912768647,121,0.0683229813665,0.291765337837,23,23,23,1,0,0.347826086957,0.608695652174,0.0434782608696,23,0.175889328063,2.15990319077,7.73913043478,5.93333333333,4.2380952381,4.21272305915,0.544340620003,0.300928187592,3.74535285176,0.967900175174,0.528578407426,2.92798950299,0.756671444594,0.399609184172,1.05641348278,0.489102237216,2.87319899908,2.15990319077,1.05641348278,2.87319899908,0.323061720888,0.42921686747,95,0.0536420101637,0.279567350639,23,23,23,1,0,0.347826086957,0.565217391304,0.0869565217391,23,97,0.191699604743,2.20694234783,8.4347826087,6.46666666667,4.61904761905,4.58085032754,0.54309050275,0.294935006723,4.13363720248,0.98014077997,0.531600179292,3.01445791507,0.714768371615,0.379202151502,1.08544564323,0.491832350898,2.89465900506,2.20694234783,1.08544564323,2.89465900506,0.357326972544,0.465789473684,118,0.0666290231508,0.293064007266,23,23,23,1,0,0.347826086957,0.565217391304,0.0869565217391,-2,-0.00395256916996,0.0171971628072,-0.173913043478,-0.133333333333,0.119047619048,-0.0189434468375,0.00877102390776,0.0033232368508,-0.156253478566,-0.0165004893644,-0.00946262264057,0.0999989350474,0.0376718409022,0.0234709262051,0.00914979824715,0.000315871106671,0.00639888820159,0.0171971628072,0.00914979824715,0.00639888820159,0.0057143339752,0.00687670503693,-3,-0.0016939582157,0.00129866942892,0,-0.0434782608696,0.0434782608696,96,1,3,406,0.969696969697,0.997542997543,0.002457002457,0.030303030303,0.989690721649,0.969696969697,0.979591836735,0.974768563044,0.96723996724,0.96,8,10,0,23,23,23,1,0,8,0,0.0386050732335,0,0,1,3.88826011686,0,16,NaN,1,ok,2.18974518502,0,23,23,23,1,0,8,0,0.0360622516978,0,0,1,3.87319899908,0,16,NaN,1,ok,2.15990319077,0,23,23,23,1,0,8,0,0.0385206914151,0,0,1,3.89465900506,0,16,NaN,1,ok,2.20694234783,0,0,0,0
841,WLNM_dir_neg,0.99,0.782575757576,00:00:01,10,90,41,512802487,fixed,validated_v2,/gpfs/scratch/acw792/wlnm_roleonly_v2_20260910/result_wlnm_dir_neg_roleonly_trophicv2_100x290_train10-90_Apocrita_20260910_011848/ecological_snapshots/Broadstone_Stream_tax_mass_K10_ratio0.9_exp41_seed512802487_threshold0.5_validated_v2.mat,role_only,2,uniform_without_replacement,uniform_remaining_nonlinks,176,0,176,407,198,198,176,22,0,22,0.111111111111,178,20,0.5,1,0.8,0.888888888889,8,0,2,20,0.8,1,0,0.2,1,0.8,0.888888888889,0.933333333333,0.577777777778,0.842105263158,0.852802865422,0.8,99,89,10,0,99,0,89,0,10,23,99,0.195652173913,2.18974518502,8.60869565217,6.6,4.5,4.59979377438,0.534319478842,0.291611769873,4.28989068105,0.996641269334,0.541062801932,2.91445898002,0.677096530713,0.355731225296,1.07629584498,0.491516479791,2.88826011686,2.18974518502,1.07629584498,2.88826011686,0.351612638569,0.458912768647,121,0.0683229813665,0.291765337837,23,23,23,1,0,0.347826086957,0.608695652174,0.0434782608696,23,0.175889328063,2.19314950961,7.73913043478,5.93333333333,4.04545454545,4.20191938074,0.542944639084,0.299951148021,3.81747593701,0.986538725295,0.535417684416,2.92798950299,0.756671444594,0.394723986321,1.08204194194,0.493373542112,3.02159452876,2.19314950961,1.08204194194,3.02159452876,0.334736980192,0.423255813953,91,0.0513833992095,0.276806685378,23,23,23,1,0,0.347826086957,0.608695652174,0.0434782608696,23,97,0.191699604743,2.18358043899,8.4347826087,6.46666666667,4.40909090909,4.43975927845,0.526363213425,0.28686687584,4.14461887423,0.982744681519,0.534289556253,2.9841478415,0.707581446953,0.375616315554,1.06828612288,0.489235983161,2.87531914894,2.18358043899,1.06828612288,2.87531914894,0.35129508173,0.463035019455,119,0.0671936758893,0.29593678808,23,23,23,1,0,0.347826086957,0.608695652174,0.0434782608696,-2,-0.00395256916996,-0.00616474603742,-0.173913043478,-0.133333333333,-0.0909090909091,-0.160034495926,-0.00795626541717,-0.00474489403221,-0.145271806814,-0.013896587815,-0.00677324567957,0.0696888614742,0.0304849162405,0.0198850902571,-0.00800972210375,-0.00228049663009,-0.0129409679217,-0.00616474603742,-0.00800972210375,-0.0129409679217,-0.000317556839296,0.00412225080797,-2,-0.00112930547713,0.00417145024288,0,0,0,97,0,2,407,0.979797979798,1,0,0.020202020202,1,0.979797979798,0.989795918367,0.987424321977,0.979797979798,0.979797979798,8,10,0,23,23,23,1,0,8,0,0.0386050732335,0,0,1,3.88826011686,0,16,NaN,1,ok,2.18974518502,0,23,23,23,1,0,8,0,0.0361149997711,0,0,1,4.02159452876,0,16,NaN,1,ok,2.19314950961,0,23,23,23,1,0,8,0,0.0381909397194,0,0,1,3.87531914894,0,16,NaN,1,ok,2.18358043899,0,0,0,0
842,WLNM_dir_neg,0.9275,0.538524531025,00:00:00,10,90,42,512802488,fixed,validated_v2,/gpfs/scratch/acw792/wlnm_roleonly_v2_20260910/result_wlnm_dir_neg_roleonly_trophicv2_100x290_train10-90_Apocrita_20260910_011848/ecological_snapshots/Broadstone_Stream_tax_mass_K10_ratio0.9_exp42_seed512802488_threshold0.5_validated_v2.mat,role_only,2,uniform_without_replacement,uniform_remaining_nonlinks,176,0,176,407,198,198,176,22,0,22,0.111111111111,178,20,0.5,0.833333333333,1,0.909090909091,10,2,0,18,1,0.9,0.1,0,0.833333333333,1,0.909090909091,0.933333333333,0.533333333333,0.857142857143,0.866025403784,0.9,99,89,10,0,99,0,89,0,10,23,99,0.195652173913,2.18974518502,8.60869565217,6.6,4.5,4.59979377438,0.534319478842,0.291611769873,4.28989068105,0.996641269334,0.541062801932,2.91445898002,0.677096530713,0.355731225296,1.07629584498,0.491516479791,2.88826011686,2.18974518502,1.07629584498,2.88826011686,0.351612638569,0.458912768647,121,0.0683229813665,0.291765337837,23,23,23,1,0,0.347826086957,0.608695652174,0.0434782608696,23,0.175889328063,2.13959144117,7.73913043478,5.93333333333,4.04545454545,3.9337397347,0.508292212911,0.278456277479,3.96924938892,1.02576107804,0.553004396678,2.56381015866,0.662557681451,0.349780166097,1.02523046806,0.479171139094,2.86850097946,2.13959144117,1.02523046806,2.86850097946,0.315708928752,0.41348973607,94,0.0530773574252,0.233907409895,23,23,23,1,0,0.347826086957,0.608695652174,0.0434782608696,23,101,0.199604743083,2.27513847848,8.78260869565,6.73333333333,4.59090909091,4.73820566094,0.539498664365,0.291863969006,4.35617774947,0.992000873642,0.53895824365,2.93473137124,0.668305163748,0.347826086957,1.14595204857,0.503684527079,3.06884050312,2.27513847848,1.14595204857,3.06884050312,0.358290501769,0.467243510507,126,0.0711462450593,0.293956772829,23,23,23,1,0,0.347826086957,0.608695652174,0.0434782608696,2,0.00395256916996,0.0853932934581,0.173913043478,0.133333333333,0.0909090909091,0.138411886564,0.00517918552281,0.000252199132957,0.0662870684231,-0.00464039569245,-0.00210455828192,0.0202723912162,-0.00879136696488,-0.00790513833992,0.0696562035914,0.0121680472881,0.18058038626,0.0853932934581,0.0696562035914,0.18058038626,0.0066778631996,0.00833074185952,5,0.00282326369283,0.00219143499219,0,0,0,99,2,0,405,1,0.995085995086,0.004914004914,0,0.980198019802,1,0.99,0.987613953889,0.995085995086,0.980198019802,12,10,0,23,23,23,1,0,8,0,0.0386050732335,0,0,1,3.88826011686,0,16,NaN,1,ok,2.18974518502,0,23,23,23,1,0,8,0,0.0293416199177,0,0,1,3.86850097946,0,16,NaN,1,ok,2.13959144117,0,23,23,23,1,0,8,0,0.0406882654958,0,0,1,4.06884050312,0,16,NaN,1,ok,2.27513847848,0,0,0,0
843,WLNM_dir_neg,1,0.9,00:00:01,10,90,43,512802489,fixed,validated_v2,/gpfs/scratch/acw792/wlnm_roleonly_v2_20260910/result_wlnm_dir_neg_roleonly_trophicv2_100x290_train10-90_Apocrita_20260910_011848/ecological_snapshots/Broadstone_Stream_tax_mass_K10_ratio0.9_exp43_seed512802489_threshold0.5_validated_v2.mat,role_only,2,uniform_without_replacement,uniform_remaining_nonlinks,176,0,176,407,198,198,176,22,0,22,0.111111111111,178,20,0.5,1,1,1,10,0,0,20,1,1,0,0,1,1,1,1,0.555555555556,1,1,1,99,89,10,0,99,0,89,0,10,23,99,0.195652173913,2.18974518502,8.60869565217,6.6,4.5,4.59979377438,0.534319478842,0.291611769873,4.28989068105,0.996641269334,0.541062801932,2.91445898002,0.677096530713,0.355731225296,1.07629584498,0.491516479791,2.88826011686,2.18974518502,1.07629584498,2.88826011686,0.351612638569,0.458912768647,121,0.0683229813665,0.291765337837,23,23,23,1,0,0.347826086957,0.608695652174,0.0434782608696,23,0.175889328063,2.08619374523,7.73913043478,5.93333333333,4.2380952381,3.86378748833,0.499253439503,0.272594040059,3.87655362199,1.0018059922,0.542256961407,2.68504863383,0.693888972786,0.359550561798,0.976871130391,0.468255229229,2.68421052632,2.08619374523,0.976871130391,2.68421052632,0.318231768232,0.392070484581,89,0.0502540937324,0.253912469417,23,23,23,1,0,0.347826086957,0.565217391304,0.0869565217391,23,99,0.195652173913,2.18974518502,8.60869565217,6.6,4.5,4.59979377438,0.534319478842,0.291611769873,4.28989068105,0.996641269334,0.541062801932,2.91445898002,0.677096530713,0.355731225296,1.07629584498,0.491516479791,2.88826011686,2.18974518502,1.07629584498,2.88826011686,0.351612638569,0.458912768647,121,0.0683229813665,0.291765337837,23,23,23,1,0,0.347826086957,0.608695652174,0.0434782608696,0,0,0,0,0,0,0,0,0,0,0,0,0,0,0,0,0,0,0,0,0,0,0,0,0,0,0,0,0,99,0,0,407,1,1,0,0,1,1,1,1,1,1,10,10,0,23,23,23,1,0,8,0,0.0386050732335,0,0,1,3.88826011686,0,16,NaN,1,ok,2.18974518502,0,23,23,23,1,0,8,0,0.0299881814546,0,0,1,3.68421052632,0,16,NaN,1,ok,2.08619374523,0,23,23,23,1,0,8,0,0.0386050732335,0,0,1,3.88826011686,0,16,NaN,1,ok,2.18974518502,0,0,0,0
844,WLNM_dir_neg,0.98,0.763484848485,00:00:01,10,90,44,512802490,fixed,validated_v2,/gpfs/scratch/acw792/wlnm_roleonly_v2_20260910/result_wlnm_dir_neg_roleonly_trophicv2_100x290_train10-90_Apocrita_20260910_011848/ecological_snapshots/Broadstone_Stream_tax_mass_K10_ratio0.9_exp44_seed512802490_threshold0.5_validated_v2.mat,role_only,2,uniform_without_replacement,uniform_remaining_nonlinks,176,0,176,407,198,198,176,22,0,22,0.111111111111,178,20,0.5,1,0.8,0.888888888889,8,0,2,20,0.8,1,0,0.2,1,0.8,0.888888888889,0.933333333333,0.577777777778,0.842105263158,0.852802865422,0.8,99,89,10,0,99,0,89,0,10,23,99,0.195652173913,2.18974518502,8.60869565217,6.6,4.5,4.59979377438,0.534319478842,0.291611769873,4.28989068105,0.996641269334,0.541062801932,2.91445898002,0.677096530713,0.355731225296,1.07629584498,0.491516479791,2.88826011686,2.18974518502,1.07629584498,2.88826011686,0.351612638569,0.458912768647,121,0.0683229813665,0.291765337837,23,23,23,1,0,0.347826086957,0.608695652174,0.0434782608696,23,0.175889328063,2.20382064074,7.73913043478,5.93333333333,4.2380952381,4.51479780383,0.583372749933,0.319491939424,3.86481033083,0.998771209091,0.543234000977,2.86522009033,0.740450135702,0.393746946751,1.09679700607,0.497679795621,2.90939472707,2.20382064074,1.09679700607,2.90939472707,0.347392758756,0.4640625,99,0.055900621118,0.259245692061,23,23,23,1,0,0.347826086957,0.565217391304,0.0869565217391,23,97,0.191699604743,2.19005177429,8.4347826087,6.46666666667,4.61904761905,4.64979067913,0.551263843401,0.299865531152,4.2206906128,1.00078231025,0.543254146123,2.90699034835,0.689286371257,0.363962348723,1.07824168345,0.492336161231,2.88826011686,2.19005177429,1.07824168345,2.88826011686,0.34543379326,0.45942408377,117,0.0660643704122,0.289019697234,23,23,23,1,0,0.347826086957,0.565217391304,0.0869565217391,-2,-0.00395256916996,0.000306589268958,-0.173913043478,-0.133333333333,0.119047619048,0.0499969047485,0.0169443645597,0.00825376127931,-0.0692000682432,0.00414104091829,0.00219134419045,-0.00746863167866,0.0121898405445,0.0082311234261,0.00194583846903,0.000819681439445,0,0.000306589268958,0.00194583846903,0,-0.00617884530928,0.000511315122352,-4,-0.00225861095426,-0.00274564060278,0,-0.0434782608696,0.0434782608696,97,0,2,407,0.979797979798,1,0,0.020202020202,1,0.979797979798,0.989795918367,0.987424321977,0.979797979798,0.979797979798,8,10,0,23,23,23,1,0,8,0,0.0386050732335,0,0,1,3.88826011686,0,16,NaN,1,ok,2.18974518502,0,23,23,23,1,0,8,0,0.0320483557281,0,0,1,3.90939472707,0,16,NaN,1,ok,2.20382064074,0,23,23,23,1,0,8,0,0.0378775387612,0,0,1,3.88826011686,0,16,NaN,1,ok,2.19005177429,0,0,0,0
845,WLNM_dir_neg,1,0.9,00:00:00,10,90,45,512802491,fixed,validated_v2,/gpfs/scratch/acw792/wlnm_roleonly_v2_20260910/result_wlnm_dir_neg_roleonly_trophicv2_100x290_train10-90_Apocrita_20260910_011848/ecological_snapshots/Broadstone_Stream_tax_mass_K10_ratio0.9_exp45_seed512802491_threshold0.5_validated_v2.mat,role_only,2,uniform_without_replacement,uniform_remaining_nonlinks,176,0,176,407,198,198,176,22,0,22,0.111111111111,178,20,0.5,1,0.9,0.947368421053,9,0,1,20,0.9,1,0,0.1,1,0.9,0.947368421053,0.966666666667,0.566666666667,0.923076923077,0.925820099773,0.9,99,89,10,0,99,0,89,0,10,23,99,0.195652173913,2.18974518502,8.60869565217,6.6,4.5,4.59979377438,0.534319478842,0.291611769873,4.28989068105,0.996641269334,0.541062801932,2.91445898002,0.677096530713,0.355731225296,1.07629584498,0.491516479791,2.88826011686,2.18974518502,1.07629584498,2.88826011686,0.351612638569,0.458912768647,121,0.0683229813665,0.291765337837,23,23,23,1,0,0.347826086957,0.608695652174,0.0434782608696,23,0.175889328063,2.20446339959,7.73913043478,5.93333333333,4.04545454545,4.37157545248,0.564866491051,0.311675622863,4.02610061548,1.04045296805,0.559843673669,2.59902687779,0.671658631338,0.354665363947,1.11305470064,0.504909585182,2.97280966767,2.20446339959,1.11305470064,2.97280966767,0.318398268398,0.42654028436,90,0.0508187464709,0.238244065303,23,23,23,1,0,0.347826086957,0.608695652174,0.0434782608696,23,98,0.193675889328,2.1969709128,8.52173913043,6.53333333333,4.45454545455,4.46063148014,0.5234414492,0.285714285714,4.23424772007,0.993752015935,0.539485359361,2.89541002442,0.67953500573,0.354924578527,1.08469815848,0.493724405799,2.90234899329,2.1969709128,1.08469815848,2.90234899329,0.34299661691,0.446475195822,114,0.0643704121965,0.289596950668,23,23,23,1,0,0.347826086957,0.608695652174,0.0434782608696,-1,-0.00197628458498,0.00722572777985,-0.0869565217391,-0.0666666666667,-0.0454545454545,-0.139162294241,-0.0108780296421,-0.00589748415835,-0.0556429609746,-0.00288925339878,-0.00157744257123,-0.0190489556089,0.00243847501744,-0.00080664676938,0.00840231349956,0.00220792600804,0.0140888764308,0.00722572777985,0.00840231349956,0.0140888764308,-0.0086160216595,-0.0124375728248,-7,-0.00395256916996,-0.00216838716839,0,0,0,98,0,1,407,0.989898989899,1,0,0.010101010101,1,0.989898989899,0.994923857868,0.993716643156,0.989898989899,0.989898989899,9,10,0,23,23,23,1,0,8,0,0.0386050732335,0,0,1,3.88826011686,0,16,NaN,1,ok,2.18974518502,0,23,23,23,1,0,8,0,0.027786957788,0,0,1,3.97280966767,0,16,NaN,1,ok,2.20446339959,0,23,23,23,1,0,8,0,0.0378748142164,0,0,1,3.90234899329,0,16,NaN,1,ok,2.1969709128,0,0,0,0
846,WLNM_dir_neg,0.86,0.762026090868,00:00:00,10,90,46,512802492,fixed,validated_v2,/gpfs/scratch/acw792/wlnm_roleonly_v2_20260910/result_wlnm_dir_neg_roleonly_trophicv2_100x290_train10-90_Apocrita_20260910_011848/ecological_snapshots/Broadstone_Stream_tax_mass_K10_ratio0.9_exp46_seed512802492_threshold0.5_validated_v2.mat,role_only,2,uniform_without_replacement,uniform_remaining_nonlinks,176,0,176,407,198,198,176,22,0,22,0.111111111111,178,20,0.5,1,0.7,0.823529411765,7,0,3,20,0.7,1,0,0.3,1,0.7,0.823529411765,0.9,0.588888888889,0.756756756757,0.780189497605,0.7,99,89,10,0,99,0,89,0,10,23,99,0.195652173913,2.18974518502,8.60869565217,6.6,4.5,4.59979377438,0.534319478842,0.291611769873,4.28989068105,0.996641269334,0.541062801932,2.91445898002,0.677096530713,0.355731225296,1.07629584498,0.491516479791,2.88826011686,2.18974518502,1.07629584498,2.88826011686,0.351612638569,0.458912768647,121,0.0683229813665,0.291765337837,23,23,23,1,0,0.347826086957,0.608695652174,0.0434782608696,23,0.175889328063,2.19238847038,7.73913043478,5.93333333333,4.2380952381,4.682825403,0.605084181286,0.3365901319,3.88826144634,1.00483160973,0.540302882267,2.94347271442,0.760672723952,0.411333659013,1.07977010538,0.492508567696,2.89585209765,2.2465879463,1.0726793218,2.89585209765,0.346904358268,0.47247706422,103,0.0581592320723,0.273476430976,23,22,22,0.95652173913,0,0.304347826087,0.608695652174,0.0434782608696,23,96,0.189723320158,2.18974518502,8.34782608696,6.4,4.57142857143,4.74445796935,0.568346527578,0.312047101449,4.19580064863,1.0052439054,0.544384057971,3.03991886723,0.728313895275,0.388586956522,1.07629584498,0.491516479791,2.88826011686,2.24382451162,1.06916180313,2.88826011686,0.369984308621,0.47889182058,121,0.0683229813665,0.295917554279,23,22,22,0.95652173913,0,0.304347826087,0.608695652174,0.0434782608696,-3,-0.00592885375494,0,-0.260869565217,-0.2,0.0714285714286,0.144664194972,0.0340270487366,0.0204353315766,-0.094090032422,0.00860263606559,0.00332125603865,0.12545988721,0.0512173645622,0.0328557312253,0,0,0,0.054079326592,-0.00713404185342,0,0.0183716700515,0.0199790519332,0,0,0.00415221644213,-0.0434782608696,0,0,96,0,3,407,0.969696969697,1,0,0.030303030303,1,0.969696969697,0.984615384615,0.981122635564,0.969696969697,0.969696969697,7,10,0,23,23,23,1,0,8,0,0.0386050732335,0,0,1,3.88826011686,0,16,NaN,1,ok,2.18974518502,0,23,22,22,0.95652173913,0,7,0,0.0352352331521,0,0,1,3.89585209765,0,16,NaN,1,ok,2.2465879463,0,23,22,22,0.95652173913,0,7,0,0.037511004383,0,0,1,3.88826011686,0,16,NaN,1,ok,2.24382451162,0,0,0,0
847,WLNM_dir_neg,0.965,0.724731379731,00:00:01,10,90,47,512802493,fixed,validated_v2,/gpfs/scratch/acw792/wlnm_roleonly_v2_20260910/result_wlnm_dir_neg_roleonly_trophicv2_100x290_train10-90_Apocrita_20260910_011848/ecological_snapshots/Broadstone_Stream_tax_mass_K10_ratio0.9_exp47_seed512802493_threshold0.5_validated_v2.mat,role_only,2,uniform_without_replacement,uniform_remaining_nonlinks,176,0,176,407,198,198,176,22,0,22,0.111111111111,178,20,0.5,0.818181818182,0.9,0.857142857143,9,2,1,18,0.9,0.9,0.1,0.1,0.818181818182,0.9,0.857142857143,0.9,0.544444444444,0.780487804878,0.782585580871,0.8,99,89,10,0,99,0,89,0,10,23,99,0.195652173913,2.18974518502,8.60869565217,6.6,4.5,4.59979377438,0.534319478842,0.291611769873,4.28989068105,0.996641269334,0.541062801932,2.91445898002,0.677096530713,0.355731225296,1.07629584498,0.491516479791,2.88826011686,2.18974518502,1.07629584498,2.88826011686,0.351612638569,0.458912768647,121,0.0683229813665,0.291765337837,23,23,23,1,0,0.347826086957,0.608695652174,0.0434782608696,23,0.175889328063,2.19865925107,7.73913043478,5.93333333333,4.2380952381,4.16934038062,0.538734993002,0.291157791891,3.81747593701,0.986538725295,0.536394723986,2.80104441278,0.723865410045,0.376160234489,1.07958356991,0.491019046894,2.88972823872,2.19865925107,1.07958356991,2.88972823872,0.335591944288,0.415094339623,88,0.0496894409938,0.259126599358,23,23,23,1,0,0.347826086957,0.565217391304,0.0869565217391,23,100,0.197628458498,2.19673179756,8.69565217391,6.66666666667,4.7619047619,4.70429960596,0.540994454685,0.294782608696,4.3443662123,0.999204228829,0.541739130435,2.94816885621,0.678078836929,0.361739130435,1.06776374569,0.486069235617,2.87388205811,2.19673179756,1.06776374569,2.87388205811,0.370954407911,0.458333333333,121,0.0683229813665,0.290739227888,23,23,23,1,0,0.347826086957,0.565217391304,0.0869565217391,1,0.00197628458498,0.00698661253024,0.0869565217391,0.0666666666667,0.261904761905,0.10450583158,0.00667497584329,0.00317083882301,0.0544755312513,0.00256295949446,0.000676328502416,0.0337098761884,0.000982306216197,0.00600790513834,-0.00853209929073,-0.00544724417454,-0.0143780587483,0.00698661253024,-0.00853209929073,-0.0143780587483,0.0193417693418,-0.000579435313949,0,0,-0.00102610994915,0,-0.0434782608696,0.0434782608696,98,2,1,405,0.989898989899,0.995085995086,0.004914004914,0.010101010101,0.98,0.989898989899,0.984924623116,0.981253898792,0.984984984985,0.970297029703,11,10,0,23,23,23,1,0,8,0,0.0386050732335,0,0,1,3.88826011686,0,16,NaN,1,ok,2.18974518502,0,23,23,23,1,0,8,0,0.0376997928973,0,0,1,3.88972823872,0,16,NaN,1,ok,2.19865925107,0,23,23,23,1,0,8,0,0.0389689617636,0,0,1,3.87388205811,0,16,NaN,1,ok,2.19673179756,0,0,0,0
848,WLNM_dir_neg,1,0.8,00:00:01,10,90,48,512802494,fixed,validated_v2,/gpfs/scratch/acw792/wlnm_roleonly_v2_20260910/result_wlnm_dir_neg_roleonly_trophicv2_100x290_train10-90_Apocrita_20260910_011848/ecological_snapshots/Broadstone_Stream_tax_mass_K10_ratio0.9_exp48_seed512802494_threshold0.5_validated_v2.mat,role_only,2,uniform_without_replacement,uniform_remaining_nonlinks,176,0,176,407,198,198,176,22,0,22,0.111111111111,178,20,0.5,1,0.9,0.947368421053,9,0,1,20,0.9,1,0,0.1,1,0.9,0.947368421053,0.966666666667,0.566666666667,0.923076923077,0.925820099773,0.9,99,89,10,0,99,0,89,0,10,23,99,0.195652173913,2.18974518502,8.60869565217,6.6,4.5,4.59979377438,0.534319478842,0.291611769873,4.28989068105,0.996641269334,0.541062801932,2.91445898002,0.677096530713,0.355731225296,1.07629584498,0.491516479791,2.88826011686,2.18974518502,1.07629584498,2.88826011686,0.351612638569,0.458912768647,121,0.0683229813665,0.291765337837,23,23,23,1,0,0.347826086957,0.608695652174,0.0434782608696,23,0.175889328063,2.19921191545,7.73913043478,5.93333333333,4.2380952381,4.20191938074,0.542944639084,0.297997068881,3.67181337199,0.948895590515,0.518808011724,2.8810406552,0.744538596288,0.38006839277,1.09168873769,0.496399974017,3.01559697733,2.19921191545,1.09168873769,3.01559697733,0.327030457465,0.4125,88,0.0496894409938,0.274003787218,23,23,23,1,0,0.347826086957,0.565217391304,0.0869565217391,23,98,0.193675889328,2.19336181044,8.52173913043,6.53333333333,4.45454545455,4.48096545215,0.525827578569,0.286157941437,4.21272305915,0.988700309801,0.537710736469,2.89541002442,0.67953500573,0.354924578527,1.08110544352,0.492898817867,2.89585209765,2.19336181044,1.08110544352,2.89585209765,0.342793921055,0.446475195822,114,0.0643704121965,0.289685294475,23,23,23,1,0,0.347826086957,0.608695652174,0.0434782608696,-1,-0.00197628458498,0.00361662541855,-0.0869565217391,-0.0666666666667,-0.0454545454545,-0.118828322223,-0.00849190027267,-0.00545382843519,-0.0771676218939,-0.00794095953291,-0.00335206546387,-0.0190489556089,0.00243847501744,-0.00080664676938,0.004809598538,0.00138233807533,0.00759198079565,0.00361662541855,0.004809598538,0.00759198079565,-0.00881871751437,-0.0124375728248,-7,-0.00395256916996,-0.00208004336156,0,0,0,98,0,1,407,0.989898989899,1,0,0.010101010101,1,0.989898989899,0.994923857868,0.993716643156,0.989898989899,0.989898989899,9,10,0,23,23,23,1,0,8,0,0.0386050732335,0,0,1,3.88826011686,0,16,NaN,1,ok,2.18974518502,0,23,23,23,1,0,8,0,0.0370574684959,0,0,1,4.01559697733,0,16,NaN,1,ok,2.19921191545,0,23,23,23,1,0,8,0,0.0382789235011,0,0,1,3.89585209765,0,16,NaN,1,ok,2.19336181044,0,0,0,0
849,WLNM_dir_neg,1,0.8,00:00:01,10,90,49,512802495,fixed,validated_v2,/gpfs/scratch/acw792/wlnm_roleonly_v2_20260910/result_wlnm_dir_neg_roleonly_trophicv2_100x290_train10-90_Apocrita_20260910_011848/ecological_snapshots/Broadstone_Stream_tax_mass_K10_ratio0.9_exp49_seed512802495_threshold0.5_validated_v2.mat,role_only,2,uniform_without_replacement,uniform_remaining_nonlinks,176,0,176,407,198,198,176,22,0,22,0.111111111111,178,20,0.5,0.909090909091,1,0.952380952381,10,1,0,19,1,0.95,0.05,0,0.909090909091,1,0.952380952381,0.966666666667,0.544444444444,0.926829268293,0.929320377285,0.95,99,89,10,0,99,0,89,0,10,23,99,0.195652173913,2.18974518502,8.60869565217,6.6,4.5,4.59979377438,0.534319478842,0.291611769873,4.28989068105,0.996641269334,0.541062801932,2.91445898002,0.677096530713,0.355731225296,1.07629584498,0.491516479791,2.88826011686,2.18974518502,1.07629584498,2.88826011686,0.351612638569,0.458912768647,121,0.0683229813665,0.291765337837,23,23,23,1,0,0.347826086957,0.608695652174,0.0434782608696,23,0.175889328063,2.18535206885,7.73913043478,5.93333333333,4.04545454545,4.08119179679,0.527345007451,0.291157791891,3.99208703478,1.03166294157,0.556912554958,2.5281029148,0.653329966746,0.343917928676,1.06855193171,0.48896099944,2.97700132685,2.18535206885,1.06855193171,2.97700132685,0.330196614979,0.421374045802,92,0.0519480519481,0.22920220769,23,23,23,1,0,0.347826086957,0.608695652174,0.0434782608696,23,100,0.197628458498,2.19191351998,8.69565217391,6.66666666667,4.54545454545,4.61651957262,0.530899750852,0.288260869565,4.29173302199,0.987098595057,0.537391304348,2.88583839484,0.663742830812,0.346086956522,1.07841851277,0.491998659137,2.89281186204,2.19191351998,1.07841851277,2.89281186204,0.352756663626,0.460396039604,124,0.0700169395822,0.285316707102,23,23,23,1,0,0.347826086957,0.608695652174,0.0434782608696,1,0.00197628458498,0.00216833495306,0.0869565217391,0.0666666666667,0.0454545454545,0.0167257982476,-0.00341972798995,-0.00335090030742,0.00184234094001,-0.00954267427714,-0.00367149758454,-0.0286205851889,-0.0133536999006,-0.0096442687747,0.00212266779083,0.000482179346063,0.0045517451815,0.00216833495306,0.00212266779083,0.0045517451815,0.00114402505707,0.00148327095668,3,0.0016939582157,-0.00644863073434,0,0,0,99,1,0,406,1,0.997542997543,0.002457002457,0,0.99,1,0.994974874372,0.993764342069,0.997542997543,0.99,11,10,0,23,23,23,1,0,8,0,0.0386050732335,0,0,1,3.88826011686,0,16,NaN,1,ok,2.18974518502,0,23,23,23,1,0,8,0,0.0280996526768,0,0,1,3.97700132685,0,16,NaN,1,ok,2.18535206885,0,23,23,23,1,0,8,0,0.039857856813,0,0,1,3.89281186204,0,16,NaN,1,ok,2.19191351998,0,0,0,0
850,WLNM_dir_neg,0.985,0.775961538462,00:00:02,10,90,50,512802496,fixed,validated_v2,/gpfs/scratch/acw792/wlnm_roleonly_v2_20260910/result_wlnm_dir_neg_roleonly_trophicv2_100x290_train10-90_Apocrita_20260910_011848/ecological_snapshots/Broadstone_Stream_tax_mass_K10_ratio0.9_exp50_seed512802496_threshold0.5_validated_v2.mat,role_only,2,uniform_without_replacement,uniform_remaining_nonlinks,176,0,176,407,198,198,176,22,0,22,0.111111111111,178,20,0.5,1,0.8,0.888888888889,8,0,2,20,0.8,1,0,0.2,1,0.8,0.888888888889,0.933333333333,0.577777777778,0.842105263158,0.852802865422,0.8,99,89,10,0,99,0,89,0,10,23,99,0.195652173913,2.18974518502,8.60869565217,6.6,4.5,4.59979377438,0.534319478842,0.291611769873,4.28989068105,0.996641269334,0.541062801932,2.91445898002,0.677096530713,0.355731225296,1.07629584498,0.491516479791,2.88826011686,2.18974518502,1.07629584498,2.88826011686,0.351612638569,0.458912768647,121,0.0683229813665,0.291765337837,23,23,23,1,0,0.347826086957,0.608695652174,0.0434782608696,23,0.175889328063,2.18109592111,7.73913043478,5.93333333333,4.2380952381,4.41297046222,0.570215284444,0.310698583293,3.93474439306,1.01684405663,0.548119198828,2.84931168444,0.736338974631,0.400586223742,1.06928847006,0.490252840194,2.86340206186,2.18109592111,1.06928847006,2.86340206186,0.356609299791,0.470046082949,102,0.0575945793337,0.251025565626,23,23,23,1,0,0.347826086957,0.565217391304,0.0869565217391,23,97,0.191699604743,2.19218073873,8.4347826087,6.46666666667,4.61904761905,4.56096169042,0.540732571545,0.294038547736,4.17739067905,0.99051531565,0.538771851188,2.87554772236,0.681830903239,0.362169430749,1.07972839491,0.492536211011,2.88826011686,2.19218073873,1.07972839491,2.88826011686,0.354777106951,0.472847682119,119,0.0671936758893,0.28396878254,23,23,23,1,0,0.347826086957,0.565217391304,0.0869565217391,-2,-0.00395256916996,0.0024355537061,-0.173913043478,-0.133333333333,0.119047619048,-0.0388320839546,0.00641309270315,0.0024267778638,-0.112500002002,-0.00612595368426,-0.00229095074456,-0.0389112576666,0.00473437252674,0.0064382054521,0.00343254992229,0.00101973121961,0,0.0024355537061,0.00343254992229,0,0.00316446838186,0.0139349134719,-2,-0.00112930547713,-0.00779655529656,0,-0.0434782608696,0.0434782608696,97,0,2,407,0.979797979798,1,0,0.020202020202,1,0.979797979798,0.989795918367,0.987424321977,0.979797979798,0.979797979798,8,10,0,23,23,23,1,0,8,0,0.0386050732335,0,0,1,3.88826011686,0,16,NaN,1,ok,2.18974518502,0,23,23,23,1,0,8,0,0.0288471470245,0,0,1,3.86340206186,0,16,NaN,1,ok,2.18109592111,0,23,23,23,1,0,8,0,0.0407973298419,0,0,1,3.88826011686,0,16,NaN,1,ok,2.19218073873,0,0,0,0
851,WLNM_dir_neg,0.98,0.87032967033,00:00:01,10,90,51,512802497,fixed,validated_v2,/gpfs/scratch/acw792/wlnm_roleonly_v2_20260910/result_wlnm_dir_neg_roleonly_trophicv2_100x290_train10-90_Apocrita_20260910_011848/ecological_snapshots/Broadstone_Stream_tax_mass_K10_ratio0.9_exp51_seed512802497_threshold0.5_validated_v2.mat,role_only,2,uniform_without_replacement,uniform_remaining_nonlinks,176,0,176,407,198,198,176,22,0,22,0.111111111111,178,20,0.5,1,0.6,0.75,6,0,4,20,0.6,1,0,0.4,1,0.6,0.75,0.866666666667,0.6,0.666666666667,0.707106781187,0.6,99,89,10,0,99,0,89,0,10,23,99,0.195652173913,2.18974518502,8.60869565217,6.6,4.5,4.59979377438,0.534319478842,0.291611769873,4.28989068105,0.996641269334,0.541062801932,2.91445898002,0.677096530713,0.355731225296,1.07629584498,0.491516479791,2.88826011686,2.18974518502,1.07629584498,2.88826011686,0.351612638569,0.458912768647,121,0.0683229813665,0.291765337837,23,23,23,1,0,0.347826086957,0.608695652174,0.0434782608696,23,0.175889328063,2.22076662859,7.73913043478,5.93333333333,4.04545454545,4.36116530825,0.563521360054,0.306301905227,3.89993412329,1.00784814422,0.545188080117,2.73536349298,0.706891689197,0.376160234489,1.11903928982,0.503897742074,3.06113870844,2.22076662859,1.11903928982,3.06113870844,0.356142649621,0.468315301391,101,0.0570299265951,0.251748423534,23,23,23,1,0,0.347826086957,0.608695652174,0.0434782608696,23,95,0.187747035573,2.22388095183,8.26086956522,6.33333333333,4.31818181818,4.45398076602,0.539166092728,0.294279176201,4.10436959866,0.99368948178,0.538215102975,2.83331395793,0.685960221393,0.359725400458,1.12453906167,0.505665134972,3.06869075941,2.22388095183,1.12453906167,3.06869075941,0.347730289035,0.440443213296,106,0.059853190288,0.282803928875,23,23,23,1,0,0.347826086957,0.608695652174,0.0434782608696,-4,-0.00790513833992,0.0341357668088,-0.347826086957,-0.266666666667,-0.181818181818,-0.145813008362,0.00484661388635,0.00266740632873,-0.185521082391,-0.00295178755434,-0.00284769895754,-0.0811450220964,0.00886369068035,0.00399417516122,0.0482432166871,0.0141486551806,0.180430642555,0.0341357668088,0.0482432166871,0.180430642555,-0.00388234953452,-0.0184695553509,-15,-0.00846979107849,-0.00896140896141,0,0,0,95,0,4,407,0.959595959596,1,0,0.040404040404,1,0.959595959596,0.979381443299,0.974811174623,0.959595959596,0.959595959596,6,10,0,23,23,23,1,0,8,0,0.0386050732335,0,0,1,3.88826011686,0,16,NaN,1,ok,2.18974518502,0,23,23,23,1,0,8,0,0.0324741797222,0,0,1,4.06113870844,0,16,NaN,1,ok,2.22076662859,0,23,23,23,1,0,8,0,0.0401520679634,0,0,1,4.06869075941,0,16,NaN,1,ok,2.22388095183,0,0,0,0
852,WLNM_dir_neg,0.96,0.806398046398,00:00:01,10,90,52,512802498,fixed,validated_v2,/gpfs/scratch/acw792/wlnm_roleonly_v2_20260910/result_wlnm_dir_neg_roleonly_trophicv2_100x290_train10-90_Apocrita_20260910_011848/ecological_snapshots/Broadstone_Stream_tax_mass_K10_ratio0.9_exp52_seed512802498_threshold0.5_validated_v2.mat,role_only,2,uniform_without_replacement,uniform_remaining_nonlinks,176,0,176,407,198,198,176,22,0,22,0.111111111111,178,20,0.5,0.769230769231,1,0.869565217391,10,3,0,17,1,0.85,0.15,0,0.769230769231,1,0.869565217391,0.9,0.522222222222,0.790697674419,0.808607540063,0.85,99,89,10,0,99,0,89,0,10,23,99,0.195652173913,2.18974518502,8.60869565217,6.6,4.5,4.59979377438,0.534319478842,0.291611769873,4.28989068105,0.996641269334,0.541062801932,2.91445898002,0.677096530713,0.355731225296,1.07629584498,0.491516479791,2.88826011686,2.18974518502,1.07629584498,2.88826011686,0.351612638569,0.458912768647,121,0.0683229813665,0.291765337837,23,23,23,1,0,0.347826086957,0.608695652174,0.0434782608696,23,0.175889328063,2.22366634002,7.73913043478,5.93333333333,4.04545454545,4.02511875945,0.520099614985,0.28334147533,3.86481033083,0.998771209091,0.540302882267,2.59902687779,0.671658631338,0.353688324377,1.11924578322,0.503333509653,2.94434559114,2.22366634002,1.11924578322,2.94434559114,0.297294010337,0.395498392283,82,0.0463015245624,0.242844800702,23,23,23,1,0,0.347826086957,0.608695652174,0.0434782608696,23,102,0.201581027668,2.20258745571,8.86956521739,6.8,4.63636363636,4.77021390626,0.537818234529,0.294117647059,4.41923571093,0.996494326975,0.541346973572,2.85762277166,0.644365919101,0.340153452685,1.08496655165,0.492587274497,2.91584871679,2.20258745571,1.08496655165,2.91584871679,0.368070094157,0.460144927536,127,0.0717108977979,0.284202580022,23,23,23,1,0,0.347826086957,0.608695652174,0.0434782608696,3,0.00592885375494,0.0128422706844,0.260869565217,0.2,0.136363636364,0.170420131881,0.00349875568736,0.00250587718618,0.129345029885,-0.000146942359395,0.00028417163967,-0.0568362083594,-0.0327306116118,-0.015577772611,0.00867070666475,0.00107079470524,0.0275885999364,0.0128422706844,0.00867070666475,0.0275885999364,0.0164574555879,0.00123215888895,6,0.00338791643139,-0.00756275781486,0,0,0,99,3,0,404,1,0.992628992629,0.00737100737101,0,0.970588235294,1,0.985074626866,0.981546749909,0.992628992629,0.970588235294,13,10,0,23,23,23,1,0,8,0,0.0386050732335,0,0,1,3.88826011686,0,16,NaN,1,ok,2.18974518502,0,23,23,23,1,0,8,0,0.0302487849576,0,0,1,3.94434559114,0,16,NaN,1,ok,2.22366634002,0,23,23,23,1,0,8,0,0.0403069574477,0,0,1,3.91584871679,0,16,NaN,1,ok,2.20258745571,0,0,0,0
853,WLNM_dir_neg,1,0.8,00:00:00,10,90,53,512802499,fixed,validated_v2,/gpfs/scratch/acw792/wlnm_roleonly_v2_20260910/result_wlnm_dir_neg_roleonly_trophicv2_100x290_train10-90_Apocrita_20260910_011848/ecological_snapshots/Broadstone_Stream_tax_mass_K10_ratio0.9_exp53_seed512802499_threshold0.5_validated_v2.mat,role_only,2,uniform_without_replacement,uniform_remaining_nonlinks,176,0,176,407,198,198,176,22,0,22,0.111111111111,178,20,0.5,1,0.9,0.947368421053,9,0,1,20,0.9,1,0,0.1,1,0.9,0.947368421053,0.966666666667,0.566666666667,0.923076923077,0.925820099773,0.9,99,89,10,0,99,0,89,0,10,23,99,0.195652173913,2.18974518502,8.60869565217,6.6,4.5,4.59979377438,0.534319478842,0.291611769873,4.28989068105,0.996641269334,0.541062801932,2.91445898002,0.677096530713,0.355731225296,1.07629584498,0.491516479791,2.88826011686,2.18974518502,1.07629584498,2.88826011686,0.351612638569,0.458912768647,121,0.0683229813665,0.291765337837,23,23,23,1,0,0.347826086957,0.608695652174,0.0434782608696,23,0.175889328063,2.26032417681,7.73913043478,5.93333333333,4.04545454545,4.16934038062,0.538734993002,0.290669272106,3.82936438858,0.989611021769,0.534440644846,2.76839874667,0.715428889588,0.372252076209,1.16030738955,0.51333671579,3.14000386691,2.26032417681,1.16030738955,3.14000386691,0.332854585028,0.438095238095,92,0.0519480519481,0.258315881131,23,23,23,1,0,0.347826086957,0.608695652174,0.0434782608696,23,98,0.193675889328,2.18876041067,8.52173913043,6.53333333333,4.45454545455,4.57134916645,0.536433830757,0.292812777285,4.21272305915,0.988700309801,0.537710736469,2.91106652284,0.683209490054,0.355811889973,1.07494087534,0.491118566517,2.88826011686,2.18876041067,1.07494087534,2.88826011686,0.350987177074,0.454075032342,117,0.0660643704122,0.289836710908,23,23,23,1,0,0.347826086957,0.608695652174,0.0434782608696,-1,-0.00197628458498,-0.000984774354575,-0.0869565217391,-0.0666666666667,-0.0454545454545,-0.0284446079295,0.00211435191482,0.00120100741219,-0.0771676218939,-0.00794095953291,-0.00335206546387,-0.00339245718521,0.00611295934136,8.0664676938e-05,-0.00135496964536,-0.000397913274093,0,-0.000984774354575,-0.00135496964536,0,-0.000625461495027,-0.00483773630576,-4,-0.00225861095426,-0.00192862692863,0,0,0,98,0,1,407,0.989898989899,1,0,0.010101010101,1,0.989898989899,0.994923857868,0.993716643156,0.989898989899,0.989898989899,9,10,0,23,23,23,1,0,8,0,0.0386050732335,0,0,1,3.88826011686,0,16,NaN,1,ok,2.18974518502,0,23,23,23,1,0,8,0,0.0402882192033,0,0,1,4.14000386691,0,16,NaN,1,ok,2.26032417681,0,23,23,23,1,0,8,0,0.0386582027782,0,0,1,3.88826011686,0,16,NaN,1,ok,2.18876041067,0,0,0,0
854,WLNM_dir_neg,0.945,0.84630952381,00:00:01,10,90,54,512802500,fixed,validated_v2,/gpfs/scratch/acw792/wlnm_roleonly_v2_20260910/result_wlnm_dir_neg_roleonly_trophicv2_100x290_train10-90_Apocrita_20260910_011848/ecological_snapshots/Broadstone_Stream_tax_mass_K10_ratio0.9_exp54_seed512802500_threshold0.5_validated_v2.mat,role_only,2,uniform_without_replacement,uniform_remaining_nonlinks,176,0,176,407,198,198,176,22,0,22,0.111111111111,178,20,0.5,1,0.7,0.823529411765,7,0,3,20,0.7,1,0,0.3,1,0.7,0.823529411765,0.9,0.588888888889,0.756756756757,0.780189497605,0.7,99,89,10,0,99,0,89,0,10,23,99,0.195652173913,2.18974518502,8.60869565217,6.6,4.5,4.59979377438,0.534319478842,0.291611769873,4.28989068105,0.996641269334,0.541062801932,2.91445898002,0.677096530713,0.355731225296,1.07629584498,0.491516479791,2.88826011686,2.18974518502,1.07629584498,2.88826011686,0.351612638569,0.458912768647,121,0.0683229813665,0.291765337837,23,23,23,1,0,0.347826086957,0.608695652174,0.0434782608696,23,0.175889328063,2.26162456816,7.73913043478,5.93333333333,4.04545454545,4.20191938074,0.542944639084,0.301416707377,3.92317528895,1.01385428816,0.547142159257,2.4178192245,0.624829687231,0.322423058134,1.1559810809,0.5111286361,3.00339610991,2.26162456816,1.1559810809,3.00339610991,0.315969055099,0.395962732919,85,0.0479954827781,0.226691350977,23,23,23,1,0,0.347826086957,0.608695652174,0.0434782608696,23,96,0.189723320158,2.2289141005,8.34782608696,6.4,4.36363636364,4.54881298854,0.544909889253,0.298913043478,4.24962216409,1.01813864348,0.551630434783,2.65693216653,0.636556664898,0.339673913043,1.12126233078,0.503053182053,2.97093051214,2.2289141005,1.12126233078,2.97093051214,0.346323965889,0.448787061995,111,0.0626764539808,0.254332268261,23,23,23,1,0,0.347826086957,0.608695652174,0.0434782608696,-3,-0.00592885375494,0.0391689154708,-0.260869565217,-0.2,-0.136363636364,-0.0509807858335,0.0105904104108,0.00730127360562,-0.0402685169544,0.0214973741464,0.0105676328502,-0.257526813493,-0.0405398658146,-0.016057312253,0.0449664857931,0.0115367022614,0.0826703952845,0.0391689154708,0.0449664857931,0.0826703952845,-0.00528867267998,-0.0101257066527,-10,-0.00564652738566,-0.0374330695759,0,0,0,96,0,3,407,0.969696969697,1,0,0.030303030303,1,0.969696969697,0.984615384615,0.981122635564,0.969696969697,0.969696969697,7,10,0,23,23,23,1,0,8,0,0.0386050732335,0,0,1,3.88826011686,0,16,NaN,1,ok,2.18974518502,0,23,23,23,1,0,8,0,0.0284715987803,0,0,1,4.00339610991,0,16,NaN,1,ok,2.26162456816,0,23,23,23,1,0,8,0,0.0304793781529,0,0,1,3.97093051214,0,16,NaN,1,ok,2.2289141005,0,0,0,0
855,WLNM_dir_neg,1,0.7,00:00:00,10,90,55,512802501,fixed,validated_v2,/gpfs/scratch/acw792/wlnm_roleonly_v2_20260910/result_wlnm_dir_neg_roleonly_trophicv2_100x290_train10-90_Apocrita_20260910_011848/ecological_snapshots/Broadstone_Stream_tax_mass_K10_ratio0.9_exp55_seed512802501_threshold0.5_validated_v2.mat,role_only,2,uniform_without_replacement,uniform_remaining_nonlinks,176,0,176,407,198,198,176,22,0,22,0.111111111111,178,20,0.5,1,1,1,10,0,0,20,1,1,0,0,1,1,1,1,0.555555555556,1,1,1,99,89,10,0,99,0,89,0,10,23,99,0.195652173913,2.18974518502,8.60869565217,6.6,4.5,4.59979377438,0.534319478842,0.291611769873,4.28989068105,0.996641269334,0.541062801932,2.91445898002,0.677096530713,0.355731225296,1.07629584498,0.491516479791,2.88826011686,2.18974518502,1.07629584498,2.88826011686,0.351612638569,0.458912768647,121,0.0683229813665,0.291765337837,23,23,23,1,0,0.347826086957,0.608695652174,0.0434782608696,23,0.175889328063,2.14236897859,7.73913043478,5.93333333333,4.04545454545,3.71993879843,0.480666249235,0.260869565217,3.68417189198,0.952089365343,0.520762090865,2.70192436181,0.698250115972,0.364435759648,1.01923283833,0.475750371911,2.73325567851,2.14236897859,1.01923283833,2.73325567851,0.315380513207,0.416417910448,93,0.0525127046866,0.265103164032,23,23,23,1,0,0.347826086957,0.608695652174,0.0434782608696,23,99,0.195652173913,2.18974518502,8.60869565217,6.6,4.5,4.59979377438,0.534319478842,0.291611769873,4.28989068105,0.996641269334,0.541062801932,2.91445898002,0.677096530713,0.355731225296,1.07629584498,0.491516479791,2.88826011686,2.18974518502,1.07629584498,2.88826011686,0.351612638569,0.458912768647,121,0.0683229813665,0.291765337837,23,23,23,1,0,0.347826086957,0.608695652174,0.0434782608696,0,0,0,0,0,0,0,0,0,0,0,0,0,0,0,0,0,0,0,0,0,0,0,0,0,0,0,0,0,99,0,0,407,1,1,0,0,1,1,1,1,1,1,10,10,0,23,23,23,1,0,8,0,0.0386050732335,0,0,1,3.88826011686,0,16,NaN,1,ok,2.18974518502,0,23,23,23,1,0,8,0,0.0403098843074,0,0,1,3.73325567851,0,16,NaN,1,ok,2.14236897859,0,23,23,23,1,0,8,0,0.0386050732335,0,0,1,3.88826011686,0,16,NaN,1,ok,2.18974518502,0,0,0,0
856,WLNM_dir_neg,0.945,0.790838328338,00:00:00,10,90,56,512802502,fixed,validated_v2,/gpfs/scratch/acw792/wlnm_roleonly_v2_20260910/result_wlnm_dir_neg_roleonly_trophicv2_100x290_train10-90_Apocrita_20260910_011848/ecological_snapshots/Broadstone_Stream_tax_mass_K10_ratio0.9_exp56_seed512802502_threshold0.5_validated_v2.mat,role_only,2,uniform_without_replacement,uniform_remaining_nonlinks,176,0,176,407,198,198,176,22,0,22,0.111111111111,178,20,0.5,0.857142857143,0.6,0.705882352941,6,1,4,19,0.6,0.95,0.05,0.4,0.857142857143,0.6,0.705882352941,0.833333333333,0.588888888889,0.594594594595,0.613006033833,0.55,99,89,10,0,99,0,89,0,10,23,99,0.195652173913,2.18974518502,8.60869565217,6.6,4.5,4.59979377438,0.534319478842,0.291611769873,4.28989068105,0.996641269334,0.541062801932,2.91445898002,0.677096530713,0.355731225296,1.07629584498,0.491516479791,2.88826011686,2.18974518502,1.07629584498,2.88826011686,0.351612638569,0.458912768647,121,0.0683229813665,0.291765337837,23,23,23,1,0,0.347826086957,0.608695652174,0.0434782608696,23,0.175889328063,2.16663112083,7.73913043478,5.93333333333,4.2380952381,4.03639568409,0.521556745698,0.288715192965,3.7935872664,0.980365248621,0.532486565706,2.8810406552,0.744538596288,0.38202247191,1.05692032232,0.48781738255,2.8446506266,2.16663112083,1.05692032232,2.8446506266,0.339630659196,0.424107142857,95,0.0536420101637,0.280347200263,23,23,23,1,0,0.347826086957,0.565217391304,0.0869565217391,23,96,0.189723320158,2.19786521492,8.34782608696,6.4,4.36363636364,4.4681569889,0.535247972629,0.294836956522,4.21741167837,1.01042154794,0.546195652174,2.91784749295,0.699067628518,0.364130434783,1.08497475618,0.493649359758,2.78538394108,2.19786521492,1.08497475618,2.78538394108,0.351788790919,0.436734693878,107,0.0604178430265,0.286538118744,23,23,23,1,0,0.347826086957,0.608695652174,0.0434782608696,-3,-0.00592885375494,0.00812002989856,-0.260869565217,-0.2,-0.136363636364,-0.131636785475,0.000928493787054,0.0032251866491,-0.0724790026807,0.0137802786078,0.00513285024155,0.00338851292218,0.0219710978057,0.00839920948617,0.00867891119812,0.00213287996678,-0.102876175782,0.00812002989856,0.00867891119812,-0.102876175782,0.000176152350065,-0.0221780747697,-14,-0.00790513833992,-0.00522721909277,0,0,0,95,1,4,406,0.959595959596,0.997542997543,0.002457002457,0.040404040404,0.989583333333,0.959595959596,0.974358974359,0.968416655486,0.957138957139,0.95,7,10,0,23,23,23,1,0,8,0,0.0386050732335,0,0,1,3.88826011686,0,16,NaN,1,ok,2.18974518502,0,23,23,23,1,0,8,0,0.0389902300159,0,0,1,3.8446506266,0,16,NaN,1,ok,2.16663112083,0,23,23,23,1,0,8,0,0.0380979102817,0,0,1,3.78538394108,0,16,NaN,1,ok,2.19786521492,0,0,0,0
857,WLNM_dir_neg,0.9575,0.750891053391,00:00:00,10,90,57,512802503,fixed,validated_v2,/gpfs/scratch/acw792/wlnm_roleonly_v2_20260910/result_wlnm_dir_neg_roleonly_trophicv2_100x290_train10-90_Apocrita_20260910_011848/ecological_snapshots/Broadstone_Stream_tax_mass_K10_ratio0.9_exp57_seed512802503_threshold0.5_validated_v2.mat,role_only,2,uniform_without_replacement,uniform_remaining_nonlinks,176,0,176,407,198,198,176,22,0,22,0.111111111111,178,20,0.5,0.909090909091,1,0.952380952381,10,1,0,19,1,0.95,0.05,0,0.909090909091,1,0.952380952381,0.966666666667,0.544444444444,0.926829268293,0.929320377285,0.95,99,89,10,0,99,0,89,0,10,23,99,0.195652173913,2.18974518502,8.60869565217,6.6,4.5,4.59979377438,0.534319478842,0.291611769873,4.28989068105,0.996641269334,0.541062801932,2.91445898002,0.677096530713,0.355731225296,1.07629584498,0.491516479791,2.88826011686,2.18974518502,1.07629584498,2.88826011686,0.351612638569,0.458912768647,121,0.0683229813665,0.291765337837,23,23,23,1,0,0.347826086957,0.608695652174,0.0434782608696,23,0.175889328063,2.19518403691,7.73913043478,5.93333333333,4.04545454545,4.31927383737,0.558108417189,0.304836345872,3.92317528895,1.01385428816,0.549096238398,2.65097491203,0.685083404231,0.364435759648,1.08539148835,0.494442137925,2.94503210544,2.19518403691,1.08539148835,2.94503210544,0.316381444642,0.416024653313,90,0.0508187464709,0.228082594343,23,23,23,1,0,0.347826086957,0.608695652174,0.0434782608696,23,100,0.197628458498,2.1925851446,8.69565217391,6.66666666667,4.54545454545,4.64596386524,0.534285844503,0.291739130435,4.37564224535,1.00639771643,0.545217391304,2.91717010524,0.670949124206,0.354782608696,1.08030951479,0.49271040509,2.88826011686,2.1925851446,1.08030951479,2.88826011686,0.359533944317,0.473489519112,128,0.0722755505364,0.29379132772,23,23,23,1,0,0.347826086957,0.608695652174,0.0434782608696,1,0.00197628458498,0.00283995957093,0.0869565217391,0.0666666666667,0.0454545454545,0.046170090867,-3.3634338711e-05,0.000127360562143,0.0857515643024,0.00975644709621,0.00415458937198,0.00271112521882,-0.0061474065068,-0.00094861660079,0.00401366980408,0.0011939252984,0,0.00283995957093,0.00401366980408,0,0.00792130574739,0.0145767504649,7,0.00395256916996,0.00202598988313,0,0,0,99,1,0,406,1,0.997542997543,0.002457002457,0,0.99,1,0.994974874372,0.993764342069,0.997542997543,0.99,11,10,0,23,23,23,1,0,8,0,0.0386050732335,0,0,1,3.88826011686,0,16,NaN,1,ok,2.18974518502,0,23,23,23,1,0,8,0,0.0331068945936,0,0,1,3.94503210544,0,16,NaN,1,ok,2.19518403691,0,23,23,23,1,0,8,0,0.0385930812607,0,0,1,3.88826011686,0,16,NaN,1,ok,2.1925851446,0,0,0,0
858,WLNM_dir_neg,0.985,0.868093434343,00:00:00,10,90,58,512802504,fixed,validated_v2,/gpfs/scratch/acw792/wlnm_roleonly_v2_20260910/result_wlnm_dir_neg_roleonly_trophicv2_100x290_train10-90_Apocrita_20260910_011848/ecological_snapshots/Broadstone_Stream_tax_mass_K10_ratio0.9_exp58_seed512802504_threshold0.5_validated_v2.mat,role_only,2,uniform_without_replacement,uniform_remaining_nonlinks,176,0,176,407,198,198,176,22,0,22,0.111111111111,178,20,0.5,0.888888888889,0.8,0.842105263158,8,1,2,19,0.8,0.95,0.05,0.2,0.888888888889,0.8,0.842105263158,0.9,0.566666666667,0.769230769231,0.77151674981,0.75,99,89,10,0,99,0,89,0,10,23,99,0.195652173913,2.18974518502,8.60869565217,6.6,4.5,4.59979377438,0.534319478842,0.291611769873,4.28989068105,0.996641269334,0.541062801932,2.91445898002,0.677096530713,0.355731225296,1.07629584498,0.491516479791,2.88826011686,2.18974518502,1.07629584498,2.88826011686,0.351612638569,0.458912768647,121,0.0683229813665,0.291765337837,23,23,23,1,0,0.347826086957,0.608695652174,0.0434782608696,23,0.175889328063,2.16883083947,7.73913043478,5.93333333333,4.04545454545,4.10340647073,0.530215442847,0.292134831461,3.96924938892,1.02576107804,0.552027357108,2.43654650957,0.629669322697,0.332193453835,1.06972073062,0.493224603389,2.93566237199,2.16883083947,1.06972073062,2.93566237199,0.310161336248,0.394984326019,84,0.0474308300395,0.221082126712,23,23,23,1,0,0.347826086957,0.608695652174,0.0434782608696,23,98,0.193675889328,2.22395020555,8.52173913043,6.53333333333,4.45454545455,4.65021568627,0.54568857543,0.298136645963,4.2449691219,0.996268263302,0.540372670807,2.87966840427,0.67584054386,0.352262644188,1.11952248796,0.503393684428,3.06332526789,2.22395020555,1.11952248796,3.06332526789,0.34084972998,0.439313984169,111,0.0626764539808,0.287097413169,23,23,23,1,0,0.347826086957,0.608695652174,0.0434782608696,-1,-0.00197628458498,0.0342050205278,-0.0869565217391,-0.0666666666667,-0.0454545454545,0.0504219118953,0.0113690965881,0.00652487609009,-0.0449215591513,-0.000373006032105,-0.000690131124914,-0.0347905757499,-0.0012559868524,-0.00346858110833,0.0432266429739,0.0118772046365,0.17506515103,0.0342050205278,0.0432266429739,0.17506515103,-0.010762908589,-0.0195987844784,-10,-0.00564652738566,-0.00466792466792,0,0,0,97,1,2,406,0.979797979798,0.997542997543,0.002457002457,0.020202020202,0.989795918367,0.979797979798,0.984771573604,0.981110199255,0.977340977341,0.97,9,10,0,23,23,23,1,0,8,0,0.0386050732335,0,0,1,3.88826011686,0,16,NaN,1,ok,2.18974518502,0,23,23,23,1,0,8,0,0.0363421739306,0,0,1,3.93566237199,0,16,NaN,1,ok,2.16883083947,0,23,23,23,1,0,8,0,0.0389232451125,0,0,1,4.06332526789,0,16,NaN,1,ok,2.22395020555,0,0,0,0
859,WLNM_dir_neg,0.975,0.839085497835,00:00:00,10,90,59,512802505,fixed,validated_v2,/gpfs/scratch/acw792/wlnm_roleonly_v2_20260910/result_wlnm_dir_neg_roleonly_trophicv2_100x290_train10-90_Apocrita_20260910_011848/ecological_snapshots/Broadstone_Stream_tax_mass_K10_ratio0.9_exp59_seed512802505_threshold0.5_validated_v2.mat,role_only,2,uniform_without_replacement,uniform_remaining_nonlinks,176,0,176,407,198,198,176,22,0,22,0.111111111111,178,20,0.5,0.909090909091,1,0.952380952381,10,1,0,19,1,0.95,0.05,0,0.909090909091,1,0.952380952381,0.966666666667,0.544444444444,0.926829268293,0.929320377285,0.95,99,89,10,0,99,0,89,0,10,23,99,0.195652173913,2.18974518502,8.60869565217,6.6,4.5,4.59979377438,0.534319478842,0.291611769873,4.28989068105,0.996641269334,0.541062801932,2.91445898002,0.677096530713,0.355731225296,1.07629584498,0.491516479791,2.88826011686,2.18974518502,1.07629584498,2.88826011686,0.351612638569,0.458912768647,121,0.0683229813665,0.291765337837,23,23,23,1,0,0.347826086957,0.608695652174,0.0434782608696,23,0.175889328063,2.17587436381,7.73913043478,5.93333333333,4.04545454545,4.20191938074,0.542944639084,0.297508549096,3.81747593701,0.986538725295,0.536394723986,2.8810406552,0.744538596288,0.38299951148,1.04959925044,0.482380448015,2.67307529611,2.17587436381,1.04959925044,2.67307529611,0.325677703939,0.414705882353,94,0.0530773574252,0.267155612828,23,23,23,1,0,0.347826086957,0.608695652174,0.0434782608696,23,100,0.197628458498,2.1925851446,8.69565217391,6.66666666667,4.54545454545,4.64596386524,0.534285844503,0.291739130435,4.37564224535,1.00639771643,0.545217391304,2.91717010524,0.670949124206,0.354782608696,1.08030951479,0.49271040509,2.88826011686,2.1925851446,1.08030951479,2.88826011686,0.359533944317,0.473489519112,128,0.0722755505364,0.29379132772,23,23,23,1,0,0.347826086957,0.608695652174,0.0434782608696,1,0.00197628458498,0.00283995957093,0.0869565217391,0.0666666666667,0.0454545454545,0.046170090867,-3.3634338711e-05,0.000127360562143,0.0857515643024,0.00975644709621,0.00415458937198,0.00271112521882,-0.0061474065068,-0.00094861660079,0.00401366980408,0.0011939252984,0,0.00283995957093,0.00401366980408,0,0.00792130574739,0.0145767504649,7,0.00395256916996,0.00202598988313,0,0,0,99,1,0,406,1,0.997542997543,0.002457002457,0,0.99,1,0.994974874372,0.993764342069,0.997542997543,0.99,11,10,0,23,23,23,1,0,8,0,0.0386050732335,0,0,1,3.88826011686,0,16,NaN,1,ok,2.18974518502,0,23,23,23,1,0,8,0,0.038588587594,0,0,1,3.67307529611,0,16,NaN,1,ok,2.17587436381,0,23,23,23,1,0,8,0,0.0385930812607,0,0,1,3.88826011686,0,16,NaN,1,ok,2.1925851446,0,0,0,0
860,WLNM_dir_neg,0.95,0.607795954046,00:00:00,10,90,60,512802506,fixed,validated_v2,/gpfs/scratch/acw792/wlnm_roleonly_v2_20260910/result_wlnm_dir_neg_roleonly_trophicv2_100x290_train10-90_Apocrita_20260910_011848/ecological_snapshots/Broadstone_Stream_tax_mass_K10_ratio0.9_exp60_seed512802506_threshold0.5_validated_v2.mat,role_only,2,uniform_without_replacement,uniform_remaining_nonlinks,176,0,176,407,198,198,176,22,0,22,0.111111111111,178,20,0.5,0.777777777778,0.7,0.736842105263,7,2,3,18,0.7,0.9,0.1,0.3,0.777777777778,0.7,0.736842105263,0.833333333333,0.566666666667,0.615384615385,0.617213399848,0.6,99,89,10,0,99,0,89,0,10,23,99,0.195652173913,2.18974518502,8.60869565217,6.6,4.5,4.59979377438,0.534319478842,0.291611769873,4.28989068105,0.996641269334,0.541062801932,2.91445898002,0.677096530713,0.355731225296,1.07629584498,0.491516479791,2.88826011686,2.18974518502,1.07629584498,2.88826011686,0.351612638569,0.458912768647,121,0.0683229813665,0.291765337837,23,23,23,1,0,0.347826086957,0.608695652174,0.0434782608696,23,0.175889328063,2.1770898607,7.73913043478,5.93333333333,4.04545454545,4.23424772007,0.547121896414,0.299462628236,3.86481033083,0.998771209091,0.541279921837,2.71869533928,0.702584188803,0.3790913532,1.0561983199,0.485142271326,2.93546747967,2.1770898607,1.0561983199,2.93546747967,0.341111304155,0.453744493392,103,0.0581592320723,0.251102318161,23,23,23,1,0,0.347826086957,0.608695652174,0.0434782608696,23,98,0.193675889328,2.21044912151,8.52173913043,6.53333333333,4.26086956522,4.65998015229,0.546834405626,0.298136645963,4.23424772007,0.993752015935,0.538598047915,2.81582203893,0.660856192811,0.347826086957,1.10183454064,0.498466365915,2.9395807512,2.21044912151,1.10183454064,2.9395807512,0.355159816029,0.474103585657,119,0.0671936758893,0.283492253156,23,23,23,1,0,0.347826086957,0.652173913043,0,-1,-0.00197628458498,0.0207039364832,-0.0869565217391,-0.0666666666667,-0.239130434783,0.0601863779157,0.0125149267844,0.00652487609009,-0.0556429609746,-0.00288925339878,-0.00246475401755,-0.0986369410914,-0.0162403379019,-0.00790513833992,0.0255386956553,0.00694988612396,0.0513206343412,0.0207039364832,0.0255386956553,0.0513206343412,0.00354717746022,0.0151908170101,-2,-0.00112930547713,-0.00827308468065,0,0.0434782608696,-0.0434782608696,96,2,3,405,0.969696969697,0.995085995086,0.004914004914,0.030303030303,0.979591836735,0.969696969697,0.97461928934,0.968503755354,0.964782964783,0.950495049505,9,10,0,23,23,23,1,0,8,0,0.0386050732335,0,0,1,3.88826011686,0,16,NaN,1,ok,2.18974518502,0,23,23,23,1,0,8,0,0.0410607381115,0,0,1,3.93546747967,0,16,NaN,1,ok,2.1770898607,0,23,23,23,1,0,8,0,0.0381655283139,0,0,1,3.9395807512,0,16,NaN,1,ok,2.21044912151,0,0,0,0
861,WLNM_dir_neg,0.995,0.890454545455,00:00:01,10,90,61,512802507,fixed,validated_v2,/gpfs/scratch/acw792/wlnm_roleonly_v2_20260910/result_wlnm_dir_neg_roleonly_trophicv2_100x290_train10-90_Apocrita_20260910_011848/ecological_snapshots/Broadstone_Stream_tax_mass_K10_ratio0.9_exp61_seed512802507_threshold0.5_validated_v2.mat,role_only,2,uniform_without_replacement,uniform_remaining_nonlinks,176,0,176,407,198,198,176,22,0,22,0.111111111111,178,20,0.5,0.909090909091,1,0.952380952381,10,1,0,19,1,0.95,0.05,0,0.909090909091,1,0.952380952381,0.966666666667,0.544444444444,0.926829268293,0.929320377285,0.95,99,89,10,0,99,0,89,0,10,23,99,0.195652173913,2.18974518502,8.60869565217,6.6,4.5,4.59979377438,0.534319478842,0.291611769873,4.28989068105,0.996641269334,0.541062801932,2.91445898002,0.677096530713,0.355731225296,1.07629584498,0.491516479791,2.88826011686,2.18974518502,1.07629584498,2.88826011686,0.351612638569,0.458912768647,121,0.0683229813665,0.291765337837,23,23,23,1,0,0.347826086957,0.608695652174,0.0434782608696,23,0.175889328063,2.2375232078,7.73913043478,5.93333333333,4.04545454545,4.12550152658,0.533070421974,0.290669272106,3.82936438858,0.989611021769,0.534440644846,2.473575767,0.63923868136,0.327308255984,1.12699824766,0.503681143388,3.06704907584,2.2375232078,1.12699824766,3.06704907584,0.2642917469,0.326298701299,67,0.0378317334839,0.238190671762,23,23,23,1,0,0.347826086957,0.608695652174,0.0434782608696,23,100,0.197628458498,2.19232420539,8.69565217391,6.66666666667,4.54545454545,4.56702392263,0.525207751103,0.287826086957,4.29173302199,0.987098595057,0.537391304348,2.8700442767,0.66011018364,0.344347826087,1.0789449202,0.492146607491,2.89371459227,2.19232420539,1.0789449202,2.89371459227,0.372627131323,0.463262764633,124,0.0700169395822,0.284278856065,23,23,23,1,0,0.347826086957,0.608695652174,0.0434782608696,1,0.00197628458498,0.00257902036169,0.0869565217391,0.0666666666667,0.0454545454545,-0.0327698517464,-0.00911172773925,-0.00378568291612,0.00184234094001,-0.00954267427714,-0.00367149758454,-0.0444147033281,-0.0169863470726,-0.0113833992095,0.00264907521816,0.000630127699764,0.00545447541686,0.00257902036169,0.00264907521816,0.00545447541686,0.0210144927536,0.00434999598535,3,0.0016939582157,-0.0074864817722,0,0,0,99,1,0,406,1,0.997542997543,0.002457002457,0,0.99,1,0.994974874372,0.993764342069,0.997542997543,0.99,11,10,0,23,23,23,1,0,8,0,0.0386050732335,0,0,1,3.88826011686,0,16,NaN,1,ok,2.18974518502,0,23,23,23,1,0,8,0,0.0402137452381,0,0,1,4.06704907584,0,16,NaN,1,ok,2.2375232078,0,23,23,23,1,0,8,0,0.039072956257,0,0,1,3.89371459227,0,16,NaN,1,ok,2.19232420539,0,0,0,0
862,WLNM_dir_neg,1,0.9,00:00:00,10,90,62,512802508,fixed,validated_v2,/gpfs/scratch/acw792/wlnm_roleonly_v2_20260910/result_wlnm_dir_neg_roleonly_trophicv2_100x290_train10-90_Apocrita_20260910_011848/ecological_snapshots/Broadstone_Stream_tax_mass_K10_ratio0.9_exp62_seed512802508_threshold0.5_validated_v2.mat,role_only,2,uniform_without_replacement,uniform_remaining_nonlinks,176,0,176,407,198,198,176,22,0,22,0.111111111111,178,20,0.5,1,0.9,0.947368421053,9,0,1,20,0.9,1,0,0.1,1,0.9,0.947368421053,0.966666666667,0.566666666667,0.923076923077,0.925820099773,0.9,99,89,10,0,99,0,89,0,10,23,99,0.195652173913,2.18974518502,8.60869565217,6.6,4.5,4.59979377438,0.534319478842,0.291611769873,4.28989068105,0.996641269334,0.541062801932,2.91445898002,0.677096530713,0.355731225296,1.07629584498,0.491516479791,2.88826011686,2.18974518502,1.07629584498,2.88826011686,0.351612638569,0.458912768647,121,0.0683229813665,0.291765337837,23,23,23,1,0,0.347826086957,0.608695652174,0.0434782608696,23,0.175889328063,2.19548107958,7.73913043478,5.93333333333,4.2380952381,4.53488890617,0.585968791247,0.324377137274,3.95778114864,1.02279737549,0.551050317538,2.91242397991,0.752648893684,0.389838788471,1.0779318314,0.490977508952,2.8372316422,2.19548107958,1.0779318314,2.8372316422,0.359912309912,0.451094890511,103,0.0581592320723,0.269227862085,23,23,23,1,0,0.347826086957,0.565217391304,0.0869565217391,23,98,0.193675889328,2.18876041067,8.52173913043,6.53333333333,4.66666666667,4.6109510478,0.541080990303,0.293700088731,4.21272305915,0.988700309801,0.537710736469,2.97286808722,0.697713938838,0.368234250222,1.07494087534,0.491118566517,2.88826011686,2.18876041067,1.07494087534,2.88826011686,0.357642840252,0.460051546392,119,0.0671936758893,0.293902644974,23,23,23,1,0,0.347826086957,0.565217391304,0.0869565217391,-1,-0.00197628458498,-0.000984774354575,-0.0869565217391,-0.0666666666667,0.166666666667,0.0111572734239,0.0067615114614,0.00208831885851,-0.0771676218939,-0.00794095953291,-0.00335206546387,0.058409107199,0.0206174081254,0.0125030249254,-0.00135496964536,-0.000397913274093,0,-0.000984774354575,-0.00135496964536,0,0.00603020168238,0.00113877774447,-2,-0.00112930547713,0.00213730713731,0,-0.0434782608696,0.0434782608696,98,0,1,407,0.989898989899,1,0,0.010101010101,1,0.989898989899,0.994923857868,0.993716643156,0.989898989899,0.989898989899,9,10,0,23,23,23,1,0,8,0,0.0386050732335,0,0,1,3.88826011686,0,16,NaN,1,ok,2.18974518502,0,23,23,23,1,0,8,0,0.0382612716229,0,0,1,3.8372316422,0,16,NaN,1,ok,2.19548107958,0,23,23,23,1,0,8,0,0.0386582027782,0,0,1,3.88826011686,0,16,NaN,1,ok,2.18876041067,0,0,0,0
863,WLNM_dir_neg,0.905,0.744014939309,00:00:00,10,90,63,512802509,fixed,validated_v2,/gpfs/scratch/acw792/wlnm_roleonly_v2_20260910/result_wlnm_dir_neg_roleonly_trophicv2_100x290_train10-90_Apocrita_20260910_011848/ecological_snapshots/Broadstone_Stream_tax_mass_K10_ratio0.9_exp63_seed512802509_threshold0.5_validated_v2.mat,role_only,2,uniform_without_replacement,uniform_remaining_nonlinks,176,0,176,407,198,198,176,22,0,22,0.111111111111,178,20,0.5,0.777777777778,0.7,0.736842105263,7,2,3,18,0.7,0.9,0.1,0.3,0.777777777778,0.7,0.736842105263,0.833333333333,0.566666666667,0.615384615385,0.617213399848,0.6,99,89,10,0,99,0,89,0,10,23,99,0.195652173913,2.18974518502,8.60869565217,6.6,4.5,4.59979377438,0.534319478842,0.291611769873,4.28989068105,0.996641269334,0.541062801932,2.91445898002,0.677096530713,0.355731225296,1.07629584498,0.491516479791,2.88826011686,2.18974518502,1.07629584498,2.88826011686,0.351612638569,0.458912768647,121,0.0683229813665,0.291765337837,23,23,23,1,0,0.347826086957,0.608695652174,0.0434782608696,23,0.175889328063,2.27862709501,7.73913043478,5.93333333333,4.2380952381,4.40265819812,0.568882800881,0.310210063508,3.85303124856,0.995727176594,0.539325842697,2.68504863383,0.693888972786,0.365412799218,1.18293556801,0.519143992713,3.11145172657,2.27862709501,1.18293556801,3.11145172657,0.330484250049,0.41167192429,87,0.0491247882552,0.245199456628,23,23,23,1,0,0.347826086957,0.565217391304,0.0869565217391,23,98,0.193675889328,2.27730775607,8.52173913043,6.53333333333,4.66666666667,4.64043067376,0.544540334165,0.299911268855,4.31927383737,1.0137071251,0.548358473824,2.83191858037,0.664633952536,0.358473824312,1.17526665081,0.516077217794,3.04091062016,2.27730775607,1.17526665081,3.04091062016,0.37538017538,0.489088575096,127,0.0717108977979,0.265363670721,23,23,23,1,0,0.347826086957,0.565217391304,0.0869565217391,-1,-0.00197628458498,0.0875625710444,-0.0869565217391,-0.0666666666667,0.166666666667,0.0406368993799,0.0102208553236,0.00829949898273,0.0293831563256,0.0170658557635,0.00729567189195,-0.0825403996536,-0.0124625781767,0.00274259901589,0.0989708058304,0.0245607380031,0.152650503306,0.0875625710444,0.0989708058304,0.152650503306,0.023767536811,0.030175806449,6,0.00338791643139,-0.026401667116,0,-0.0434782608696,0.0434782608696,96,2,3,405,0.969696969697,0.995085995086,0.004914004914,0.030303030303,0.979591836735,0.969696969697,0.97461928934,0.968503755354,0.964782964783,0.950495049505,9,10,0,23,23,23,1,0,8,0,0.0386050732335,0,0,1,3.88826011686,0,16,NaN,1,ok,2.18974518502,0,23,23,23,1,0,8,0,0.0405292462973,0,0,1,4.11145172657,0,16,NaN,1,ok,2.27862709501,0,23,23,23,1,0,8,0,0.0421423817023,0,0,1,4.04091062016,0,16,NaN,1,ok,2.27730775607,0,0,0,0
864,WLNM_dir_neg,0.96,0.706398046398,00:00:00,10,90,64,512802510,fixed,validated_v2,/gpfs/scratch/acw792/wlnm_roleonly_v2_20260910/result_wlnm_dir_neg_roleonly_trophicv2_100x290_train10-90_Apocrita_20260910_011848/ecological_snapshots/Broadstone_Stream_tax_mass_K10_ratio0.9_exp64_seed512802510_threshold0.5_validated_v2.mat,role_only,2,uniform_without_replacement,uniform_remaining_nonlinks,176,0,176,407,198,198,176,22,0,22,0.111111111111,178,20,0.5,0.857142857143,0.6,0.705882352941,6,1,4,19,0.6,0.95,0.05,0.4,0.857142857143,0.6,0.705882352941,0.833333333333,0.588888888889,0.594594594595,0.613006033833,0.55,99,89,10,0,99,0,89,0,10,23,99,0.195652173913,2.18974518502,8.60869565217,6.6,4.5,4.59979377438,0.534319478842,0.291611769873,4.28989068105,0.996641269334,0.541062801932,2.91445898002,0.677096530713,0.355731225296,1.07629584498,0.491516479791,2.88826011686,2.18974518502,1.07629584498,2.88826011686,0.351612638569,0.458912768647,121,0.0683229813665,0.291765337837,23,23,23,1,0,0.347826086957,0.608695652174,0.0434782608696,23,0.175889328063,2.24218761567,7.73913043478,5.93333333333,4.04545454545,4.18022825937,0.540141853738,0.296531509526,4.02610061548,1.04045296805,0.559843673669,2.5281029148,0.653329966746,0.347826086957,1.13443727821,0.505951094496,3.11358781462,2.24218761567,1.13443727821,3.11358781462,0.333330920287,0.43125,92,0.0519480519481,0.224097576871,23,23,23,1,0,0.347826086957,0.608695652174,0.0434782608696,23,96,0.189723320158,2.17952713953,8.34782608696,6.4,4.36363636364,4.50866535031,0.540100536756,0.295742753623,4.26030487506,1.02069804298,0.550724637681,2.7741038506,0.66462904754,0.352355072464,1.06397462221,0.488167641005,2.87802597403,2.17952713953,1.06397462221,2.87802597403,0.365656083047,0.451219512195,111,0.0626764539808,0.276360208583,23,23,23,1,0,0.347826086957,0.608695652174,0.0434782608696,-3,-0.00592885375494,-0.0102180454977,-0.260869565217,-0.2,-0.136363636364,-0.0911284240648,0.00578105791438,0.00413098375055,-0.0295858059874,0.0240567736489,0.00966183574879,-0.140355129425,-0.0124674831732,-0.00337615283267,-0.0123212227748,-0.00334883878663,-0.0102341428318,-0.0102180454977,-0.0123212227748,-0.0102341428318,0.0140434444782,-0.00769325645216,-10,-0.00564652738566,-0.0154051292541,0,0,0,95,1,4,406,0.959595959596,0.997542997543,0.002457002457,0.040404040404,0.989583333333,0.959595959596,0.974358974359,0.968416655486,0.957138957139,0.95,7,10,0,23,23,23,1,0,8,0,0.0386050732335,0,0,1,3.88826011686,0,16,NaN,1,ok,2.18974518502,0,23,23,23,1,0,8,0,0.037917498049,0,0,1,4.11358781462,0,16,NaN,1,ok,2.24218761567,0,23,23,23,1,0,8,0,0.0374101168894,0,0,1,3.87802597403,0,16,NaN,1,ok,2.17952713953,0,0,0,0
865,WLNM_dir_neg,0.96,0.769025974026,00:00:00,10,90,65,512802511,fixed,validated_v2,/gpfs/scratch/acw792/wlnm_roleonly_v2_20260910/result_wlnm_dir_neg_roleonly_trophicv2_100x290_train10-90_Apocrita_20260910_011848/ecological_snapshots/Broadstone_Stream_tax_mass_K10_ratio0.9_exp65_seed512802511_threshold0.5_validated_v2.mat,role_only,2,uniform_without_replacement,uniform_remaining_nonlinks,176,0,176,407,198,198,176,22,0,22,0.111111111111,178,20,0.5,0.909090909091,1,0.952380952381,10,1,0,19,1,0.95,0.05,0,0.909090909091,1,0.952380952381,0.966666666667,0.544444444444,0.926829268293,0.929320377285,0.95,99,89,10,0,99,0,89,0,10,23,99,0.195652173913,2.18974518502,8.60869565217,6.6,4.5,4.59979377438,0.534319478842,0.291611769873,4.28989068105,0.996641269334,0.541062801932,2.91445898002,0.677096530713,0.355731225296,1.07629584498,0.491516479791,2.88826011686,2.18974518502,1.07629584498,2.88826011686,0.351612638569,0.458912768647,121,0.0683229813665,0.291765337837,23,23,23,1,0,0.347826086957,0.608695652174,0.0434782608696,23,0.175889328063,2.19283377186,7.73913043478,5.93333333333,4.04545454545,4.10340647073,0.530215442847,0.292623351246,3.86481033083,0.998771209091,0.539325842697,2.54601913558,0.657960001329,0.339032730826,1.1031268177,0.503059936352,2.96659881074,2.19283377186,1.1031268177,2.96659881074,0.302476267694,0.385579937304,82,0.0463015245624,0.255417148989,23,23,23,1,0,0.347826086957,0.608695652174,0.0434782608696,23,100,0.197628458498,2.19426473583,8.69565217391,6.66666666667,4.34782608696,4.684935069,0.538767532936,0.295217391304,4.35481651479,1.0016077984,0.54347826087,2.85416275978,0.656457434748,0.342608695652,1.08329057647,0.49369183161,2.89788703201,2.19426473583,1.08329057647,2.89788703201,0.351612638569,0.458912768647,121,0.0683229813665,0.289174912389,23,23,23,1,0,0.347826086957,0.652173913043,0,1,0.00197628458498,0.00451955080502,0.0869565217391,0.0666666666667,-0.152173913043,0.0851412946276,0.00444805409376,0.00360562143171,0.0649258337408,0.00496652906703,0.0024154589372,-0.0602962202491,-0.0206390959644,-0.0131225296443,0.00699473148474,0.00217535181825,0.00962691514916,0.00451955080502,0.00699473148474,0.00962691514916,0,0,0,0,-0.00259042544757,0,0.0434782608696,-0.0434782608696,99,1,0,406,1,0.997542997543,0.002457002457,0,0.99,1,0.994974874372,0.993764342069,0.997542997543,0.99,11,10,0,23,23,23,1,0,8,0,0.0386050732335,0,0,1,3.88826011686,0,16,NaN,1,ok,2.18974518502,0,23,23,23,1,0,8,0,0.0393710809977,0,0,1,3.96659881074,0,16,NaN,1,ok,2.19283377186,0,23,23,23,1,0,8,0,0.0386101799287,0,0,1,3.89788703201,0,16,NaN,1,ok,2.19426473583,0,0,0,0
866,WLNM_dir_neg,0.945,0.838128654971,00:00:01,10,90,66,512802512,fixed,validated_v2,/gpfs/scratch/acw792/wlnm_roleonly_v2_20260910/result_wlnm_dir_neg_roleonly_trophicv2_100x290_train10-90_Apocrita_20260910_011848/ecological_snapshots/Broadstone_Stream_tax_mass_K10_ratio0.9_exp66_seed512802512_threshold0.5_validated_v2.mat,role_only,2,uniform_without_replacement,uniform_remaining_nonlinks,176,0,176,407,198,198,176,22,0,22,0.111111111111,178,20,0.5,1,0.8,0.888888888889,8,0,2,20,0.8,1,0,0.2,1,0.8,0.888888888889,0.933333333333,0.577777777778,0.842105263158,0.852802865422,0.8,99,89,10,0,99,0,89,0,10,23,99,0.195652173913,2.18974518502,8.60869565217,6.6,4.5,4.59979377438,0.534319478842,0.291611769873,4.28989068105,0.996641269334,0.541062801932,2.91445898002,0.677096530713,0.355731225296,1.07629584498,0.491516479791,2.88826011686,2.18974518502,1.07629584498,2.88826011686,0.351612638569,0.458912768647,121,0.0683229813665,0.291765337837,23,23,23,1,0,0.347826086957,0.608695652174,0.0434782608696,23,0.175889328063,2.19190474705,7.73913043478,5.93333333333,4.04545454545,4.31927383737,0.558108417189,0.304836345872,4.00345700416,1.03460124827,0.557889594529,2.61645749103,0.676163171839,0.361504640938,1.09720684024,0.500572318081,3.01334457901,2.19190474705,1.09720684024,3.01334457901,0.337025776156,0.4416,92,0.0519480519481,0.235407215722,23,23,23,1,0,0.347826086957,0.608695652174,0.0434782608696,23,97,0.191699604743,2.19089500581,8.4347826087,6.46666666667,4.40909090909,4.52092193893,0.535985590697,0.291797400269,4.18825763012,0.99309201539,0.538771851188,2.96887676555,0.703960470182,0.368444643658,1.07805763886,0.492062666628,2.8907093043,2.19089500581,1.07805763886,2.8907093043,0.345989035119,0.448412698413,113,0.0638057594579,0.292731910946,23,23,23,1,0,0.347826086957,0.608695652174,0.0434782608696,-2,-0.00395256916996,0.0011498207806,-0.173913043478,-0.133333333333,-0.0909090909091,-0.0788718354508,0.00166611185567,0.000185630396298,-0.101633050924,-0.00354925394419,-0.00229095074456,0.0544177855238,0.0268639394688,0.0127134183611,0.00176179387551,0.000546186836826,0.00244918744563,0.0011498207806,0.00176179387551,0.00244918744563,-0.00562360344969,-0.0105000702346,-8,-0.00451722190853,0.00096657310943,0,0,0,97,0,2,407,0.979797979798,1,0,0.020202020202,1,0.979797979798,0.989795918367,0.987424321977,0.979797979798,0.979797979798,8,10,0,23,23,23,1,0,8,0,0.0386050732335,0,0,1,3.88826011686,0,16,NaN,1,ok,2.18974518502,0,23,23,23,1,0,8,0,0.027947851705,0,0,1,4.01334457901,0,16,NaN,1,ok,2.19190474705,0,23,23,23,1,0,8,0,0.0383625659566,0,0,1,3.8907093043,0,16,NaN,1,ok,2.19089500581,0,0,0,0
867,WLNM_dir_neg,1,0.8,00:00:00,10,90,67,512802513,fixed,validated_v2,/gpfs/scratch/acw792/wlnm_roleonly_v2_20260910/result_wlnm_dir_neg_roleonly_trophicv2_100x290_train10-90_Apocrita_20260910_011848/ecological_snapshots/Broadstone_Stream_tax_mass_K10_ratio0.9_exp67_seed512802513_threshold0.5_validated_v2.mat,role_only,2,uniform_without_replacement,uniform_remaining_nonlinks,176,0,176,407,198,198,176,22,0,22,0.111111111111,178,20,0.5,1,0.9,0.947368421053,9,0,1,20,0.9,1,0,0.1,1,0.9,0.947368421053,0.966666666667,0.566666666667,0.923076923077,0.925820099773,0.9,99,89,10,0,99,0,89,0,10,23,99,0.195652173913,2.18974518502,8.60869565217,6.6,4.5,4.59979377438,0.534319478842,0.291611769873,4.28989068105,0.996641269334,0.541062801932,2.91445898002,0.677096530713,0.355731225296,1.07629584498,0.491516479791,2.88826011686,2.18974518502,1.07629584498,2.88826011686,0.351612638569,0.458912768647,121,0.0683229813665,0.291765337837,23,23,23,1,0,0.347826086957,0.608695652174,0.0434782608696,23,0.175889328063,2.19889739113,7.73913043478,5.93333333333,4.2380952381,4.36116530825,0.563521360054,0.304836345872,3.84121604592,0.992673809621,0.540302882267,2.80104441278,0.723865410045,0.37713727406,1.08931403413,0.49539102576,2.9580793067,2.19889739113,1.08931403413,2.9580793067,0.341488704532,0.43264659271,91,0.0513833992095,0.25170139229,23,23,23,1,0,0.347826086957,0.565217391304,0.0869565217391,23,98,0.193675889328,2.18935173603,8.52173913043,6.53333333333,4.45454545455,4.5613949742,0.535265736769,0.291925465839,4.23424772007,0.993752015935,0.539485359361,2.91106652284,0.683209490054,0.355811889973,1.07569578868,0.491330730909,2.88742204682,2.18935173603,1.07569578868,2.88742204682,0.349158329593,0.449612403101,116,0.0654997176736,0.289707342922,23,23,23,1,0,0.347826086957,0.608695652174,0.0434782608696,-1,-0.00197628458498,-0.000393448998825,-0.0869565217391,-0.0666666666667,-0.0454545454545,-0.0383988001755,0.000946257926774,0.00031369596587,-0.0556429609746,-0.00288925339878,-0.00157744257123,-0.00339245718521,0.00611295934136,8.0664676938e-05,-0.000600056305551,-0.000185748882639,-0.000838070040723,-0.000393448998825,-0.000600056305551,-0.000838070040723,-0.00245430897605,-0.00930036554651,-5,-0.00282326369283,-0.00205799491514,0,0,0,98,0,1,407,0.989898989899,1,0,0.010101010101,1,0.989898989899,0.994923857868,0.993716643156,0.989898989899,0.989898989899,9,10,0,23,23,23,1,0,8,0,0.0386050732335,0,0,1,3.88826011686,0,16,NaN,1,ok,2.18974518502,0,23,23,23,1,0,8,0,0.0329098195881,0,0,1,3.9580793067,0,16,NaN,1,ok,2.19889739113,0,23,23,23,1,0,8,0,0.0386903658208,0,0,1,3.88742204682,0,16,NaN,1,ok,2.18935173603,0,0,0,0
868,WLNM_dir_neg,0.9275,0.714817821068,00:00:00,10,90,68,512802514,fixed,validated_v2,/gpfs/scratch/acw792/wlnm_roleonly_v2_20260910/result_wlnm_dir_neg_roleonly_trophicv2_100x290_train10-90_Apocrita_20260910_011848/ecological_snapshots/Broadstone_Stream_tax_mass_K10_ratio0.9_exp68_seed512802514_threshold0.5_validated_v2.mat,role_only,2,uniform_without_replacement,uniform_remaining_nonlinks,176,0,176,407,198,198,176,22,0,22,0.111111111111,178,20,0.5,0.818181818182,0.9,0.857142857143,9,2,1,18,0.9,0.9,0.1,0.1,0.818181818182,0.9,0.857142857143,0.9,0.544444444444,0.780487804878,0.782585580871,0.8,99,89,10,0,99,0,89,0,10,23,99,0.195652173913,2.18974518502,8.60869565217,6.6,4.5,4.59979377438,0.534319478842,0.291611769873,4.28989068105,0.996641269334,0.541062801932,2.91445898002,0.677096530713,0.355731225296,1.07629584498,0.491516479791,2.88826011686,2.18974518502,1.07629584498,2.88826011686,0.351612638569,0.458912768647,121,0.0683229813665,0.291765337837,23,23,23,1,0,0.347826086957,0.608695652174,0.0434782608696,23,0.175889328063,2.21242327502,7.73913043478,5.93333333333,4.04545454545,3.96825346634,0.512751852392,0.280410356619,3.89993412329,1.00784814422,0.547142159257,2.5281029148,0.653329966746,0.353688324377,1.09660176297,0.495656403255,2.93426862227,2.21242327502,1.09660176297,2.93426862227,0.329030565394,0.427906976744,92,0.0519480519481,0.231331419903,23,23,23,1,0,0.347826086957,0.608695652174,0.0434782608696,23,100,0.197628458498,2.21372163604,8.69565217391,6.66666666667,4.54545454545,4.71395204404,0.542104485065,0.294782608696,4.30231117226,0.989531569619,0.538260869565,3.03926868674,0.69903179795,0.370434782609,1.08688863797,0.490978007478,2.89181949372,2.21372163604,1.08688863797,2.89181949372,0.363912174782,0.479704797048,130,0.0734048560136,0.292285247432,23,23,23,1,0,0.347826086957,0.608695652174,0.0434782608696,1,0.00197628458498,0.0239764510154,0.0869565217391,0.0666666666667,0.0454545454545,0.114158269664,0.00778500622292,0.00317083882301,0.0124204912095,-0.00710969971516,-0.00280193236715,0.124809706715,0.0219352672374,0.0147035573123,0.0105927929904,-0.000538472313394,0.00355937685873,0.0239764510154,0.0105927929904,0.00355937685873,0.0122995362126,0.0207920284007,9,0.00508187464709,0.00051990959554,0,0,0,98,2,1,405,0.989898989899,0.995085995086,0.004914004914,0.010101010101,0.98,0.989898989899,0.984924623116,0.981253898792,0.984984984985,0.970297029703,11,10,0,23,23,23,1,0,8,0,0.0386050732335,0,0,1,3.88826011686,0,16,NaN,1,ok,2.18974518502,0,23,23,23,1,0,8,0,0.0294704548425,0,0,1,3.93426862227,0,16,NaN,1,ok,2.21242327502,0,23,23,23,1,0,8,0,0.0386085782741,0,0,1,3.89181949372,0,16,NaN,1,ok,2.21372163604,0,0,0,0
869,WLNM_dir_neg,0.98,0.863484848485,00:00:00,10,90,69,512802515,fixed,validated_v2,/gpfs/scratch/acw792/wlnm_roleonly_v2_20260910/result_wlnm_dir_neg_roleonly_trophicv2_100x290_train10-90_Apocrita_20260910_011848/ecological_snapshots/Broadstone_Stream_tax_mass_K10_ratio0.9_exp69_seed512802515_threshold0.5_validated_v2.mat,role_only,2,uniform_without_replacement,uniform_remaining_nonlinks,176,0,176,407,198,198,176,22,0,22,0.111111111111,178,20,0.5,0.888888888889,0.8,0.842105263158,8,1,2,19,0.8,0.95,0.05,0.2,0.888888888889,0.8,0.842105263158,0.9,0.566666666667,0.769230769231,0.77151674981,0.75,99,89,10,0,99,0,89,0,10,23,99,0.195652173913,2.18974518502,8.60869565217,6.6,4.5,4.59979377438,0.534319478842,0.291611769873,4.28989068105,0.996641269334,0.541062801932,2.91445898002,0.677096530713,0.355731225296,1.07629584498,0.491516479791,2.88826011686,2.18974518502,1.07629584498,2.88826011686,0.351612638569,0.458912768647,121,0.0683229813665,0.291765337837,23,23,23,1,0,0.347826086957,0.608695652174,0.0434782608696,23,0.175889328063,2.19525634623,7.73913043478,5.93333333333,4.04545454545,4.4844923834,0.579456881001,0.319980459209,4.00345700416,1.03460124827,0.556912554958,2.61645749103,0.676163171839,0.366389838788,1.08613061265,0.494762543115,2.8957400722,2.19525634623,1.08613061265,2.8957400722,0.333622174927,0.456621004566,100,0.0564652738566,0.223981964969,23,23,23,1,0,0.347826086957,0.608695652174,0.0434782608696,23,98,0.193675889328,2.18670745008,8.52173913043,6.53333333333,4.45454545455,4.7277667726,0.55478895801,0.304347826087,4.43352303278,1.04052071178,0.560780834073,2.73391812247,0.641633845071,0.336291038154,1.07231904296,0.490380660166,2.88188333665,2.18670745008,1.07231904296,2.88188333665,0.350865318257,0.458598726115,120,0.0677583286279,0.259006617165,23,23,23,1,0,0.347826086957,0.608695652174,0.0434782608696,-1,-0.00197628458498,-0.00303773494742,-0.0869565217391,-0.0666666666667,-0.0454545454545,0.127972998226,0.0204694791677,0.0127360562143,0.143632351735,0.0438794424413,0.0197180321404,-0.18054085755,-0.0354626856422,-0.0194401871421,-0.00397680202486,-0.00113581962547,-0.00637678020642,-0.00303773494742,-0.00397680202486,-0.00637678020642,-0.000747320312538,-0.000314042532632,-1,-0.000564652738566,-0.0327587206723,0,0,0,97,1,2,406,0.979797979798,0.997542997543,0.002457002457,0.020202020202,0.989795918367,0.979797979798,0.984771573604,0.981110199255,0.977340977341,0.97,9,10,0,23,23,23,1,0,8,0,0.0386050732335,0,0,1,3.88826011686,0,16,NaN,1,ok,2.18974518502,0,23,23,23,1,0,8,0,0.0287392955624,0,0,1,3.8957400722,0,16,NaN,1,ok,2.19525634623,0,23,23,23,1,0,8,0,0.0230118243081,0,0,1,3.88188333665,0,16,NaN,1,ok,2.18670745008,0,0,0,0
870,WLNM_dir_neg,0.96,0.789678932179,00:00:00,10,90,70,512802516,fixed,validated_v2,/gpfs/scratch/acw792/wlnm_roleonly_v2_20260910/result_wlnm_dir_neg_roleonly_trophicv2_100x290_train10-90_Apocrita_20260910_011848/ecological_snapshots/Broadstone_Stream_tax_mass_K10_ratio0.9_exp70_seed512802516_threshold0.5_validated_v2.mat,role_only,2,uniform_without_replacement,uniform_remaining_nonlinks,176,0,176,407,198,198,176,22,0,22,0.111111111111,178,20,0.5,0.833333333333,1,0.909090909091,10,2,0,18,1,0.9,0.1,0,0.833333333333,1,0.909090909091,0.933333333333,0.533333333333,0.857142857143,0.866025403784,0.9,99,89,10,0,99,0,89,0,10,23,99,0.195652173913,2.18974518502,8.60869565217,6.6,4.5,4.59979377438,0.534319478842,0.291611769873,4.28989068105,0.996641269334,0.541062801932,2.91445898002,0.677096530713,0.355731225296,1.07629584498,0.491516479791,2.88826011686,2.18974518502,1.07629584498,2.88826011686,0.351612638569,0.458912768647,121,0.0683229813665,0.291765337837,23,23,23,1,0,0.347826086957,0.608695652174,0.0434782608696,23,0.175889328063,2.18874454393,7.73913043478,5.93333333333,4.04545454545,4.19108785297,0.541545059653,0.298974108451,3.9115719675,1.01085567699,0.546165119687,2.71869533928,0.702584188803,0.375183194919,1.0721507431,0.489847362989,2.83632009411,2.18874454393,1.0721507431,2.83632009411,0.338880925837,0.466666666667,105,0.0592885375494,0.251436094251,23,23,23,1,0,0.347826086957,0.608695652174,0.0434782608696,23,101,0.199604743083,2.1953043695,8.78260869565,6.73333333333,4.59090909091,4.57221372422,0.520598592361,0.286267757211,4.41834121933,1.00615691133,0.544984933276,2.85623926988,0.650430724824,0.341799397331,1.07115912326,0.48793194153,2.89095701992,2.1953043695,1.07115912326,2.89095701992,0.378128393346,0.464068209501,127,0.0717108977979,0.288423185289,23,23,23,1,0,0.347826086957,0.608695652174,0.0434782608696,2,0.00395256916996,0.0055591844752,0.173913043478,0.133333333333,0.0909090909091,-0.0275800501598,-0.0137208864804,-0.00534401266214,0.128450538283,0.00951564199848,0.00392213134357,-0.0582197101455,-0.0266658058888,-0.0139318279654,-0.00513672172415,-0.00358453826141,0.00269690306168,0.0055591844752,-0.00513672172415,0.00269690306168,0.0265157547766,0.00515544085333,6,0.00338791643139,-0.00334215254826,0,0,0,99,2,0,405,1,0.995085995086,0.004914004914,0,0.980198019802,1,0.99,0.987613953889,0.995085995086,0.980198019802,12,10,0,23,23,23,1,0,8,0,0.0386050732335,0,0,1,3.88826011686,0,16,NaN,1,ok,2.18974518502,0,23,23,23,1,0,8,0,0.0385385300803,0,0,1,3.83632009411,0,16,NaN,1,ok,2.18874454393,0,23,23,23,1,0,8,0,0.0386366157966,0,0,1,3.89095701992,0,16,NaN,1,ok,2.1953043695,0,0,0,0
871,WLNM_dir_neg,1,0.9,00:00:00,10,90,71,512802517,fixed,validated_v2,/gpfs/scratch/acw792/wlnm_roleonly_v2_20260910/result_wlnm_dir_neg_roleonly_trophicv2_100x290_train10-90_Apocrita_20260910_011848/ecological_snapshots/Broadstone_Stream_tax_mass_K10_ratio0.9_exp71_seed512802517_threshold0.5_validated_v2.mat,role_only,2,uniform_without_replacement,uniform_remaining_nonlinks,176,0,176,407,198,198,176,22,0,22,0.111111111111,178,20,0.5,1,0.9,0.947368421053,9,0,1,20,0.9,1,0,0.1,1,0.9,0.947368421053,0.966666666667,0.566666666667,0.923076923077,0.925820099773,0.9,99,89,10,0,99,0,89,0,10,23,99,0.195652173913,2.18974518502,8.60869565217,6.6,4.5,4.59979377438,0.534319478842,0.291611769873,4.28989068105,0.996641269334,0.541062801932,2.91445898002,0.677096530713,0.355731225296,1.07629584498,0.491516479791,2.88826011686,2.18974518502,1.07629584498,2.88826011686,0.351612638569,0.458912768647,121,0.0683229813665,0.291765337837,23,23,23,1,0,0.347826086957,0.608695652174,0.0434782608696,23,0.175889328063,2.16863047179,7.73913043478,5.93333333333,4.04545454545,4.29817499648,0.555382162467,0.306790425012,3.88826144634,1.00483160973,0.543234000977,2.71869533928,0.702584188803,0.369320957499,1.04994093753,0.484149305838,2.84041835719,2.16863047179,1.04994093753,2.84041835719,0.348334033117,0.468181818182,103,0.0581592320723,0.255835802853,23,23,23,1,0,0.347826086957,0.608695652174,0.0434782608696,23,98,0.193675889328,2.18974518502,8.52173913043,6.53333333333,4.45454545455,4.58128173031,0.53759938672,0.293700088731,4.26633109682,1.00128178803,0.543034605146,2.81582203893,0.660856192811,0.349600709849,1.07629584498,0.491516479791,2.88826011686,2.18974518502,1.07629584498,2.88826011686,0.352037093341,0.465717981889,120,0.0677583286279,0.281831475403,23,23,23,1,0,0.347826086957,0.608695652174,0.0434782608696,-1,-0.00197628458498,0,-0.0869565217391,-0.0666666666667,-0.0454545454545,-0.0185120440652,0.00327990787849,0.00208831885851,-0.0235595842302,0.00464051869428,0.00197180321404,-0.0986369410914,-0.0162403379019,-0.00613051544729,0,0,0,0,0,0,0.000424454772281,0.00680521324146,-1,-0.000564652738566,-0.00993386243386,0,0,0,98,0,1,407,0.989898989899,1,0,0.010101010101,1,0.989898989899,0.994923857868,0.993716643156,0.989898989899,0.989898989899,9,10,0,23,23,23,1,0,8,0,0.0386050732335,0,0,1,3.88826011686,0,16,NaN,1,ok,2.18974518502,0,23,23,23,1,0,8,0,0.0399890364252,0,0,1,3.84041835719,0,16,NaN,1,ok,2.16863047179,0,23,23,23,1,0,8,0,0.0411680754288,0,0,1,3.88826011686,0,16,NaN,1,ok,2.18974518502,0,0,0,0
872,WLNM_dir_neg,0.97,0.742373737374,00:00:00,10,90,72,512802518,fixed,validated_v2,/gpfs/scratch/acw792/wlnm_roleonly_v2_20260910/result_wlnm_dir_neg_roleonly_trophicv2_100x290_train10-90_Apocrita_20260910_011848/ecological_snapshots/Broadstone_Stream_tax_mass_K10_ratio0.9_exp72_seed512802518_threshold0.5_validated_v2.mat,role_only,2,uniform_without_replacement,uniform_remaining_nonlinks,176,0,176,407,198,198,176,22,0,22,0.111111111111,178,20,0.5,0.833333333333,1,0.909090909091,10,2,0,18,1,0.9,0.1,0,0.833333333333,1,0.909090909091,0.933333333333,0.533333333333,0.857142857143,0.866025403784,0.9,99,89,10,0,99,0,89,0,10,23,99,0.195652173913,2.18974518502,8.60869565217,6.6,4.5,4.59979377438,0.534319478842,0.291611769873,4.28989068105,0.996641269334,0.541062801932,2.91445898002,0.677096530713,0.355731225296,1.07629584498,0.491516479791,2.88826011686,2.18974518502,1.07629584498,2.88826011686,0.351612638569,0.458912768647,121,0.0683229813665,0.291765337837,23,23,23,1,0,0.347826086957,0.608695652174,0.0434782608696,23,0.175889328063,2.10664490267,7.73913043478,5.93333333333,4.04545454545,4.23424772007,0.547121896414,0.299462628236,3.95778114864,1.02279737549,0.553004396678,2.61645749103,0.676163171839,0.344894968246,1.00369848113,0.476444074583,2.78742317823,2.10664490267,1.00369848113,2.78742317823,0.298511150685,0.379518072289,84,0.0474308300395,0.24778936905,23,23,23,1,0,0.347826086957,0.608695652174,0.0434782608696,23,101,0.199604743083,2.17970670622,8.78260869565,6.73333333333,4.59090909091,4.58214441401,0.521729314466,0.287559190702,4.46948370452,1.01780321984,0.54928971158,2.88789212898,0.657638801649,0.349547998278,1.06338607455,0.487857412886,2.88826011686,2.17970670622,1.06338607455,2.88826011686,0.398917507613,0.463503649635,127,0.0717108977979,0.291207869685,23,23,23,1,0,0.347826086957,0.608695652174,0.0434782608696,2,0.00395256916996,-0.0100384788052,0.173913043478,0.133333333333,0.0909090909091,-0.0176493603685,-0.0125901643755,-0.00405257917096,0.179593023474,0.0211619505072,0.00822690964749,-0.0265668510458,-0.0194577290642,-0.00618322701835,-0.0129097704367,-0.00365906690524,0,-0.0100384788052,-0.0129097704367,0,0.047304869044,0.00459088098775,6,0.00338791643139,-0.000557468151453,0,0,0,99,2,0,405,1,0.995085995086,0.004914004914,0,0.980198019802,1,0.99,0.987613953889,0.995085995086,0.980198019802,12,10,0,23,23,23,1,0,8,0,0.0386050732335,0,0,1,3.88826011686,0,16,NaN,1,ok,2.18974518502,0,23,23,23,1,0,8,0,0.0296750623992,0,0,1,3.78742317823,0,16,NaN,1,ok,2.10664490267,0,23,23,23,1,0,8,0,0.0389176533072,0,0,1,3.88826011686,0,16,NaN,1,ok,2.17970670622,0,0,0,0
873,WLNM_dir_neg,0.995,0.890454545455,00:00:00,10,90,73,512802519,fixed,validated_v2,/gpfs/scratch/acw792/wlnm_roleonly_v2_20260910/result_wlnm_dir_neg_roleonly_trophicv2_100x290_train10-90_Apocrita_20260910_011848/ecological_snapshots/Broadstone_Stream_tax_mass_K10_ratio0.9_exp73_seed512802519_threshold0.5_validated_v2.mat,role_only,2,uniform_without_replacement,uniform_remaining_nonlinks,176,0,176,407,198,198,176,22,0,22,0.111111111111,178,20,0.5,1,0.9,0.947368421053,9,0,1,20,0.9,1,0,0.1,1,0.9,0.947368421053,0.966666666667,0.566666666667,0.923076923077,0.925820099773,0.9,99,89,10,0,99,0,89,0,10,23,99,0.195652173913,2.18974518502,8.60869565217,6.6,4.5,4.59979377438,0.534319478842,0.291611769873,4.28989068105,0.996641269334,0.541062801932,2.91445898002,0.677096530713,0.355731225296,1.07629584498,0.491516479791,2.88826011686,2.18974518502,1.07629584498,2.88826011686,0.351612638569,0.458912768647,121,0.0683229813665,0.291765337837,23,23,23,1,0,0.347826086957,0.608695652174,0.0434782608696,23,0.175889328063,2.20566099746,7.73913043478,5.93333333333,4.2380952381,4.31927383737,0.558108417189,0.310210063508,3.76954720968,0.974152649693,0.530532486566,2.8810406552,0.744538596288,0.395701025892,1.09369495379,0.495858137335,2.92094217657,2.20566099746,1.09369495379,2.92094217657,0.347571872572,0.461206896552,107,0.0604178430265,0.277345528732,23,23,23,1,0,0.347826086957,0.565217391304,0.0869565217391,23,98,0.193675889328,2.18876041067,8.52173913043,6.53333333333,4.66666666667,4.6109510478,0.541080990303,0.293700088731,4.21272305915,0.988700309801,0.537710736469,2.97286808722,0.697713938838,0.368234250222,1.07494087534,0.491118566517,2.88826011686,2.18876041067,1.07494087534,2.88826011686,0.357642840252,0.460051546392,119,0.0671936758893,0.293902644974,23,23,23,1,0,0.347826086957,0.565217391304,0.0869565217391,-1,-0.00197628458498,-0.000984774354575,-0.0869565217391,-0.0666666666667,0.166666666667,0.0111572734239,0.0067615114614,0.00208831885851,-0.0771676218939,-0.00794095953291,-0.00335206546387,0.058409107199,0.0206174081254,0.0125030249254,-0.00135496964536,-0.000397913274093,0,-0.000984774354575,-0.00135496964536,0,0.00603020168238,0.00113877774447,-2,-0.00112930547713,0.00213730713731,0,-0.0434782608696,0.0434782608696,98,0,1,407,0.989898989899,1,0,0.010101010101,1,0.989898989899,0.994923857868,0.993716643156,0.989898989899,0.989898989899,9,10,0,23,23,23,1,0,8,0,0.0386050732335,0,0,1,3.88826011686,0,16,NaN,1,ok,2.18974518502,0,23,23,23,1,0,8,0,0.0355529143559,0,0,1,3.92094217657,0,16,NaN,1,ok,2.20566099746,0,23,23,23,1,0,8,0,0.0386582027782,0,0,1,3.88826011686,0,16,NaN,1,ok,2.18876041067,0,0,0,0
874,WLNM_dir_neg,0.97,0.819898989899,00:00:00,10,90,74,512802520,fixed,validated_v2,/gpfs/scratch/acw792/wlnm_roleonly_v2_20260910/result_wlnm_dir_neg_roleonly_trophicv2_100x290_train10-90_Apocrita_20260910_011848/ecological_snapshots/Broadstone_Stream_tax_mass_K10_ratio0.9_exp74_seed512802520_threshold0.5_validated_v2.mat,role_only,2,uniform_without_replacement,uniform_remaining_nonlinks,176,0,176,407,198,198,176,22,0,22,0.111111111111,178,20,0.5,0.9,0.9,0.9,9,1,1,19,0.9,0.95,0.05,0.1,0.9,0.9,0.9,0.933333333333,0.555555555556,0.85,0.85,0.85,99,89,10,0,99,0,89,0,10,23,99,0.195652173913,2.18974518502,8.60869565217,6.6,4.5,4.59979377438,0.534319478842,0.291611769873,4.28989068105,0.996641269334,0.541062801932,2.91445898002,0.677096530713,0.355731225296,1.07629584498,0.491516479791,2.88826011686,2.18974518502,1.07629584498,2.88826011686,0.351612638569,0.458912768647,121,0.0683229813665,0.291765337837,23,23,23,1,0,0.347826086957,0.608695652174,0.0434782608696,23,0.175889328063,2.21954624564,7.73913043478,5.93333333333,4.04545454545,4.36116530825,0.563521360054,0.308255984367,4.10436959866,1.06067978392,0.56765999023,2.66806616768,0.689500245579,0.370297997069,1.12566472657,0.507159843499,3.00176420489,2.21954624564,1.12566472657,3.00176420489,0.335555748599,0.469040247678,101,0.0570299265951,0.2336849565,23,23,23,1,0,0.347826086957,0.608695652174,0.0434782608696,23,99,0.195652173913,2.14628246159,8.60869565217,6.6,4.5,4.57998740009,0.532018738394,0.289855072464,4.31103006683,1.00155243977,0.543697848046,2.9608779811,0.687880743084,0.357487922705,1.04062882018,0.484851755909,2.84693511663,2.14628246159,1.04062882018,2.84693511663,0.348981935938,0.465321563682,123,0.0694522868436,0.298080927009,23,23,23,1,0,0.347826086957,0.608695652174,0.0434782608696,0,0,-0.0434627234385,0,0,0,-0.0198063742874,-0.00230074044753,-0.00175669740887,0.0211393857876,0.00491117043551,0.00263504611331,0.0464190010772,0.0107842123715,0.00175669740887,-0.0356670248062,-0.00666472388216,-0.0413250002327,-0.0434627234385,-0.0356670248062,-0.0413250002327,-0.0026307026307,0.00640879503494,2,0.00112930547713,0.00631558917273,0,0,0,98,1,1,406,0.989898989899,0.997542997543,0.002457002457,0.010101010101,0.989898989899,0.989898989899,0.989898989899,0.987441987442,0.987441987442,0.98,10,10,0,23,23,23,1,0,8,0,0.0386050732335,0,0,1,3.88826011686,0,16,NaN,1,ok,2.18974518502,0,23,23,23,1,0,8,0,0.0319765395432,0,0,1,4.00176420489,0,16,NaN,1,ok,2.21954624564,0,23,23,23,1,0,8,0,0.037471905756,0,0,1,3.84693511663,0,16,NaN,1,ok,2.14628246159,0,0,0,0
875,WLNM_dir_neg,0.855,0.737343073593,00:00:00,10,90,75,512802521,fixed,validated_v2,/gpfs/scratch/acw792/wlnm_roleonly_v2_20260910/result_wlnm_dir_neg_roleonly_trophicv2_100x290_train10-90_Apocrita_20260910_011848/ecological_snapshots/Broadstone_Stream_tax_mass_K10_ratio0.9_exp75_seed512802521_threshold0.5_validated_v2.mat,role_only,2,uniform_without_replacement,uniform_remaining_nonlinks,176,0,176,407,198,198,176,22,0,22,0.111111111111,178,20,0.5,1,0.5,0.666666666667,5,0,5,20,0.5,1,0,0.5,1,0.5,0.666666666667,0.833333333333,0.611111111111,0.571428571429,0.632455532034,0.5,99,89,10,0,99,0,89,0,10,23,99,0.195652173913,2.18974518502,8.60869565217,6.6,4.5,4.59979377438,0.534319478842,0.291611769873,4.28989068105,0.996641269334,0.541062801932,2.91445898002,0.677096530713,0.355731225296,1.07629584498,0.491516479791,2.88826011686,2.18974518502,1.07629584498,2.88826011686,0.351612638569,0.458912768647,121,0.0683229813665,0.291765337837,23,23,23,1,0,0.347826086957,0.608695652174,0.0434782608696,23,0.175889328063,2.23511780063,7.73913043478,5.93333333333,4.2380952381,4.12550152658,0.533070421974,0.2843185149,3.82936438858,0.989611021769,0.535417684416,2.63377274898,0.680637901422,0.357596482658,1.13807974546,0.509181102287,3.23535952557,2.23511780063,1.13807974546,3.23535952557,0.328014256275,0.427868852459,87,0.0491247882552,0.254319057848,23,23,23,1,0,0.347826086957,0.565217391304,0.0869565217391,23,94,0.185770750988,2.22463827582,8.17391304348,6.26666666667,4.47619047619,4.24962216409,0.519900583905,0.280296022202,4.05544576048,0.992289920118,0.536540240518,2.8906281714,0.707281361087,0.36540240518,1.12132791942,0.504049548914,3.06974784859,2.22463827582,1.12132791942,3.06974784859,0.330555434903,0.420520231214,97,0.0547713156409,0.28291816649,23,23,23,1,0,0.347826086957,0.565217391304,0.0869565217391,-5,-0.0098814229249,0.034893090792,-0.434782608696,-0.333333333333,-0.0238095238095,-0.350171610284,-0.0144188949368,-0.011315747671,-0.234444920566,-0.00435134921645,-0.00452256141433,-0.0238308086235,0.0301848303747,0.00967117988395,0.0450320744383,0.0125330691224,0.181487731731,0.034893090792,0.0450320744383,0.181487731731,-0.0210572036659,-0.0383925374334,-24,-0.0135516657256,-0.00884717134717,0,-0.0434782608696,0.0434782608696,94,0,5,407,0.949494949495,1,0,0.0505050505051,1,0.949494949495,0.974093264249,0.968489521128,0.949494949495,0.949494949495,5,10,0,23,23,23,1,0,8,0,0.0386050732335,0,0,1,3.88826011686,0,16,NaN,1,ok,2.18974518502,0,23,23,23,1,0,8,0,0.0382058330131,0,0,1,4.23535952557,0,16,NaN,1,ok,2.23511780063,0,23,23,23,1,0,8,0,0.036743958741,0,0,1,4.06974784859,0,16,NaN,1,ok,2.22463827582,0,0,0,0
876,WLNM_dir_neg,0.95,0.691976911977,00:00:01,10,90,76,512802522,fixed,validated_v2,/gpfs/scratch/acw792/wlnm_roleonly_v2_20260910/result_wlnm_dir_neg_roleonly_trophicv2_100x290_train10-90_Apocrita_20260910_011848/ecological_snapshots/Broadstone_Stream_tax_mass_K10_ratio0.9_exp76_seed512802522_threshold0.5_validated_v2.mat,role_only,2,uniform_without_replacement,uniform_remaining_nonlinks,176,0,176,407,198,198,176,22,0,22,0.111111111111,178,20,0.5,0.833333333333,1,0.909090909091,10,2,0,18,1,0.9,0.1,0,0.833333333333,1,0.909090909091,0.933333333333,0.533333333333,0.857142857143,0.866025403784,0.9,99,89,10,0,99,0,89,0,10,23,99,0.195652173913,2.18974518502,8.60869565217,6.6,4.5,4.59979377438,0.534319478842,0.291611769873,4.28989068105,0.996641269334,0.541062801932,2.91445898002,0.677096530713,0.355731225296,1.07629584498,0.491516479791,2.88826011686,2.18974518502,1.07629584498,2.88826011686,0.351612638569,0.458912768647,121,0.0683229813665,0.291765337837,23,23,23,1,0,0.347826086957,0.608695652174,0.0434782608696,23,0.175889328063,2.17182107767,7.73913043478,5.93333333333,4.04545454545,4.22349910193,0.545733030025,0.300928187592,3.9115719675,1.01085567699,0.548119198828,2.58147857255,0.667123676053,0.341963849536,1.07447288965,0.494733613506,2.90865890247,2.17182107767,1.07447288965,2.90865890247,0.293055495229,0.363636363636,76,0.042913608131,0.243640552569,23,23,23,1,0,0.347826086957,0.608695652174,0.0434782608696,23,101,0.199604743083,2.18120772608,8.78260869565,6.73333333333,4.39130434783,4.73820566094,0.539498664365,0.29616874731,4.40804151971,1.00381143518,0.544123977615,2.95017920002,0.671822986144,0.347826086957,1.0641915354,0.487890961817,2.85899493664,2.18120772608,1.0641915354,2.85899493664,0.36144917884,0.474074074074,128,0.0722755505364,0.295580287282,23,23,23,1,0,0.347826086957,0.652173913043,0,2,0.00395256916996,-0.00853745894617,0.173913043478,0.133333333333,-0.108695652174,0.138411886564,0.00517918552281,0.00455697743687,0.118150838667,0.00717016584827,0.00306117568279,0.0357202199994,-0.00527354456872,-0.00790513833992,-0.0121043095836,-0.00362551797404,-0.0292651802144,-0.00853745894617,-0.0121043095836,-0.0292651802144,0.00983654027132,0.0151613054268,7,0.00395256916996,0.0038149494452,0,0.0434782608696,-0.0434782608696,99,2,0,405,1,0.995085995086,0.004914004914,0,0.980198019802,1,0.99,0.987613953889,0.995085995086,0.980198019802,12,10,0,23,23,23,1,0,8,0,0.0386050732335,0,0,1,3.88826011686,0,16,NaN,1,ok,2.18974518502,0,23,23,23,1,0,8,0,0.0285208951475,0,0,1,3.90865890247,0,16,NaN,1,ok,2.17182107767,0,23,23,23,1,0,8,0,0.03898727688,0,0,1,3.85899493664,0,16,NaN,1,ok,2.18120772608,0,0,0,0
877,WLNM_dir_neg,1,0.8,00:00:00,10,90,77,512802523,fixed,validated_v2,/gpfs/scratch/acw792/wlnm_roleonly_v2_20260910/result_wlnm_dir_neg_roleonly_trophicv2_100x290_train10-90_Apocrita_20260910_011848/ecological_snapshots/Broadstone_Stream_tax_mass_K10_ratio0.9_exp77_seed512802523_threshold0.5_validated_v2.mat,role_only,2,uniform_without_replacement,uniform_remaining_nonlinks,176,0,176,407,198,198,176,22,0,22,0.111111111111,178,20,0.5,1,0.9,0.947368421053,9,0,1,20,0.9,1,0,0.1,1,0.9,0.947368421053,0.966666666667,0.566666666667,0.923076923077,0.925820099773,0.9,99,89,10,0,99,0,89,0,10,23,99,0.195652173913,2.18974518502,8.60869565217,6.6,4.5,4.59979377438,0.534319478842,0.291611769873,4.28989068105,0.996641269334,0.541062801932,2.91445898002,0.677096530713,0.355731225296,1.07629584498,0.491516479791,2.88826011686,2.18974518502,1.07629584498,2.88826011686,0.351612638569,0.458912768647,121,0.0683229813665,0.291765337837,23,23,23,1,0,0.347826086957,0.608695652174,0.0434782608696,23,0.175889328063,2.22011608561,7.73913043478,5.93333333333,4.2380952381,4.13650479714,0.534492192889,0.293600390816,3.82936438858,0.989611021769,0.538348803127,2.63377274898,0.680637901422,0.362481680508,1.1128779749,0.501270173265,3.07052539424,2.22011608561,1.1128779749,3.07052539424,0.312048820744,0.396850393701,84,0.0474308300395,0.252627706871,23,23,23,1,0,0.347826086957,0.565217391304,0.0869565217391,23,98,0.193675889328,2.18876041067,8.52173913043,6.53333333333,4.66666666667,4.6109510478,0.541080990303,0.293700088731,4.21272305915,0.988700309801,0.537710736469,2.97286808722,0.697713938838,0.368234250222,1.07494087534,0.491118566517,2.88826011686,2.18876041067,1.07494087534,2.88826011686,0.357642840252,0.460051546392,119,0.0671936758893,0.293902644974,23,23,23,1,0,0.347826086957,0.565217391304,0.0869565217391,-1,-0.00197628458498,-0.000984774354575,-0.0869565217391,-0.0666666666667,0.166666666667,0.0111572734239,0.0067615114614,0.00208831885851,-0.0771676218939,-0.00794095953291,-0.00335206546387,0.058409107199,0.0206174081254,0.0125030249254,-0.00135496964536,-0.000397913274093,0,-0.000984774354575,-0.00135496964536,0,0.00603020168238,0.00113877774447,-2,-0.00112930547713,0.00213730713731,0,-0.0434782608696,0.0434782608696,98,0,1,407,0.989898989899,1,0,0.010101010101,1,0.989898989899,0.994923857868,0.993716643156,0.989898989899,0.989898989899,9,10,0,23,23,23,1,0,8,0,0.0386050732335,0,0,1,3.88826011686,0,16,NaN,1,ok,2.18974518502,0,23,23,23,1,0,8,0,0.0363547305336,0,0,1,4.07052539424,0,16,NaN,1,ok,2.22011608561,0,23,23,23,1,0,8,0,0.0386582027782,0,0,1,3.88826011686,0,16,NaN,1,ok,2.18876041067,0,0,0,0
878,WLNM_dir_neg,0.955,0.669224386724,00:00:00,10,90,78,512802524,fixed,validated_v2,/gpfs/scratch/acw792/wlnm_roleonly_v2_20260910/result_wlnm_dir_neg_roleonly_trophicv2_100x290_train10-90_Apocrita_20260910_011848/ecological_snapshots/Broadstone_Stream_tax_mass_K10_ratio0.9_exp78_seed512802524_threshold0.5_validated_v2.mat,role_only,2,uniform_without_replacement,uniform_remaining_nonlinks,176,0,176,407,198,198,176,22,0,22,0.111111111111,178,20,0.5,0.888888888889,0.8,0.842105263158,8,1,2,19,0.8,0.95,0.05,0.2,0.888888888889,0.8,0.842105263158,0.9,0.566666666667,0.769230769231,0.77151674981,0.75,99,89,10,0,99,0,89,0,10,23,99,0.195652173913,2.18974518502,8.60869565217,6.6,4.5,4.59979377438,0.534319478842,0.291611769873,4.28989068105,0.996641269334,0.541062801932,2.91445898002,0.677096530713,0.355731225296,1.07629584498,0.491516479791,2.88826011686,2.18974518502,1.07629584498,2.88826011686,0.351612638569,0.458912768647,121,0.0683229813665,0.291765337837,23,23,23,1,0,0.347826086957,0.608695652174,0.0434782608696,23,0.175889328063,2.21935762447,7.73913043478,5.93333333333,4.2380952381,3.94527785984,0.509783094248,0.280898876404,3.89993412329,1.00784814422,0.545188080117,2.66806616768,0.689500245579,0.360527601368,1.11220640073,0.501138882923,2.94120471718,2.21935762447,1.11220640073,2.94120471718,0.298354302702,0.402157164869,87,0.0491247882552,0.247726347726,23,23,23,1,0,0.347826086957,0.565217391304,0.0869565217391,23,98,0.193675889328,2.23597456915,8.52173913043,6.53333333333,4.66666666667,4.58128173031,0.53759938672,0.293256433008,4.13650479714,0.970812350349,0.529724933452,3.01838896379,0.70839740987,0.370896184561,1.09524920711,0.489830797819,2.90234899329,2.23597456915,1.09524920711,2.90234899329,0.370380585598,0.450194049159,116,0.0654997176736,0.29616145759,23,23,23,1,0,0.347826086957,0.565217391304,0.0869565217391,-1,-0.00197628458498,0.0462293841274,-0.0869565217391,-0.0666666666667,0.166666666667,-0.0185120440652,0.00327990787849,0.00164466313535,-0.153385883908,-0.0258289189851,-0.0113378684807,0.10392998377,0.0313008791575,0.0151649592643,0.0189533621279,-0.0016856819721,0.0140888764308,0.0462293841274,0.0189533621279,0.0140888764308,0.0187679470288,-0.00871871948816,-5,-0.00282326369283,0.00439611975326,0,-0.0434782608696,0.0434782608696,97,1,2,406,0.979797979798,0.997542997543,0.002457002457,0.020202020202,0.989795918367,0.979797979798,0.984771573604,0.981110199255,0.977340977341,0.97,9,10,0,23,23,23,1,0,8,0,0.0386050732335,0,0,1,3.88826011686,0,16,NaN,1,ok,2.18974518502,0,23,23,23,1,0,8,0,0.0270889158803,0,0,1,3.94120471718,0,16,NaN,1,ok,2.21935762447,0,23,23,23,1,0,8,0,0.0406077086657,0,0,1,3.90234899329,0,16,NaN,1,ok,2.23597456915,0,0,0,0
879,WLNM_dir_neg,0.925,0.779120718463,00:00:00,10,90,79,512802525,fixed,validated_v2,/gpfs/scratch/acw792/wlnm_roleonly_v2_20260910/result_wlnm_dir_neg_roleonly_trophicv2_100x290_train10-90_Apocrita_20260910_011848/ecological_snapshots/Broadstone_Stream_tax_mass_K10_ratio0.9_exp79_seed512802525_threshold0.5_validated_v2.mat,role_only,2,uniform_without_replacement,uniform_remaining_nonlinks,176,0,176,407,198,198,176,22,0,22,0.111111111111,178,20,0.5,0.888888888889,0.8,0.842105263158,8,1,2,19,0.8,0.95,0.05,0.2,0.888888888889,0.8,0.842105263158,0.9,0.566666666667,0.769230769231,0.77151674981,0.75,99,89,10,0,99,0,89,0,10,23,99,0.195652173913,2.18974518502,8.60869565217,6.6,4.5,4.59979377438,0.534319478842,0.291611769873,4.28989068105,0.996641269334,0.541062801932,2.91445898002,0.677096530713,0.355731225296,1.07629584498,0.491516479791,2.88826011686,2.18974518502,1.07629584498,2.88826011686,0.351612638569,0.458912768647,121,0.0683229813665,0.291765337837,23,23,23,1,0,0.347826086957,0.608695652174,0.0434782608696,23,0.175889328063,2.20671109547,7.73913043478,5.93333333333,4.2380952381,4.31927383737,0.558108417189,0.301905227162,3.92317528895,1.01385428816,0.549096238398,2.65097491203,0.685083404231,0.372252076209,1.10186193757,0.499323151017,3.02085235921,2.20671109547,1.10186193757,3.02085235921,0.332786778439,0.45,96,0.0542066629023,0.238898269487,23,23,23,1,0,0.347826086957,0.565217391304,0.0869565217391,23,98,0.193675889328,2.19972702528,8.52173913043,6.53333333333,4.45454545455,4.58128173031,0.53759938672,0.289707187223,4.23424772007,0.993752015935,0.539485359361,2.9881187652,0.701293179588,0.374445430346,1.07270372853,0.487653111591,2.8808092989,2.19972702528,1.07270372853,2.8808092989,0.358095045052,0.464735516373,123,0.0694522868436,0.293676740684,23,23,23,1,0,0.347826086957,0.608695652174,0.0434782608696,-1,-0.00197628458498,0.00998184025459,-0.0869565217391,-0.0666666666667,-0.0454545454545,-0.0185120440652,0.0032799078785,-0.00190458264992,-0.0556429609746,-0.00288925339878,-0.00157744257123,0.0736597851756,0.024196648875,0.0187142050496,-0.00359211645462,-0.00386336820011,-0.00745081795989,0.00998184025459,-0.00359211645462,-0.00745081795989,0.00648240648241,0.00582274772551,2,0.00112930547713,0.00191140284683,0,0,0,97,1,2,406,0.979797979798,0.997542997543,0.002457002457,0.020202020202,0.989795918367,0.979797979798,0.984771573604,0.981110199255,0.977340977341,0.97,9,10,0,23,23,23,1,0,8,0,0.0386050732335,0,0,1,3.88826011686,0,16,NaN,1,ok,2.18974518502,0,23,23,23,1,0,8,0,0.0236710735192,0,0,1,4.02085235921,0,16,NaN,1,ok,2.20671109547,0,23,23,23,1,0,8,0,0.0383193652039,0,0,1,3.8808092989,0,16,NaN,1,ok,2.19972702528,0,0,0,0
880,WLNM_dir_neg,0.93,0.740274859944,00:00:01,10,90,80,512802526,fixed,validated_v2,/gpfs/scratch/acw792/wlnm_roleonly_v2_20260910/result_wlnm_dir_neg_roleonly_trophicv2_100x290_train10-90_Apocrita_20260910_011848/ecological_snapshots/Broadstone_Stream_tax_mass_K10_ratio0.9_exp80_seed512802526_threshold0.5_validated_v2.mat,role_only,2,uniform_without_replacement,uniform_remaining_nonlinks,176,0,176,407,198,198,176,22,0,22,0.111111111111,178,20,0.5,0.888888888889,0.8,0.842105263158,8,1,2,19,0.8,0.95,0.05,0.2,0.888888888889,0.8,0.842105263158,0.9,0.566666666667,0.769230769231,0.77151674981,0.75,99,89,10,0,99,0,89,0,10,23,99,0.195652173913,2.18974518502,8.60869565217,6.6,4.5,4.59979377438,0.534319478842,0.291611769873,4.28989068105,0.996641269334,0.541062801932,2.91445898002,0.677096530713,0.355731225296,1.07629584498,0.491516479791,2.88826011686,2.18974518502,1.07629584498,2.88826011686,0.351612638569,0.458912768647,121,0.0683229813665,0.291765337837,23,23,23,1,0,0.347826086957,0.608695652174,0.0434782608696,23,0.175889328063,2.22439533727,7.73913043478,5.93333333333,4.2380952381,4.47434496277,0.578145697436,0.316560820713,4.00345700416,1.03460124827,0.557889594529,2.61645749103,0.676163171839,0.360527601368,1.11800151568,0.502609179651,3.07574611181,2.22439533727,1.11800151568,3.07574611181,0.336370634197,0.432473444613,95,0.0536420101637,0.239156865543,23,23,23,1,0,0.347826086957,0.565217391304,0.0869565217391,23,98,0.193675889328,2.17500135057,8.52173913043,6.53333333333,4.66666666667,4.59119280617,0.538762421132,0.294143744454,4.28758664163,1.00627033426,0.545696539485,2.89541002442,0.67953500573,0.361135758651,1.05647185289,0.48573388362,2.859228249,2.17500135057,1.05647185289,2.859228249,0.36000159261,0.442432082794,114,0.0643704121965,0.288052929797,23,23,23,1,0,0.347826086957,0.565217391304,0.0869565217391,-1,-0.00197628458498,-0.0147438344515,-0.0869565217391,-0.0666666666667,0.166666666667,-0.00860096821015,0.00444294229005,0.00253197458166,-0.00230403941699,0.00962906492595,0.00463373755299,-0.0190489556089,0.00243847501744,0.00540453335484,-0.0198239920908,-0.00578259617137,-0.0290318678589,-0.0147438344515,-0.0198239920908,-0.0290318678589,0.00838895404113,-0.016480685853,-7,-0.00395256916996,-0.00371240804014,0,-0.0434782608696,0.0434782608696,97,1,2,406,0.979797979798,0.997542997543,0.002457002457,0.020202020202,0.989795918367,0.979797979798,0.984771573604,0.981110199255,0.977340977341,0.97,9,10,0,23,23,23,1,0,8,0,0.0386050732335,0,0,1,3.88826011686,0,16,NaN,1,ok,2.18974518502,0,23,23,23,1,0,8,0,0.0287488049405,0,0,1,4.07574611181,0,16,NaN,1,ok,2.22439533727,0,23,23,23,1,0,8,0,0.0381755360045,0,0,1,3.859228249,0,16,NaN,1,ok,2.17500135057,0,0,0,0
881,WLNM_dir_neg,1,0.9,00:00:00,10,90,81,512802527,fixed,validated_v2,/gpfs/scratch/acw792/wlnm_roleonly_v2_20260910/result_wlnm_dir_neg_roleonly_trophicv2_100x290_train10-90_Apocrita_20260910_011848/ecological_snapshots/Broadstone_Stream_tax_mass_K10_ratio0.9_exp81_seed512802527_threshold0.5_validated_v2.mat,role_only,2,uniform_without_replacement,uniform_remaining_nonlinks,176,0,176,407,198,198,176,22,0,22,0.111111111111,178,20,0.5,0.909090909091,1,0.952380952381,10,1,0,19,1,0.95,0.05,0,0.909090909091,1,0.952380952381,0.966666666667,0.544444444444,0.926829268293,0.929320377285,0.95,99,89,10,0,99,0,89,0,10,23,99,0.195652173913,2.18974518502,8.60869565217,6.6,4.5,4.59979377438,0.534319478842,0.291611769873,4.28989068105,0.996641269334,0.541062801932,2.91445898002,0.677096530713,0.355731225296,1.07629584498,0.491516479791,2.88826011686,2.18974518502,1.07629584498,2.88826011686,0.351612638569,0.458912768647,121,0.0683229813665,0.291765337837,23,23,23,1,0,0.347826086957,0.608695652174,0.0434782608696,23,0.175889328063,2.20655032575,7.73913043478,5.93333333333,4.04545454545,4.31927383737,0.558108417189,0.309721543723,3.86481033083,0.998771209091,0.541279921837,2.70192436181,0.698250115972,0.362481680508,1.09821403253,0.49770631547,3.02599388379,2.20655032575,1.09821403253,3.02599388379,0.2950047537,0.390476190476,82,0.0463015245624,0.261823554597,23,23,23,1,0,0.347826086957,0.608695652174,0.0434782608696,23,100,0.197628458498,2.22201071895,8.69565217391,6.66666666667,4.54545454545,4.65573724861,0.53540978359,0.292173913043,4.29173302199,0.987098595057,0.537391304348,2.90154654142,0.667355704526,0.353043478261,1.11058046707,0.499808780219,2.95599157521,2.22201071895,1.11058046707,2.95599157521,0.351612638569,0.458912768647,121,0.0683229813665,0.286326808113,23,23,23,1,0,0.347826086957,0.608695652174,0.0434782608696,1,0.00197628458498,0.0322655339256,0.0869565217391,0.0666666666667,0.0454545454545,0.0559434742295,0.00109030474798,0.000562143170839,0.00184234094001,-0.00954267427714,-0.00367149758454,-0.0129124386063,-0.00974082618657,-0.00268774703557,0.0342846220889,0.00829230042774,0.0677314583556,0.0322655339256,0.0342846220889,0.0677314583556,0,0,0,0,-0.00543852972424,0,0,0,99,1,0,406,1,0.997542997543,0.002457002457,0,0.99,1,0.994974874372,0.993764342069,0.997542997543,0.99,11,10,0,23,23,23,1,0,8,0,0.0386050732335,0,0,1,3.88826011686,0,16,NaN,1,ok,2.18974518502,0,23,23,23,1,0,8,0,0.035622298399,0,0,1,4.02599388379,0,16,NaN,1,ok,2.20655032575,0,23,23,23,1,0,8,0,0.0393279544316,0,0,1,3.95599157521,0,16,NaN,1,ok,2.22201071895,0,0,0,0
882,WLNM_dir_neg,0.98,0.863333333333,00:00:01,10,90,82,512802528,fixed,validated_v2,/gpfs/scratch/acw792/wlnm_roleonly_v2_20260910/result_wlnm_dir_neg_roleonly_trophicv2_100x290_train10-90_Apocrita_20260910_011848/ecological_snapshots/Broadstone_Stream_tax_mass_K10_ratio0.9_exp82_seed512802528_threshold0.5_validated_v2.mat,role_only,2,uniform_without_replacement,uniform_remaining_nonlinks,176,0,176,407,198,198,176,22,0,22,0.111111111111,178,20,0.5,1,0.8,0.888888888889,8,0,2,20,0.8,1,0,0.2,1,0.8,0.888888888889,0.933333333333,0.577777777778,0.842105263158,0.852802865422,0.8,99,89,10,0,99,0,89,0,10,23,99,0.195652173913,2.18974518502,8.60869565217,6.6,4.5,4.59979377438,0.534319478842,0.291611769873,4.28989068105,0.996641269334,0.541062801932,2.91445898002,0.677096530713,0.355731225296,1.07629584498,0.491516479791,2.88826011686,2.18974518502,1.07629584498,2.88826011686,0.351612638569,0.458912768647,121,0.0683229813665,0.291765337837,23,23,23,1,0,0.347826086957,0.608695652174,0.0434782608696,23,0.175889328063,2.16301343196,7.73913043478,5.93333333333,4.04545454545,4.07003899137,0.525903914616,0.28334147533,3.80555034637,0.983456831084,0.535417684416,2.68504863383,0.693888972786,0.364435759648,1.04539386907,0.483304381573,2.93447537473,2.16301343196,1.04539386907,2.93447537473,0.331455018412,0.439461883408,98,0.0553359683794,0.259719605791,23,23,23,1,0,0.347826086957,0.608695652174,0.0434782608696,23,97,0.191699604743,2.18974518502,8.4347826087,6.46666666667,4.40909090909,4.48052439054,0.531196190631,0.287763334827,4.23144636501,1.00333264325,0.54415060511,2.72957741883,0.64721938797,0.344240251009,1.07629584498,0.491516479791,2.88826011686,2.18974518502,1.07629584498,2.88826011686,0.351910649737,0.469879518072,117,0.0660643704122,0.274108497323,23,23,23,1,0,0.347826086957,0.608695652174,0.0434782608696,-2,-0.00395256916996,0,-0.173913043478,-0.133333333333,-0.0909090909091,-0.119269383837,-0.00312328821068,-0.00384843504521,-0.0584443160414,0.00669137391459,0.00308780317745,-0.184881561196,-0.0298771427432,-0.0114909742879,0,0,0,0,0,0,0.000298011167576,0.010966749425,-4,-0.00225861095426,-0.017656840514,0,0,0,97,0,2,407,0.979797979798,1,0,0.020202020202,1,0.979797979798,0.989795918367,0.987424321977,0.979797979798,0.979797979798,8,10,0,23,23,23,1,0,8,0,0.0386050732335,0,0,1,3.88826011686,0,16,NaN,1,ok,2.18974518502,0,23,23,23,1,0,8,0,0.0407920241193,0,0,1,3.93447537473,0,16,NaN,1,ok,2.16301343196,0,23,23,23,1,0,8,0,0.0416155519607,0,0,1,3.88826011686,0,16,NaN,1,ok,2.18974518502,0,0,0,0
883,WLNM_dir_neg,0.985,0.77202020202,00:00:01,10,90,83,512802529,fixed,validated_v2,/gpfs/scratch/acw792/wlnm_roleonly_v2_20260910/result_wlnm_dir_neg_roleonly_trophicv2_100x290_train10-90_Apocrita_20260910_011848/ecological_snapshots/Broadstone_Stream_tax_mass_K10_ratio0.9_exp83_seed512802529_threshold0.5_validated_v2.mat,role_only,2,uniform_without_replacement,uniform_remaining_nonlinks,176,0,176,407,198,198,176,22,0,22,0.111111111111,178,20,0.5,0.888888888889,0.8,0.842105263158,8,1,2,19,0.8,0.95,0.05,0.2,0.888888888889,0.8,0.842105263158,0.9,0.566666666667,0.769230769231,0.77151674981,0.75,99,89,10,0,99,0,89,0,10,23,99,0.195652173913,2.18974518502,8.60869565217,6.6,4.5,4.59979377438,0.534319478842,0.291611769873,4.28989068105,0.996641269334,0.541062801932,2.91445898002,0.677096530713,0.355731225296,1.07629584498,0.491516479791,2.88826011686,2.18974518502,1.07629584498,2.88826011686,0.351612638569,0.458912768647,121,0.0683229813665,0.291765337837,23,23,23,1,0,0.347826086957,0.608695652174,0.0434782608696,23,0.175889328063,2.19700600319,7.73913043478,5.93333333333,4.2380952381,4.02511875945,0.520099614985,0.28334147533,3.70876538911,0.958444988197,0.522716170005,2.8810406552,0.744538596288,0.389838788471,1.08235884079,0.492651744793,2.90231990976,2.19700600319,1.08235884079,2.90231990976,0.31596857249,0.410828025478,86,0.0485601355167,0.271527942957,23,23,23,1,0,0.347826086957,0.565217391304,0.0869565217391,23,98,0.193675889328,2.20125465263,8.52173913043,6.53333333333,4.66666666667,4.52135905973,0.530567644765,0.289707187223,4.16934038062,0.978518660758,0.531499556344,2.9881187652,0.701293179588,0.369121561668,1.08384689797,0.49237688001,2.89585209765,2.20125465263,1.08384689797,2.89585209765,0.458299912648,0.490909090909,126,0.0711462450593,0.295054043373,23,23,23,1,0,0.347826086957,0.565217391304,0.0869565217391,-1,-0.00197628458498,0.0115094676053,-0.0869565217391,-0.0666666666667,0.166666666667,-0.0784347146435,-0.00375183407712,-0.00190458264992,-0.120550300425,-0.018122608576,-0.00956324558809,0.0736597851756,0.024196648875,0.0133903363717,0.00755105298668,0.000860400218938,0.00759198079565,0.0115094676053,0.00755105298668,0.00759198079565,0.106687274079,0.0319963222618,5,0.00282326369283,0.0032887055366,0,-0.0434782608696,0.0434782608696,97,1,2,406,0.979797979798,0.997542997543,0.002457002457,0.020202020202,0.989795918367,0.979797979798,0.984771573604,0.981110199255,0.977340977341,0.97,9,10,0,23,23,23,1,0,8,0,0.0386050732335,0,0,1,3.88826011686,0,16,NaN,1,ok,2.18974518502,0,23,23,23,1,0,8,0,0.0347601438492,0,0,1,3.90231990976,0,16,NaN,1,ok,2.19700600319,0,23,23,23,1,0,8,0,0.0383632742963,0,0,1,3.89585209765,0,16,NaN,1,ok,2.20125465263,0,0,0,0
884,WLNM_dir_neg,1,0.7,00:00:00,10,90,84,512802530,fixed,validated_v2,/gpfs/scratch/acw792/wlnm_roleonly_v2_20260910/result_wlnm_dir_neg_roleonly_trophicv2_100x290_train10-90_Apocrita_20260910_011848/ecological_snapshots/Broadstone_Stream_tax_mass_K10_ratio0.9_exp84_seed512802530_threshold0.5_validated_v2.mat,role_only,2,uniform_without_replacement,uniform_remaining_nonlinks,176,0,176,407,198,198,176,22,0,22,0.111111111111,178,20,0.5,1,1,1,10,0,0,20,1,1,0,0,1,1,1,1,0.555555555556,1,1,1,99,89,10,0,99,0,89,0,10,23,99,0.195652173913,2.18974518502,8.60869565217,6.6,4.5,4.59979377438,0.534319478842,0.291611769873,4.28989068105,0.996641269334,0.541062801932,2.91445898002,0.677096530713,0.355731225296,1.07629584498,0.491516479791,2.88826011686,2.18974518502,1.07629584498,2.88826011686,0.351612638569,0.458912768647,121,0.0683229813665,0.291765337837,23,23,23,1,0,0.347826086957,0.608695652174,0.0434782608696,23,0.175889328063,2.19601596285,7.73913043478,5.93333333333,4.04545454545,4.39232172303,0.56754718893,0.307767464582,3.85303124856,0.995727176594,0.540302882267,2.89677481828,0.74860472832,0.395701025892,1.08399290595,0.493617953736,2.90325693607,2.19601596285,1.08399290595,2.90325693607,0.349552467734,0.456221198157,99,0.055900621118,0.262690206619,23,23,23,1,0,0.347826086957,0.608695652174,0.0434782608696,23,99,0.195652173913,2.18974518502,8.60869565217,6.6,4.5,4.59979377438,0.534319478842,0.291611769873,4.28989068105,0.996641269334,0.541062801932,2.91445898002,0.677096530713,0.355731225296,1.07629584498,0.491516479791,2.88826011686,2.18974518502,1.07629584498,2.88826011686,0.351612638569,0.458912768647,121,0.0683229813665,0.291765337837,23,23,23,1,0,0.347826086957,0.608695652174,0.0434782608696,0,0,0,0,0,0,0,0,0,0,0,0,0,0,0,0,0,0,0,0,0,0,0,0,0,0,0,0,0,99,0,0,407,1,1,0,0,1,1,1,1,1,1,10,10,0,23,23,23,1,0,8,0,0.0386050732335,0,0,1,3.88826011686,0,16,NaN,1,ok,2.18974518502,0,23,23,23,1,0,8,0,0.0296664887294,0,0,1,3.90325693607,0,16,NaN,1,ok,2.19601596285,0,23,23,23,1,0,8,0,0.0386050732335,0,0,1,3.88826011686,0,16,NaN,1,ok,2.18974518502,0,0,0,0
885,WLNM_dir_neg,0.995,0.590454545455,00:00:01,10,90,85,512802531,fixed,validated_v2,/gpfs/scratch/acw792/wlnm_roleonly_v2_20260910/result_wlnm_dir_neg_roleonly_trophicv2_100x290_train10-90_Apocrita_20260910_011848/ecological_snapshots/Broadstone_Stream_tax_mass_K10_ratio0.9_exp85_seed512802531_threshold0.5_validated_v2.mat,role_only,2,uniform_without_replacement,uniform_remaining_nonlinks,176,0,176,407,198,198,176,22,0,22,0.111111111111,178,20,0.5,0.9,0.9,0.9,9,1,1,19,0.9,0.95,0.05,0.1,0.9,0.9,0.9,0.933333333333,0.555555555556,0.85,0.85,0.85,99,89,10,0,99,0,89,0,10,23,99,0.195652173913,2.18974518502,8.60869565217,6.6,4.5,4.59979377438,0.534319478842,0.291611769873,4.28989068105,0.996641269334,0.541062801932,2.91445898002,0.677096530713,0.355731225296,1.07629584498,0.491516479791,2.88826011686,2.18974518502,1.07629584498,2.88826011686,0.351612638569,0.458912768647,121,0.0683229813665,0.291765337837,23,23,23,1,0,0.347826086957,0.608695652174,0.0434782608696,23,0.175889328063,2.18474457523,7.73913043478,5.93333333333,4.04545454545,4.12550152658,0.533070421974,0.288715192965,3.88826144634,1.00483160973,0.544211040547,2.65097491203,0.685083404231,0.352711284807,1.11707792143,0.511308248156,3.20856353591,2.18474457523,1.11707792143,3.20856353591,0.297026162244,0.420560747664,90,0.0508187464709,0.267803853476,23,23,23,1,0,0.347826086957,0.608695652174,0.0434782608696,23,99,0.195652173913,4.13844752743,8.60869565217,6.1875,4.5,4.68788700642,0.544552531049,0.296881862099,4.25798482649,0.989228798073,0.537549407115,2.8354057367,0.658730625698,0.348704435661,2.42664213494,0.586365326335,6.63360746781,4.13844752743,2.42664213494,6.63360746781,0.35215219563,0.466750313676,124,0.0700169395822,0.253428989991,23,23,23,1,0,0.304347826087,0.652173913043,0.0434782608696,0,0,1.9487023424,0,-0.4125,0,0.0880932320449,0.0102330522072,0.00527009222661,-0.0319058545585,-0.00741247126106,-0.00351339481774,-0.0790532433265,-0.0183659050152,-0.00702678963549,1.35034628996,0.0948488465436,3.74534735095,1.9487023424,1.35034628996,3.74534735095,0.000539557061296,0.007837545029,3,0.0016939582157,-0.0383363478453,-0.0434782608696,0.0434782608696,0,98,1,1,406,0.989898989899,0.997542997543,0.002457002457,0.010101010101,0.989898989899,0.989898989899,0.989898989899,0.987441987442,0.987441987442,0.98,10,10,0,23,23,23,1,0,8,0,0.0386050732335,0,0,1,3.88826011686,0,16,NaN,1,ok,2.18974518502,0,23,23,23,1,0,8,0,0.0344090204044,0,0,1,4.20856353591,0,16,NaN,1,ok,2.18474457523,0,23,23,23,1,0,7,0,0.0185782523389,0,0,1,7.63360746781,0,16,NaN,1,ok,4.13844752743,0,0,0,0
886,WLNM_dir_neg,0.995,0.790454545455,00:00:00,10,90,86,512802532,fixed,validated_v2,/gpfs/scratch/acw792/wlnm_roleonly_v2_20260910/result_wlnm_dir_neg_roleonly_trophicv2_100x290_train10-90_Apocrita_20260910_011848/ecological_snapshots/Broadstone_Stream_tax_mass_K10_ratio0.9_exp86_seed512802532_threshold0.5_validated_v2.mat,role_only,2,uniform_without_replacement,uniform_remaining_nonlinks,176,0,176,407,198,198,176,22,0,22,0.111111111111,178,20,0.5,1,0.9,0.947368421053,9,0,1,20,0.9,1,0,0.1,1,0.9,0.947368421053,0.966666666667,0.566666666667,0.923076923077,0.925820099773,0.9,99,89,10,0,99,0,89,0,10,23,99,0.195652173913,2.18974518502,8.60869565217,6.6,4.5,4.59979377438,0.534319478842,0.291611769873,4.28989068105,0.996641269334,0.541062801932,2.91445898002,0.677096530713,0.355731225296,1.07629584498,0.491516479791,2.88826011686,2.18974518502,1.07629584498,2.88826011686,0.351612638569,0.458912768647,121,0.0683229813665,0.291765337837,23,23,23,1,0,0.347826086957,0.608695652174,0.0434782608696,23,0.175889328063,2.15882861322,7.73913043478,5.93333333333,4.04545454545,4.21272305915,0.544340620003,0.300439667807,3.86481033083,0.998771209091,0.539325842697,2.94347271442,0.760672723952,0.399609184172,1.03525942456,0.479546833047,2.74855832241,2.15882861322,1.03525942456,2.74855832241,0.345720188902,0.455474452555,104,0.0587238848108,0.278236595337,23,23,23,1,0,0.347826086957,0.608695652174,0.0434782608696,23,98,0.193675889328,2.1969709128,8.52173913043,6.53333333333,4.45454545455,4.49109791413,0.527016591964,0.28793256433,4.23424772007,0.993752015935,0.539485359361,2.84792414519,0.668390360606,0.351375332742,1.08469815848,0.493724405799,2.90234899329,2.1969709128,1.08469815848,2.90234899329,0.333122433122,0.433029908973,111,0.0626764539808,0.286220327292,23,23,23,1,0,0.347826086957,0.608695652174,0.0434782608696,-1,-0.00197628458498,0.00722572777985,-0.0869565217391,-0.0666666666667,-0.0454545454545,-0.108695860247,-0.00730288687748,-0.00367920554256,-0.0556429609746,-0.00288925339878,-0.00157744257123,-0.066534834834,-0.00870617010682,-0.00435589255465,0.00840231349956,0.00220792600804,0.0140888764308,0.00722572777985,0.00840231349956,0.0140888764308,-0.0184902054467,-0.0258828596746,-10,-0.00564652738566,-0.00554501054501,0,0,0,98,0,1,407,0.989898989899,1,0,0.010101010101,1,0.989898989899,0.994923857868,0.993716643156,0.989898989899,0.989898989899,9,10,0,23,23,23,1,0,8,0,0.0386050732335,0,0,1,3.88826011686,0,16,NaN,1,ok,2.18974518502,0,23,23,23,1,0,8,0,0.0362112129848,0,0,1,3.74855832241,0,16,NaN,1,ok,2.15882861322,0,23,23,23,1,0,8,0,0.0386332648596,0,0,1,3.90234899329,0,16,NaN,1,ok,2.1969709128,0,0,0,0
887,WLNM_dir_neg,1,0.9,00:00:00,10,90,87,512802533,fixed,validated_v2,/gpfs/scratch/acw792/wlnm_roleonly_v2_20260910/result_wlnm_dir_neg_roleonly_trophicv2_100x290_train10-90_Apocrita_20260910_011848/ecological_snapshots/Broadstone_Stream_tax_mass_K10_ratio0.9_exp87_seed512802533_threshold0.5_validated_v2.mat,role_only,2,uniform_without_replacement,uniform_remaining_nonlinks,176,0,176,407,198,198,176,22,0,22,0.111111111111,178,20,0.5,1,1,1,10,0,0,20,1,1,0,0,1,1,1,1,0.555555555556,1,1,1,99,89,10,0,99,0,89,0,10,23,99,0.195652173913,2.18974518502,8.60869565217,6.6,4.5,4.59979377438,0.534319478842,0.291611769873,4.28989068105,0.996641269334,0.541062801932,2.91445898002,0.677096530713,0.355731225296,1.07629584498,0.491516479791,2.88826011686,2.18974518502,1.07629584498,2.88826011686,0.351612638569,0.458912768647,121,0.0683229813665,0.291765337837,23,23,23,1,0,0.347826086957,0.608695652174,0.0434782608696,23,0.175889328063,2.12907254357,7.73913043478,5.93333333333,4.04545454545,4.35073025536,0.562173010525,0.307278944797,3.92317528895,1.01385428816,0.549096238398,2.81722538915,0.72804701068,0.376160234489,1.01963621805,0.478910979869,2.8047977307,2.12907254357,1.01963621805,2.8047977307,0.35715323324,0.469448584203,105,0.0592885375494,0.254958462017,23,23,23,1,0,0.347826086957,0.608695652174,0.0434782608696,23,99,0.195652173913,2.18974518502,8.60869565217,6.6,4.5,4.59979377438,0.534319478842,0.291611769873,4.28989068105,0.996641269334,0.541062801932,2.91445898002,0.677096530713,0.355731225296,1.07629584498,0.491516479791,2.88826011686,2.18974518502,1.07629584498,2.88826011686,0.351612638569,0.458912768647,121,0.0683229813665,0.291765337837,23,23,23,1,0,0.347826086957,0.608695652174,0.0434782608696,0,0,0,0,0,0,0,0,0,0,0,0,0,0,0,0,0,0,0,0,0,0,0,0,0,0,0,0,0,99,0,0,407,1,1,0,0,1,1,1,1,1,1,10,10,0,23,23,23,1,0,8,0,0.0386050732335,0,0,1,3.88826011686,0,16,NaN,1,ok,2.18974518502,0,23,23,23,1,0,8,0,0.0299276117455,0,0,1,3.8047977307,0,16,NaN,1,ok,2.12907254357,0,23,23,23,1,0,8,0,0.0386050732335,0,0,1,3.88826011686,0,16,NaN,1,ok,2.18974518502,0,0,0,0
888,WLNM_dir_neg,0.995,0.690454545455,00:00:00,10,90,88,512802534,fixed,validated_v2,/gpfs/scratch/acw792/wlnm_roleonly_v2_20260910/result_wlnm_dir_neg_roleonly_trophicv2_100x290_train10-90_Apocrita_20260910_011848/ecological_snapshots/Broadstone_Stream_tax_mass_K10_ratio0.9_exp88_seed512802534_threshold0.5_validated_v2.mat,role_only,2,uniform_without_replacement,uniform_remaining_nonlinks,176,0,176,407,198,198,176,22,0,22,0.111111111111,178,20,0.5,0.909090909091,1,0.952380952381,10,1,0,19,1,0.95,0.05,0,0.909090909091,1,0.952380952381,0.966666666667,0.544444444444,0.926829268293,0.929320377285,0.95,99,89,10,0,99,0,89,0,10,23,99,0.195652173913,2.18974518502,8.60869565217,6.6,4.5,4.59979377438,0.534319478842,0.291611769873,4.28989068105,0.996641269334,0.541062801932,2.91445898002,0.677096530713,0.355731225296,1.07629584498,0.491516479791,2.88826011686,2.18974518502,1.07629584498,2.88826011686,0.351612638569,0.458912768647,121,0.0683229813665,0.291765337837,23,23,23,1,0,0.347826086957,0.608695652174,0.0434782608696,23,0.175889328063,2.209512058,7.73913043478,5.93333333333,4.04545454545,4.22349910193,0.545733030025,0.297508549096,3.94627958078,1.0198250602,0.551050317538,2.63377274898,0.680637901422,0.363458720078,1.09853973214,0.497186574817,3.16383342841,2.209512058,1.09853973214,3.16383342841,0.342085692086,0.440909090909,97,0.0547713156409,0.233154019183,23,23,23,1,0,0.347826086957,0.608695652174,0.0434782608696,23,100,0.197628458498,2.18433985028,8.69565217391,6.66666666667,4.54545454545,4.58688627412,0.527491921524,0.289565217391,4.37564224535,1.00639771643,0.545217391304,2.90154654142,0.667355704526,0.353043478261,1.06909444124,0.489435946104,2.88826011686,2.18433985028,1.06909444124,2.88826011686,0.375243355678,0.461538461538,124,0.0700169395822,0.291369975913,23,23,23,1,0,0.347826086957,0.608695652174,0.0434782608696,1,0.00197628458498,-0.00540533474128,0.0869565217391,0.0666666666667,0.0454545454545,-0.0129075002583,-0.00682755731812,-0.00204655248134,0.0857515643024,0.00975644709621,0.00415458937198,-0.0129124386063,-0.00974082618657,-0.00268774703557,-0.00720140374698,-0.00208053368722,0,-0.00540533474128,-0.00720140374698,0,0.023630717109,0.00262569289118,3,0.0016939582157,-0.000395361923447,0,0,0,99,1,0,406,1,0.997542997543,0.002457002457,0,0.99,1,0.994974874372,0.993764342069,0.997542997543,0.99,11,10,0,23,23,23,1,0,8,0,0.0386050732335,0,0,1,3.88826011686,0,16,NaN,1,ok,2.18974518502,0,23,23,23,1,0,8,0,0.0339439378716,0,0,1,4.16383342841,0,16,NaN,1,ok,2.209512058,0,23,23,23,1,0,8,0,0.0387727589369,0,0,1,3.88826011686,0,16,NaN,1,ok,2.18433985028,0,0,0,0
889,WLNM_dir_neg,0.975,0.856870629371,00:00:00,10,90,89,512802535,fixed,validated_v2,/gpfs/scratch/acw792/wlnm_roleonly_v2_20260910/result_wlnm_dir_neg_roleonly_trophicv2_100x290_train10-90_Apocrita_20260910_011848/ecological_snapshots/Broadstone_Stream_tax_mass_K10_ratio0.9_exp89_seed512802535_threshold0.5_validated_v2.mat,role_only,2,uniform_without_replacement,uniform_remaining_nonlinks,176,0,176,407,198,198,176,22,0,22,0.111111111111,178,20,0.5,0.818181818182,0.9,0.857142857143,9,2,1,18,0.9,0.9,0.1,0.1,0.818181818182,0.9,0.857142857143,0.9,0.544444444444,0.780487804878,0.782585580871,0.8,99,89,10,0,99,0,89,0,10,23,99,0.195652173913,2.18974518502,8.60869565217,6.6,4.5,4.59979377438,0.534319478842,0.291611769873,4.28989068105,0.996641269334,0.541062801932,2.91445898002,0.677096530713,0.355731225296,1.07629584498,0.491516479791,2.88826011686,2.18974518502,1.07629584498,2.88826011686,0.351612638569,0.458912768647,121,0.0683229813665,0.291765337837,23,23,23,1,0,0.347826086957,0.608695652174,0.0434782608696,23,0.175889328063,2.16611834584,7.73913043478,5.93333333333,4.2380952381,3.94527785984,0.509783094248,0.277967757694,3.85303124856,0.995727176594,0.539325842697,2.63377274898,0.680637901422,0.357596482658,1.04446600446,0.482183259501,2.84315819522,2.16611834584,1.04446600446,2.84315819522,0.338396868832,0.424198250729,97,0.0547713156409,0.245403897379,23,23,23,1,0,0.347826086957,0.565217391304,0.0869565217391,23,100,0.197628458498,2.20569263247,8.69565217391,6.66666666667,4.7619047619,4.77145663493,0.548717513016,0.297391304348,4.3443662123,0.999204228829,0.541739130435,2.96354664138,0.681615727518,0.358260869565,1.08458399098,0.491720367112,2.92398826588,2.20569263247,1.08458399098,2.92398826588,0.37100484057,0.47503045067,130,0.0734048560136,0.292174673411,23,23,23,1,0,0.347826086957,0.565217391304,0.0869565217391,1,0.00197628458498,0.0159474474484,0.0869565217391,0.0666666666667,0.261904761905,0.171662860548,0.0143980341746,0.00577953447519,0.0544755312513,0.00256295949446,0.000676328502416,0.0490876613585,0.00451919680533,0.00252964426877,0.00828814599248,0.000203887320645,0.0357281490266,0.0159474474484,0.00828814599248,0.0357281490266,0.0193922020009,0.0161176820226,9,0.00508187464709,0.000409335574086,0,-0.0434782608696,0.0434782608696,98,2,1,405,0.989898989899,0.995085995086,0.004914004914,0.010101010101,0.98,0.989898989899,0.984924623116,0.981253898792,0.984984984985,0.970297029703,11,10,0,23,23,23,1,0,8,0,0.0386050732335,0,0,1,3.88826011686,0,16,NaN,1,ok,2.18974518502,0,23,23,23,1,0,8,0,0.0307031205833,0,0,1,3.84315819522,0,16,NaN,1,ok,2.16611834584,0,23,23,23,1,0,8,0,0.0385744793872,0,0,1,3.92398826588,0,16,NaN,1,ok,2.20569263247,0,0,0,0
890,WLNM_dir_neg,0.995,0.890454545455,00:00:00,10,90,90,512802536,fixed,validated_v2,/gpfs/scratch/acw792/wlnm_roleonly_v2_20260910/result_wlnm_dir_neg_roleonly_trophicv2_100x290_train10-90_Apocrita_20260910_011848/ecological_snapshots/Broadstone_Stream_tax_mass_K10_ratio0.9_exp90_seed512802536_threshold0.5_validated_v2.mat,role_only,2,uniform_without_replacement,uniform_remaining_nonlinks,176,0,176,407,198,198,176,22,0,22,0.111111111111,178,20,0.5,1,0.7,0.823529411765,7,0,3,20,0.7,1,0,0.3,1,0.7,0.823529411765,0.9,0.588888888889,0.756756756757,0.780189497605,0.7,99,89,10,0,99,0,89,0,10,23,99,0.195652173913,2.18974518502,8.60869565217,6.6,4.5,4.59979377438,0.534319478842,0.291611769873,4.28989068105,0.996641269334,0.541062801932,2.91445898002,0.677096530713,0.355731225296,1.07629584498,0.491516479791,2.88826011686,2.18974518502,1.07629584498,2.88826011686,0.351612638569,0.458912768647,121,0.0683229813665,0.291765337837,23,23,23,1,0,0.347826086957,0.608695652174,0.0434782608696,23,0.175889328063,2.19420946295,7.73913043478,5.93333333333,4.04545454545,4.03639568409,0.521556745698,0.285784074255,3.82936438858,0.989611021769,0.534440644846,2.61645749103,0.676163171839,0.345872007816,1.07356789239,0.489273203181,2.87216567294,2.19420946295,1.07356789239,2.87216567294,0.279129807391,0.346153846154,75,0.0423489553924,0.248284955785,23,23,23,1,0,0.347826086957,0.608695652174,0.0434782608696,23,96,0.189723320158,2.17844826234,8.34782608696,6.4,4.36363636364,4.45797238513,0.534027941968,0.28759057971,4.15224116826,0.994807779895,0.539855072464,2.88652313524,0.691562834485,0.36231884058,1.06293972403,0.487934344093,2.88826011686,2.17844826234,1.06293972403,2.88826011686,0.31819171167,0.41689373297,102,0.0575945793337,0.285801804016,23,23,23,1,0,0.347826086957,0.608695652174,0.0434782608696,-3,-0.00592885375494,-0.0112969226813,-0.260869565217,-0.2,-0.136363636364,-0.141821389249,-0.000291536873362,-0.00402119016249,-0.13764951279,-0.00183348943932,-0.0012077294686,-0.0279358447843,0.0144663037719,0.00658761528327,-0.0133561209554,-0.00358213569793,0,-0.0112969226813,-0.0133561209554,0,-0.0334209268992,-0.0420190356773,-19,-0.0107284020327,-0.00596353382068,0,0,0,96,0,3,407,0.969696969697,1,0,0.030303030303,1,0.969696969697,0.984615384615,0.981122635564,0.969696969697,0.969696969697,7,10,0,23,23,23,1,0,8,0,0.0386050732335,0,0,1,3.88826011686,0,16,NaN,1,ok,2.18974518502,0,23,23,23,1,0,8,0,0.0340631576718,0,0,1,3.87216567294,0,16,NaN,1,ok,2.19420946295,0,23,23,23,1,0,8,0,0.0378352913061,0,0,1,3.88826011686,0,16,NaN,1,ok,2.17844826234,0,0,0,0
891,WLNM_dir_neg,0.995,0.790454545455,00:00:01,10,90,91,512802537,fixed,validated_v2,/gpfs/scratch/acw792/wlnm_roleonly_v2_20260910/result_wlnm_dir_neg_roleonly_trophicv2_100x290_train10-90_Apocrita_20260910_011848/ecological_snapshots/Broadstone_Stream_tax_mass_K10_ratio0.9_exp91_seed512802537_threshold0.5_validated_v2.mat,role_only,2,uniform_without_replacement,uniform_remaining_nonlinks,176,0,176,407,198,198,176,22,0,22,0.111111111111,178,20,0.5,0.9,0.9,0.9,9,1,1,19,0.9,0.95,0.05,0.1,0.9,0.9,0.9,0.933333333333,0.555555555556,0.85,0.85,0.85,99,89,10,0,99,0,89,0,10,23,99,0.195652173913,2.18974518502,8.60869565217,6.6,4.5,4.59979377438,0.534319478842,0.291611769873,4.28989068105,0.996641269334,0.541062801932,2.91445898002,0.677096530713,0.355731225296,1.07629584498,0.491516479791,2.88826011686,2.18974518502,1.07629584498,2.88826011686,0.351612638569,0.458912768647,121,0.0683229813665,0.291765337837,23,23,23,1,0,0.347826086957,0.608695652174,0.0434782608696,23,0.175889328063,2.18518966492,7.73913043478,5.93333333333,4.2380952381,4.23424772007,0.547121896414,0.297997068881,3.84121604592,0.992673809621,0.537371763556,2.75193069129,0.711173099995,0.372252076209,1.07130887017,0.490258986377,2.88217702735,2.18518966492,1.07130887017,2.88217702735,0.314017383583,0.427921092564,94,0.0530773574252,0.263424553971,23,23,23,1,0,0.347826086957,0.565217391304,0.0869565217391,23,99,0.195652173913,2.18301837758,8.60869565217,6.6,4.71428571429,4.7265125567,0.549039337394,0.296881862099,4.27928182811,0.99417658633,0.540184453228,2.94548626343,0.684304889484,0.35836627141,1.06832706211,0.489380700174,2.8770385849,2.18301837758,1.06832706211,2.8770385849,0.361976188063,0.461827284105,123,0.0694522868436,0.292800406876,23,23,23,1,0,0.347826086957,0.565217391304,0.0869565217391,0,0,-0.0067268074414,0,0,0.214285714286,0.12671878232,0.0147198585523,0.00527009222661,-0.0106088529332,-0.00246468300469,-0.000878348704435,0.031027283407,0.00720835877132,0.00263504611331,-0.00796878286833,-0.00213577961705,-0.0112215319613,-0.0067268074414,-0.00796878286833,-0.0112215319613,0.010363549494,0.00291451545785,2,0.00112930547713,0.00103506903927,0,-0.0434782608696,0.0434782608696,98,1,1,406,0.989898989899,0.997542997543,0.002457002457,0.010101010101,0.989898989899,0.989898989899,0.989898989899,0.987441987442,0.987441987442,0.98,10,10,0,23,23,23,1,0,8,0,0.0386050732335,0,0,1,3.88826011686,0,16,NaN,1,ok,2.18974518502,0,23,23,23,1,0,8,0,0.0382383478922,0,0,1,3.88217702735,0,16,NaN,1,ok,2.18518966492,0,23,23,23,1,0,8,0,0.0392604350314,0,0,1,3.8770385849,0,16,NaN,1,ok,2.18301837758,0,0,0,0
892,WLNM_dir_neg,0.955,0.815146381396,00:00:00,10,90,92,512802538,fixed,validated_v2,/gpfs/scratch/acw792/wlnm_roleonly_v2_20260910/result_wlnm_dir_neg_roleonly_trophicv2_100x290_train10-90_Apocrita_20260910_011848/ecological_snapshots/Broadstone_Stream_tax_mass_K10_ratio0.9_exp92_seed512802538_threshold0.5_validated_v2.mat,role_only,2,uniform_without_replacement,uniform_remaining_nonlinks,176,0,176,407,198,198,176,22,0,22,0.111111111111,178,20,0.5,0.875,0.7,0.777777777778,7,1,3,19,0.7,0.95,0.05,0.3,0.875,0.7,0.777777777778,0.866666666667,0.577777777778,0.684210526316,0.692902328156,0.65,99,89,10,0,99,0,89,0,10,23,99,0.195652173913,2.18974518502,8.60869565217,6.6,4.5,4.59979377438,0.534319478842,0.291611769873,4.28989068105,0.996641269334,0.541062801932,2.91445898002,0.677096530713,0.355731225296,1.07629584498,0.491516479791,2.88826011686,2.18974518502,1.07629584498,2.88826011686,0.351612638569,0.458912768647,121,0.0683229813665,0.291765337837,23,23,23,1,0,0.347826086957,0.608695652174,0.0434782608696,23,0.175889328063,2.23562593173,7.73913043478,5.93333333333,4.04545454545,4.10340647073,0.530215442847,0.293111871031,3.89993412329,1.00784814422,0.546165119687,2.71869533928,0.702584188803,0.365412799218,1.12139223246,0.501601013188,2.92522724443,2.23562593173,1.12139223246,2.92522724443,0.301106140237,0.397865853659,87,0.0491247882552,0.246441045727,23,23,23,1,0,0.347826086957,0.608695652174,0.0434782608696,23,97,0.191699604743,2.24155213579,8.4347826087,6.46666666667,4.40909090909,4.58085032754,0.54309050275,0.298520842671,4.3896212483,1.04083802795,0.560286866876,2.66213382867,0.631227608859,0.330793366203,1.13032641688,0.50426059641,2.9874329018,2.24155213579,1.13032641688,2.9874329018,0.345487845488,0.452380952381,114,0.0643704121965,0.251567519782,23,23,23,1,0,0.347826086957,0.608695652174,0.0434782608696,-2,-0.00395256916996,0.0518069507614,-0.173913043478,-0.133333333333,-0.0909090909091,-0.0189434468375,0.00877102390776,0.00690907279881,0.0997305672562,0.044196758614,0.0192240649435,-0.252325151356,-0.0458689218533,-0.0249378590929,0.054030571893,0.012744116619,0.099172784942,0.0518069507614,0.054030571893,0.099172784942,-0.00612479308131,-0.00653181626633,-7,-0.00395256916996,-0.040197818055,0,0,0,96,1,3,406,0.969696969697,0.997542997543,0.002457002457,0.030303030303,0.989690721649,0.969696969697,0.979591836735,0.974768563044,0.96723996724,0.96,8,10,0,23,23,23,1,0,8,0,0.0386050732335,0,0,1,3.88826011686,0,16,NaN,1,ok,2.18974518502,0,23,23,23,1,0,8,0,0.0226826835194,0,0,1,3.92522724443,0,16,NaN,1,ok,2.23562593173,0,23,23,23,1,0,8,0,0.0236241202626,0,0,1,3.9874329018,0,16,NaN,1,ok,2.24155213579,0,0,0,0
893,WLNM_dir_neg,0.97,0.845065073815,00:00:00,10,90,93,512802539,fixed,validated_v2,/gpfs/scratch/acw792/wlnm_roleonly_v2_20260910/result_wlnm_dir_neg_roleonly_trophicv2_100x290_train10-90_Apocrita_20260910_011848/ecological_snapshots/Broadstone_Stream_tax_mass_K10_ratio0.9_exp93_seed512802539_threshold0.5_validated_v2.mat,role_only,2,uniform_without_replacement,uniform_remaining_nonlinks,176,0,176,407,198,198,176,22,0,22,0.111111111111,178,20,0.5,0.875,0.7,0.777777777778,7,1,3,19,0.7,0.95,0.05,0.3,0.875,0.7,0.777777777778,0.866666666667,0.577777777778,0.684210526316,0.692902328156,0.65,99,89,10,0,99,0,89,0,10,23,99,0.195652173913,2.18974518502,8.60869565217,6.6,4.5,4.59979377438,0.534319478842,0.291611769873,4.28989068105,0.996641269334,0.541062801932,2.91445898002,0.677096530713,0.355731225296,1.07629584498,0.491516479791,2.88826011686,2.18974518502,1.07629584498,2.88826011686,0.351612638569,0.458912768647,121,0.0683229813665,0.291765337837,23,23,23,1,0,0.347826086957,0.608695652174,0.0434782608696,23,0.175889328063,2.206355109,7.73913043478,5.93333333333,4.04545454545,4.31927383737,0.558108417189,0.302882266732,3.92317528895,1.01385428816,0.550073277968,2.71869533928,0.702584188803,0.367366878359,1.09122981213,0.494584850682,2.93669859726,2.206355109,1.09122981213,2.93669859726,0.320397959528,0.4224,88,0.0496894409938,0.239181430925,23,23,23,1,0,0.347826086957,0.608695652174,0.0434782608696,23,97,0.191699604743,2.18693174409,8.4347826087,6.46666666667,4.40909090909,4.44998556644,0.527575608392,0.287315105334,4.12262627834,0.977529942286,0.530703720305,3.01445791507,0.714768371615,0.363065889736,1.06476171146,0.486874688403,2.87847930414,2.18693174409,1.06476171146,2.87847930414,0.334513312774,0.417218543046,105,0.0592885375494,0.293119843897,23,23,23,1,0,0.347826086957,0.608695652174,0.0434782608696,-2,-0.00395256916996,-0.00281344093892,-0.173913043478,-0.133333333333,-0.0909090909091,-0.14980820794,-0.00674387044971,-0.00429666453871,-0.167264402711,-0.0191113270483,-0.0103590816276,0.0999989350474,0.0376718409022,0.0073346644391,-0.0115341335226,-0.00464179138815,-0.00978081271865,-0.00281344093892,-0.0115341335226,-0.00978081271865,-0.017099325795,-0.0416942256009,-16,-0.00903444381705,0.00135450606039,0,0,0,96,1,3,406,0.969696969697,0.997542997543,0.002457002457,0.030303030303,0.989690721649,0.969696969697,0.979591836735,0.974768563044,0.96723996724,0.96,8,10,0,23,23,23,1,0,8,0,0.0386050732335,0,0,1,3.88826011686,0,16,NaN,1,ok,2.18974518502,0,23,23,23,1,0,8,0,0.0324547152932,0,0,1,3.93669859726,0,16,NaN,1,ok,2.206355109,0,23,23,23,1,0,8,0,0.0384878096384,0,0,1,3.87847930414,0,16,NaN,1,ok,2.18693174409,0,0,0,0
894,WLNM_dir_neg,1,0.9,00:00:00,10,90,94,512802540,fixed,validated_v2,/gpfs/scratch/acw792/wlnm_roleonly_v2_20260910/result_wlnm_dir_neg_roleonly_trophicv2_100x290_train10-90_Apocrita_20260910_011848/ecological_snapshots/Broadstone_Stream_tax_mass_K10_ratio0.9_exp94_seed512802540_threshold0.5_validated_v2.mat,role_only,2,uniform_without_replacement,uniform_remaining_nonlinks,176,0,176,407,198,198,176,22,0,22,0.111111111111,178,20,0.5,1,0.9,0.947368421053,9,0,1,20,0.9,1,0,0.1,1,0.9,0.947368421053,0.966666666667,0.566666666667,0.923076923077,0.925820099773,0.9,99,89,10,0,99,0,89,0,10,23,99,0.195652173913,2.18974518502,8.60869565217,6.6,4.5,4.59979377438,0.534319478842,0.291611769873,4.28989068105,0.996641269334,0.541062801932,2.91445898002,0.677096530713,0.355731225296,1.07629584498,0.491516479791,2.88826011686,2.18974518502,1.07629584498,2.88826011686,0.351612638569,0.458912768647,121,0.0683229813665,0.291765337837,23,23,23,1,0,0.347826086957,0.608695652174,0.0434782608696,23,0.175889328063,2.22218895056,7.73913043478,5.93333333333,4.04545454545,4.52485450599,0.584672211448,0.320468978994,4.01479477372,1.03753123366,0.559843673669,2.5281029148,0.653329966746,0.353688324377,1.11389718809,0.50126123965,2.92232496697,2.22218895056,1.11389718809,2.92232496697,0.342122611688,0.472440944882,100,0.0564652738566,0.215915626546,23,23,23,1,0,0.347826086957,0.608695652174,0.0434782608696,23,98,0.193675889328,2.18974518502,8.52173913043,6.53333333333,4.45454545455,4.54142113538,0.532921867927,0.290150842946,4.2556635131,0.998778171443,0.5421472937,2.83191858037,0.664633952536,0.350488021295,1.07629584498,0.491516479791,2.88826011686,2.18974518502,1.07629584498,2.88826011686,0.351944432379,0.464239271782,119,0.0671936758893,0.284212427784,23,23,23,1,0,0.347826086957,0.608695652174,0.0434782608696,-1,-0.00197628458498,0,-0.0869565217391,-0.0666666666667,-0.0454545454545,-0.0583726389996,-0.00139761091483,-0.00146092692677,-0.0342271679439,0.00213690210841,0.00108449176772,-0.0825403996536,-0.0124625781767,-0.00524320400097,0,0,0,0,0,0,0.000331793810055,0.00532650313425,-2,-0.00112930547713,-0.00755291005291,0,0,0,98,0,1,407,0.989898989899,1,0,0.010101010101,1,0.989898989899,0.994923857868,0.993716643156,0.989898989899,0.989898989899,9,10,0,23,23,23,1,0,8,0,0.0386050732335,0,0,1,3.88826011686,0,16,NaN,1,ok,2.18974518502,0,23,23,23,1,0,8,0,0.0380217978853,0,0,1,3.92232496697,0,16,NaN,1,ok,2.22218895056,0,23,23,23,1,0,8,0,0.0382019259827,0,0,1,3.88826011686,0,16,NaN,1,ok,2.18974518502,0,0,0,0
895,WLNM_dir_neg,1,0.7,00:00:01,10,90,95,512802541,fixed,validated_v2,/gpfs/scratch/acw792/wlnm_roleonly_v2_20260910/result_wlnm_dir_neg_roleonly_trophicv2_100x290_train10-90_Apocrita_20260910_011848/ecological_snapshots/Broadstone_Stream_tax_mass_K10_ratio0.9_exp95_seed512802541_threshold0.5_validated_v2.mat,role_only,2,uniform_without_replacement,uniform_remaining_nonlinks,176,0,176,407,198,198,176,22,0,22,0.111111111111,178,20,0.5,1,1,1,10,0,0,20,1,1,0,0,1,1,1,1,0.555555555556,1,1,1,99,89,10,0,99,0,89,0,10,23,99,0.195652173913,2.18974518502,8.60869565217,6.6,4.5,4.59979377438,0.534319478842,0.291611769873,4.28989068105,0.996641269334,0.541062801932,2.91445898002,0.677096530713,0.355731225296,1.07629584498,0.491516479791,2.88826011686,2.18974518502,1.07629584498,2.88826011686,0.351612638569,0.458912768647,121,0.0683229813665,0.291765337837,23,23,23,1,0,0.347826086957,0.608695652174,0.0434782608696,23,0.175889328063,2.15188612149,7.73913043478,5.93333333333,4.04545454545,4.13650479714,0.534492192889,0.293600390816,3.85303124856,0.995727176594,0.538348803127,2.83331395793,0.7322047307,0.387884709331,1.02715993123,0.477330059882,2.72635283766,2.15188612149,1.02715993123,2.72635283766,0.327783086479,0.41211225997,93,0.0525127046866,0.263260918975,23,23,23,1,0,0.347826086957,0.608695652174,0.0434782608696,23,99,0.195652173913,2.18974518502,8.60869565217,6.6,4.5,4.59979377438,0.534319478842,0.291611769873,4.28989068105,0.996641269334,0.541062801932,2.91445898002,0.677096530713,0.355731225296,1.07629584498,0.491516479791,2.88826011686,2.18974518502,1.07629584498,2.88826011686,0.351612638569,0.458912768647,121,0.0683229813665,0.291765337837,23,23,23,1,0,0.347826086957,0.608695652174,0.0434782608696,0,0,0,0,0,0,0,0,0,0,0,0,0,0,0,0,0,0,0,0,0,0,0,0,0,0,0,0,0,99,0,0,407,1,1,0,0,1,1,1,1,1,1,10,10,0,23,23,23,1,0,8,0,0.0386050732335,0,0,1,3.88826011686,0,16,NaN,1,ok,2.18974518502,0,23,23,23,1,0,8,0,0.038583305772,0,0,1,3.72635283766,0,16,NaN,1,ok,2.15188612149,0,23,23,23,1,0,8,0,0.0386050732335,0,0,1,3.88826011686,0,16,NaN,1,ok,2.18974518502,0,0,0,0
896,WLNM_dir_neg,0.945,0.643504689755,00:00:00,10,90,96,512802542,fixed,validated_v2,/gpfs/scratch/acw792/wlnm_roleonly_v2_20260910/result_wlnm_dir_neg_roleonly_trophicv2_100x290_train10-90_Apocrita_20260910_011848/ecological_snapshots/Broadstone_Stream_tax_mass_K10_ratio0.9_exp96_seed512802542_threshold0.5_validated_v2.mat,role_only,2,uniform_without_replacement,uniform_remaining_nonlinks,176,0,176,407,198,198,176,22,0,22,0.111111111111,178,20,0.5,0.818181818182,0.9,0.857142857143,9,2,1,18,0.9,0.9,0.1,0.1,0.818181818182,0.9,0.857142857143,0.9,0.544444444444,0.780487804878,0.782585580871,0.8,99,89,10,0,99,0,89,0,10,23,99,0.195652173913,2.18974518502,8.60869565217,6.6,4.5,4.59979377438,0.534319478842,0.291611769873,4.28989068105,0.996641269334,0.541062801932,2.91445898002,0.677096530713,0.355731225296,1.07629584498,0.491516479791,2.88826011686,2.18974518502,1.07629584498,2.88826011686,0.351612638569,0.458912768647,121,0.0683229813665,0.291765337837,23,23,23,1,0,0.347826086957,0.608695652174,0.0434782608696,23,0.175889328063,2.15074757503,7.73913043478,5.93333333333,4.04545454545,4.19108785297,0.541545059653,0.297508549096,3.80555034637,0.983456831084,0.534440644846,2.81722538915,0.72804701068,0.38397655105,1.0457495698,0.486226083406,2.90076115486,2.15074757503,1.0457495698,2.90076115486,0.333601499511,0.413010590015,91,0.0513833992095,0.271170288628,23,23,23,1,0,0.347826086957,0.608695652174,0.0434782608696,23,100,0.197628458498,2.21816237708,8.69565217391,6.66666666667,4.54545454545,4.64596386524,0.534285844503,0.291304347826,4.35481651479,1.0016077984,0.541739130435,2.8700442767,0.66011018364,0.344347826087,1.09468772801,0.493511087973,2.94215718099,2.21816237708,1.09468772801,2.94215718099,0.360473825691,0.464944649446,126,0.0711462450593,0.282014823801,23,23,23,1,0,0.347826086957,0.608695652174,0.0434782608696,1,0.00197628458498,0.028417192054,0.0869565217391,0.0666666666667,0.0454545454545,0.046170090867,-3.3634338711e-05,-0.000307422046552,0.0649258337408,0.00496652906703,0.000676328502416,-0.0444147033281,-0.0169863470726,-0.0113833992095,0.0183918830289,0.0019946081814,0.0538970641275,0.028417192054,0.0183918830289,0.0538970641275,0.00886118712206,0.00603188079921,5,0.00282326369283,-0.00975051403623,0,0,0,98,2,1,405,0.989898989899,0.995085995086,0.004914004914,0.010101010101,0.98,0.989898989899,0.984924623116,0.981253898792,0.984984984985,0.970297029703,11,10,0,23,23,23,1,0,8,0,0.0386050732335,0,0,1,3.88826011686,0,16,NaN,1,ok,2.18974518502,0,23,23,23,1,0,8,0,0.0367074155035,0,0,1,3.90076115486,0,16,NaN,1,ok,2.15074757503,0,23,23,23,1,0,8,0,0.0423854824793,0,0,1,3.94215718099,0,16,NaN,1,ok,2.21816237708,0,0,0,0
897,WLNM_dir_neg,0.98,0.754700577201,00:00:00,10,90,97,512802543,fixed,validated_v2,/gpfs/scratch/acw792/wlnm_roleonly_v2_20260910/result_wlnm_dir_neg_roleonly_trophicv2_100x290_train10-90_Apocrita_20260910_011848/ecological_snapshots/Broadstone_Stream_tax_mass_K10_ratio0.9_exp97_seed512802543_threshold0.5_validated_v2.mat,role_only,2,uniform_without_replacement,uniform_remaining_nonlinks,176,0,176,407,198,198,176,22,0,22,0.111111111111,178,20,0.5,0.9,0.9,0.9,9,1,1,19,0.9,0.95,0.05,0.1,0.9,0.9,0.9,0.933333333333,0.555555555556,0.85,0.85,0.85,99,89,10,0,99,0,89,0,10,23,99,0.195652173913,2.18974518502,8.60869565217,6.6,4.5,4.59979377438,0.534319478842,0.291611769873,4.28989068105,0.996641269334,0.541062801932,2.91445898002,0.677096530713,0.355731225296,1.07629584498,0.491516479791,2.88826011686,2.18974518502,1.07629584498,2.88826011686,0.351612638569,0.458912768647,121,0.0683229813665,0.291765337837,23,23,23,1,0,0.347826086957,0.608695652174,0.0434782608696,23,0.175889328063,2.22709304768,7.73913043478,5.93333333333,4.04545454545,4.28758664163,0.554014004256,0.303370786517,3.95778114864,1.02279737549,0.553004396678,2.71869533928,0.702584188803,0.369320957499,1.11815725967,0.502070293309,2.9652173913,2.22709304768,1.11815725967,2.9652173913,0.324888495343,0.429260450161,89,0.0502540937324,0.239138189852,23,23,23,1,0,0.347826086957,0.608695652174,0.0434782608696,23,99,0.195652173913,2.20905934314,8.60869565217,6.6,4.5,4.68788700642,0.544552531049,0.298638559508,4.26864660912,0.991705777875,0.539306104523,2.9608779811,0.687880743084,0.364514712341,1.09675638059,0.496481176023,2.92910841809,2.20905934314,1.09675638059,2.92910841809,0.363073158725,0.484962406015,129,0.072840203275,0.28682308821,23,23,23,1,0,0.347826086957,0.608695652174,0.0434782608696,0,0,0.0193141581125,0,0,0,0.0880932320449,0.0102330522072,0.00702678963549,-0.0212440719312,-0.00493549145877,-0.00175669740887,0.0464190010772,0.0107842123715,0.00878348704436,0.0204605356031,0.00496469623216,0.0408483012335,0.0193141581125,0.0204605356031,0.0408483012335,0.0114605201562,0.0260496373678,8,0.00451722190853,-0.00494224962712,0,0,0,98,1,1,406,0.989898989899,0.997542997543,0.002457002457,0.010101010101,0.989898989899,0.989898989899,0.989898989899,0.987441987442,0.987441987442,0.98,10,10,0,23,23,23,1,0,8,0,0.0386050732335,0,0,1,3.88826011686,0,16,NaN,1,ok,2.18974518502,0,23,23,23,1,0,8,0,0.029658436133,0,0,1,3.9652173913,0,16,NaN,1,ok,2.22709304768,0,23,23,23,1,0,8,0,0.0387041597791,0,0,1,3.92910841809,0,16,NaN,1,ok,2.20905934314,0,0,0,0
898,WLNM_dir_neg,0.99,0.779898989899,00:00:01,10,90,98,512802544,fixed,validated_v2,/gpfs/scratch/acw792/wlnm_roleonly_v2_20260910/result_wlnm_dir_neg_roleonly_trophicv2_100x290_train10-90_Apocrita_20260910_011848/ecological_snapshots/Broadstone_Stream_tax_mass_K10_ratio0.9_exp98_seed512802544_threshold0.5_validated_v2.mat,role_only,2,uniform_without_replacement,uniform_remaining_nonlinks,176,0,176,407,198,198,176,22,0,22,0.111111111111,178,20,0.5,0.833333333333,1,0.909090909091,10,2,0,18,1,0.9,0.1,0,0.833333333333,1,0.909090909091,0.933333333333,0.533333333333,0.857142857143,0.866025403784,0.9,99,89,10,0,99,0,89,0,10,23,99,0.195652173913,2.18974518502,8.60869565217,6.6,4.5,4.59979377438,0.534319478842,0.291611769873,4.28989068105,0.996641269334,0.541062801932,2.91445898002,0.677096530713,0.355731225296,1.07629584498,0.491516479791,2.88826011686,2.18974518502,1.07629584498,2.88826011686,0.351612638569,0.458912768647,121,0.0683229813665,0.291765337837,23,23,23,1,0,0.347826086957,0.608695652174,0.0434782608696,23,0.175889328063,2.20607769588,7.73913043478,5.93333333333,4.04545454545,4.10340647073,0.530215442847,0.28724963361,3.78158634133,0.977263885961,0.532486565706,2.66806616768,0.689500245579,0.355642403517,1.10358814296,0.500248991695,3.16297332186,2.20607769588,1.10358814296,3.16297332186,0.302928713798,0.3738170347,79,0.0446075663467,0.246248406122,23,23,23,1,0,0.347826086957,0.608695652174,0.0434782608696,23,101,0.199604743083,3.97531105907,8.78260869565,6.3125,4.59090909091,4.79541942178,0.54601310248,0.29659922514,4.25055216129,0.967947521879,0.528626775721,2.93473137124,0.668305163748,0.354713732243,2.29668824824,0.577737996879,5.99855180281,3.97531105907,2.29668824824,5.99855180281,0.351612638569,0.458912768647,121,0.0683229813665,0.256329792892,23,23,23,1,0,0.304347826087,0.652173913043,0.0434782608696,2,0.00395256916996,1.78556587405,0.173913043478,-0.2875,0.0909090909091,0.195625647408,0.0116936236387,0.00498745526727,-0.0393385197523,-0.0286937474552,-0.0124360262113,0.0202723912162,-0.00879136696488,-0.00101749305365,1.22039240326,0.0862215170878,3.11029168595,1.78556587405,1.22039240326,3.11029168595,0,0,0,0,-0.0354355449445,-0.0434782608696,0.0434782608696,0,99,2,0,405,1,0.995085995086,0.004914004914,0,0.980198019802,1,0.99,0.987613953889,0.995085995086,0.980198019802,12,10,0,23,23,23,1,0,8,0,0.0386050732335,0,0,1,3.88826011686,0,16,NaN,1,ok,2.18974518502,0,23,23,23,1,0,8,0,0.0309141912718,0,0,1,4.16297332186,0,16,NaN,1,ok,2.20607769588,0,23,23,23,1,0,7,0,0.018619316526,0,0,1,6.99855180281,0,16,NaN,1,ok,3.97531105907,0,0,0,0
899,WLNM_dir_neg,0.965,0.82281024531,00:00:00,10,90,99,512802545,fixed,validated_v2,/gpfs/scratch/acw792/wlnm_roleonly_v2_20260910/result_wlnm_dir_neg_roleonly_trophicv2_100x290_train10-90_Apocrita_20260910_011848/ecological_snapshots/Broadstone_Stream_tax_mass_K10_ratio0.9_exp99_seed512802545_threshold0.5_validated_v2.mat,role_only,2,uniform_without_replacement,uniform_remaining_nonlinks,176,0,176,407,198,198,176,22,0,22,0.111111111111,178,20,0.5,0.888888888889,0.8,0.842105263158,8,1,2,19,0.8,0.95,0.05,0.2,0.888888888889,0.8,0.842105263158,0.9,0.566666666667,0.769230769231,0.77151674981,0.75,99,89,10,0,99,0,89,0,10,23,99,0.195652173913,2.18974518502,8.60869565217,6.6,4.5,4.59979377438,0.534319478842,0.291611769873,4.28989068105,0.996641269334,0.541062801932,2.91445898002,0.677096530713,0.355731225296,1.07629584498,0.491516479791,2.88826011686,2.18974518502,1.07629584498,2.88826011686,0.351612638569,0.458912768647,121,0.0683229813665,0.291765337837,23,23,23,1,0,0.347826086957,0.608695652174,0.0434782608696,23,0.175889328063,2.18386923288,7.73913043478,5.93333333333,4.04545454545,4.52485450599,0.584672211448,0.323888617489,4.03737479768,1.04336652075,0.557889594529,2.78476941801,0.719659512518,0.3790913532,1.08281137105,0.495822439709,2.92869767816,2.18386923288,1.08281137105,2.92869767816,0.337753408208,0.43653250774,94,0.0530773574252,0.257564946725,23,23,23,1,0,0.347826086957,0.608695652174,0.0434782608696,23,98,0.193675889328,2.19730425636,8.52173913043,6.53333333333,4.45454545455,4.55141901167,0.534095088104,0.294143744454,4.26633109682,1.00128178803,0.543034605146,2.87966840427,0.67584054386,0.352262644188,1.08520497844,0.493880160336,2.90305865419,2.19730425636,1.08520497844,2.90305865419,0.339360398056,0.454075032342,117,0.0660643704122,0.287537985668,23,23,23,1,0,0.347826086957,0.608695652174,0.0434782608696,-1,-0.00197628458498,0.00755907133643,-0.0869565217391,-0.0666666666667,-0.0454545454545,-0.0483747627102,-0.000224390738017,0.00253197458166,-0.0235595842302,0.00464051869428,0.00197180321404,-0.0347905757499,-0.0012559868524,-0.00346858110833,0.00890913345632,0.00236368054515,0.0147985373343,0.00755907133643,0.00890913345632,0.0147985373343,-0.0122522405131,-0.00483773630576,-4,-0.00225861095426,-0.00422735216853,0,0,0,97,1,2,406,0.979797979798,0.997542997543,0.002457002457,0.020202020202,0.989795918367,0.979797979798,0.984771573604,0.981110199255,0.977340977341,0.97,9,10,0,23,23,23,1,0,8,0,0.0386050732335,0,0,1,3.88826011686,0,16,NaN,1,ok,2.18974518502,0,23,23,23,1,0,8,0,0.0335721149693,0,0,1,3.92869767816,0,16,NaN,1,ok,2.18386923288,0,23,23,23,1,0,8,0,0.0381566538713,0,0,1,3.90305865419,0,16,NaN,1,ok,2.19730425636,0,0,0,0
900,WLNM_dir_neg,0.985,0.875961538462,00:00:00,10,90,100,512802546,fixed,validated_v2,/gpfs/scratch/acw792/wlnm_roleonly_v2_20260910/result_wlnm_dir_neg_roleonly_trophicv2_100x290_train10-90_Apocrita_20260910_011848/ecological_snapshots/Broadstone_Stream_tax_mass_K10_ratio0.9_exp100_seed512802546_threshold0.5_validated_v2.mat,role_only,2,uniform_without_replacement,uniform_remaining_nonlinks,176,0,176,407,198,198,176,22,0,22,0.111111111111,178,20,0.5,1,0.5,0.666666666667,5,0,5,20,0.5,1,0,0.5,1,0.5,0.666666666667,0.833333333333,0.611111111111,0.571428571429,0.632455532034,0.5,99,89,10,0,99,0,89,0,10,23,99,0.195652173913,2.18974518502,8.60869565217,6.6,4.5,4.59979377438,0.534319478842,0.291611769873,4.28989068105,0.996641269334,0.541062801932,2.91445898002,0.677096530713,0.355731225296,1.07629584498,0.491516479791,2.88826011686,2.18974518502,1.07629584498,2.88826011686,0.351612638569,0.458912768647,121,0.0683229813665,0.291765337837,23,23,23,1,0,0.347826086957,0.608695652174,0.0434782608696,23,0.175889328063,2.14379078959,7.73913043478,5.93333333333,4.04545454545,4.01381015206,0.518638390434,0.285784074255,3.84121604592,0.992673809621,0.539325842697,2.75193069129,0.711173099995,0.374206155349,1.02257900907,0.47699570967,2.80692093023,2.14379078959,1.02257900907,2.80692093023,0.28642758208,0.387096774194,84,0.0474308300395,0.251625490911,23,23,23,1,0,0.347826086957,0.608695652174,0.0434782608696,23,94,0.185770750988,2.15238013978,8.17391304348,6.26666666667,4.27272727273,4.14127970903,0.50664592185,0.277983348751,4.04422195549,0.989543669961,0.538390379278,2.7619664187,0.675800293937,0.355226641998,1.03520554563,0.480958510298,2.81588308977,2.15238013978,1.03520554563,2.81588308977,0.320927381797,0.422131147541,103,0.0581592320723,0.275248986152,23,23,23,1,0,0.347826086957,0.608695652174,0.0434782608696,-5,-0.0098814229249,-0.0373650452409,-0.434782608696,-0.333333333333,-0.227272727273,-0.458514065343,-0.0276735569919,-0.0136284211215,-0.245668725554,-0.00709759937301,-0.00267242265392,-0.152492561325,-0.00129623677564,-0.000504583298293,-0.0410902993573,-0.010557969493,-0.0723770270875,-0.0373650452409,-0.0410902993573,-0.0723770270875,-0.0306852567722,-0.0367816211063,-18,-0.0101637492942,-0.0165163516844,0,0,0,94,0,5,407,0.949494949495,1,0,0.0505050505051,1,0.949494949495,0.974093264249,0.968489521128,0.949494949495,0.949494949495,5,10,0,23,23,23,1,0,8,0,0.0386050732335,0,0,1,3.88826011686,0,16,NaN,1,ok,2.18974518502,0,23,23,23,1,0,8,0,0.0284931130996,0,0,1,3.80692093023,0,16,NaN,1,ok,2.14379078959,0,23,23,23,1,0,8,0,0.0407343591475,0,0,1,3.81588308977,0,16,NaN,1,ok,2.15238013978,0,0,0,0
