Score,Label
5.678252e-07,1
0.9076712,1
0.9076712,1
9.855942e-05,1
1.688924e-07,1
6.674575e-07,1
0.0007194818,1
0.9995303,1
0.9997881,1
7.3309e-05,1
7.30159e-05,1
0.4639592,1
0.9927504,1
0.154799,1
0.9995303,1
0.9995303,1
0.0007772123,1
6.674575e-07,1
2.058079e-05,1
9.855942e-05,1
4.14341e-07,1
0.0007772123,1
4.192247e-08,1
0.0008028663,1
6.783436e-08,1
9.855942e-05,1
9.855942e-05,1
9.855942e-05,1
0.999734,1
0.999734,1
0.999734,1
0.999734,1
0.009822006,1
0.009822006,1
8.773194e-06,1
0.9553289,1
5.16222e-07,1
0.004094027,1
0.9553289,1
0.0324606,1
8.305157e-06,1
0.001381869,1
0.0002105674,1
0.0002427008,1
0.401138,1
3.906119e-05,1
0.9946771,1
0.9473121,1
0.0002105674,1
0.9791771,1
0.001242592,1
0.001158149,1
0.0324606,1
5.16222e-07,1
8.305157e-06,1
3.256357e-05,1
0.7852414,1
0.9739455,1
0.2909501,1
8.773194e-06,1
0.0002023356,1
8.305157e-06,1
8.773194e-06,1
0.04316967,1
0.0009497002,1
0.9995286,1
0.9997664,1
0.0002023356,1
3.256357e-05,1
0.9742563,1
0.9742563,1
0.1455675,1
0.1455675,1
8.773194e-06,1
0.1455675,1
0.7780249,1
0.7586178,1
1.134385e-06,1
0.9999996,1
0.7780249,1
3.17028e-07,1
3.17028e-07,1
0.1487398,1
2.745623e-11,1
0.006599493,1
2.85123e-06,1
0.5946058,1
1.276646e-05,1
2.85123e-06,1
0.0006077593,1
0.009166526,1
0.9801539,1
0.9963053,1
0.0127667,1
2.85123e-06,1
1.276646e-05,1
0.913868,1
0.1024823,1
2.85123e-06,1
0.006599493,1
0.006599493,1
8.773194e-06,1
0.9584781,1
8.773194e-06,1
0.01209953,1
0.01269115,1
0.9934531,1
0.9934531,1
3.17028e-07,1
3.17028e-07,1
0.1455675,1
0.1487398,1
2.745623e-11,1
0.1455675,1
0.683277,1
0.9999964,1
7.261452e-07,1
6.674575e-07,1
6.674575e-07,1
4.06274e-11,1
4.06274e-11,1
6.674575e-07,1
0.0006309521,1
6.674575e-07,1
1.730312e-06,1
5.678252e-07,1
4.06274e-11,1
0.0002103431,1
0.0002103431,1
1.730312e-06,1
0.0002103431,1
1.730312e-06,1
1.201731e-06,1
4.06274e-11,1
0.04316967,1
1.730312e-06,1
0.9076712,1
4.06274e-11,1
4.06274e-11,1
1.730312e-06,1
3.797644e-07,1
0.1791653,1
0.1791653,1
0.01743815,1
0.5488006,1
6.783436e-08,1
4.340074e-07,1
4.340074e-07,1
0.0003596772,1
0.0003596772,1
1.622325e-07,1
0.7586178,1
0.001625605,1
6.560102e-06,1
0.006139643,1
3.497916e-05,1
6.560102e-06,1
0.9836943,1
0.997927,1
0.8059365,1
0.9881827,1
0.9955123,1
0.9488513,1
0.9954513,1
0.0001163881,1
0.9955052,1
4.221996e-06,1
3.497916e-05,1
0.7468743,1
6.560102e-06,1
5.511963e-11,1
0.7468743,1
5.511963e-11,1
0.9809626,1
0.9968686,1
0.7468743,1
0.0005542125,1
1.587392e-07,1
0.006599493,1
0.006599493,1
0.0340589,1
0.913868,1
8.163165e-05,1
2.131999e-05,1
2.85123e-06,1
0.9982744,1
0.0004226412,1
0.005964104,1
0.5946058,1
0.007542503,1
0.6640839,1
7.308898e-05,1
2.354986e-08,1
0.9923868,1
0.0002105674,1
0.9982274,1
0.5946058,1
0.01301054,1
2.85123e-06,1
0.9240377,1
0.0002501343,1
0.913868,1
5.87245e-07,1
0.01301054,1
0.000430932,1
0.5801754,1
0.4048697,1
0.913868,1
0.913868,1
0.913868,1
5.027849e-11,1
5.027849e-11,1
0.9995155,1
5.662593e-13,1
3.160801e-15,1
3.160801e-15,1
0.4891516,1
1.093192e-11,1
0.008618033,1
6.504372e-06,1
0.04533797,1
2.593071e-07,1
0.00040708,1
0.5457747,1
2.593071e-07,1
0.0002215285,1
2.653115e-08,1
4.100973e-07,1
2.593071e-07,1
9.949727e-10,1
0.0002152493,1
8.639031e-07,1
0.006133137,1
0.03846,1
2.653115e-08,1
4.185128e-08,1
2.02938e-05,1
0.007661657,1
8.445067e-07,1
4.100973e-07,1
2.653115e-08,1
0.5599898,1
0.913185,1
0.006133137,1
0.008618033,1
0.1858967,1
0.03846,1
0.04533797,1
9.949727e-10,1
2.593071e-07,1
0.5457747,1
0.03289906,1
2.593071e-07,1
5.084783e-09,1
0.0005760308,1
5.084783e-09,1
4.100973e-07,1
0.5457747,1
2.593071e-07,1
0.0002215285,1
0.003505831,1
0.0002152493,1
2.593071e-07,1
0.0002215285,1
5.678252e-07,1
0.9076712,1
6.783436e-08,1
4.719264e-05,1
0.1131123,1
6.783436e-08,1
9.855942e-05,1
2.780152e-06,1
0.0009336727,1
6.783436e-08,1
6.674575e-07,1
0.0004411507,1
0.9995303,1
2.780152e-06,1
0.9997881,1
3.158451e-05,1
0.0003552714,1
4.192247e-08,1
0.0009336727,1
2.780152e-06,1
0.0001999959,1
0.9927504,1
7.110817e-05,1
0.9995303,1
0.9995303,1
0.0007772123,1
6.674575e-07,1
6.783436e-08,1
0.6842621,1
4.14341e-07,1
6.783436e-08,1
9.855942e-05,1
4.094504e-05,1
0.0007772123,1
4.192247e-08,1
0.0008028663,1
0.0009336727,1
6.783436e-08,1
9.855942e-05,1
0.007411144,1
6.783436e-08,1
9.855942e-05,1
9.855942e-05,1
2.855611e-07,1
0.9028761,1
1.662647e-09,1
0.9713551,1
2.855611e-07,1
0.9713551,1
0.0001823031,1
2.855611e-07,1
0.0007111419,1
5.844086e-08,1
2.855611e-07,1
1.570582e-08,1
5.844086e-08,1
5.844086e-08,1
0.003503184,1
0.01258954,1
0.9028761,1
5.844086e-08,1
5.844086e-08,1
2.855611e-07,1
0.4176585,1
0.00258535,1
0.001031432,1
0.00258535,1
0.003503184,1
2.855611e-07,1
0.004531584,1
1.570582e-08,1
2.855611e-07,1
0.01741754,1
5.844086e-08,1
0.001031432,1
2.855611e-07,1
5.844086e-08,1
0.001031432,1
0.004531584,1
9.787721e-05,1
2.855611e-07,1
0.9713551,1
2.855611e-07,1
5.844086e-08,1
0.9897729,1
5.844086e-08,1
2.855611e-07,1
0.7512083,1
0.7934375,1
5.844086e-08,1
5.844086e-08,1
0.0001580433,1
0.1455675,1
0.0006294513,1
0.9864847,1
0.0001527992,1
0.0001580433,1
4.881378e-05,1
0.0006077593,1
0.007091082,1
0.6213085,1
6.1688e-05,1
0.0001623102,1
0.0001527992,1
0.0001527992,1
0.0001527992,1
0.0001527992,1
0.0004155179,1
0.0001580433,1
0.9864847,1
7.737871e-09,1
0.9864847,1
8.773194e-06,1
0.0001527992,1
0.0001580433,1
6.25746e-05,1
0.0009076292,1
8.773194e-06,1
0.1717825,1
0.1829493,1
0.9677166,1
0.1347345,1
0.001469962,1
0.01752489,1
2.04529e-05,1
0.001469962,1
0.0005884408,1
0.01822118,1
0.6065595,1
0.001837932,1
0.7130767,1
2.04529e-05,1
2.04529e-05,1
2.04529e-05,1
2.04529e-05,1
0.001469962,1
0.002058047,1
5.511963e-11,1
0.002058047,1
5.511963e-11,1
0.000847611,1
0.3888375,1
5.511963e-11,1
0.8490254,1
0.01632484,1
4.808232e-06,1
5.678252e-07,1
9.855942e-05,1
6.674575e-07,1
2.004711e-05,1
0.0004411507,1
0.9964557,1
0.9708289,1
0.0007781076,1
0.4639592,1
0.9960307,1
0.9964557,1
0.9991832,1
3.285483e-06,1
0.0007772123,1
6.674575e-07,1
2.004711e-05,1
9.855942e-05,1
0.0007772123,1
1.008087e-07,1
6.783436e-08,1
0.003135151,1
6.783436e-08,1
0.4059284,1
0.003135151,1
9.855942e-05,1
1.166941e-06,1
7.142779e-06,1
8.445916e-05,1
3.367933e-05,1
7.142779e-06,1
0.001040872,1
0.9984206,1
0.0005884408,1
0.001610176,1
0.9488513,1
0.1296763,1
1.267122e-05,1
3.343165e-06,1
7.142779e-06,1
3.367933e-05,1
8.445916e-05,1
1.284704e-06,1
7.142779e-06,1
5.511963e-11,1
0.0004300606,1
5.511963e-11,1
0.9972953,1
0.01832825,1
5.523099e-05,1
1.099507e-07,1
0.0004012366,1
0.0004012366,1
0.0004012366,1
8.150673e-05,1
0.08363385,1
7.142779e-06,1
0.001550512,1
0.0004864153,1
0.2594168,1
0.001040872,1
0.9984206,1
0.0007249056,1
0.01142995,1
0.001610176,1
0.8131803,1
1.532247e-05,1
0.9999015,1
0.1296763,1
3.343165e-06,1
7.142779e-06,1
2.613747e-06,1
8.445916e-05,1
5.183799e-08,1
1.284704e-06,1
1.169948e-05,1
2.577565e-06,1
0.9346976,1
5.511963e-11,1
0.0004300606,1
0.0009911606,1
4.728201e-05,1
8.445916e-05,1
6.674575e-07,1
6.674575e-07,1
5.936515e-11,1
5.936515e-11,1
6.674575e-07,1
0.01381398,1
0.0006309521,1
6.674575e-07,1
1.730312e-06,1
5.678252e-07,1
5.936515e-11,1
2.004711e-05,1
2.004711e-05,1
1.730312e-06,1
2.004711e-05,1
1.730312e-06,1
5.678252e-07,1
5.936515e-11,1
0.04316967,1
1.730312e-06,1
0.9076712,1
5.936515e-11,1
0.6842621,1
5.936515e-11,1
1.730312e-06,1
0.009794275,1
0.0006278235,1
0.1791653,1
0.1791653,1
0.1562846,1
0.03617783,1
6.783436e-08,1
3.17028e-07,1
3.17028e-07,1
0.1455675,1
0.1487398,1
2.745623e-11,1
0.1455675,1
1.134385e-06,1
0.0002708146,1
0.0002708146,1
0.0002708146,1
0.0002708146,1
0.0002708146,1
0.02414057,1
0.02414057,1
0.1562846,1
0.01743815,1
6.619079e-10,1
0.7780249,1
0.2990516,1
0.0008356235,1
6.691758e-07,1
7.737871e-09,1
6.691758e-07,1
0.4557905,1
6.691758e-07,1
0.001182359,1
6.691758e-07,1
0.0006077593,1
7.737871e-09,1
0.9801539,1
7.660297e-05,1
0.001182359,1
0.001182359,1
0.001182359,1
0.001182359,1
0.0002644397,1
0.9280825,1
6.691758e-07,1
0.006599493,1
7.737871e-09,1
0.006599493,1
8.773194e-06,1
0.1159855,1
0.001107038,1
8.773194e-06,1
0.9280825,1
0.01269115,1
0.1347345,1
2.578934e-08,1
1.347428e-05,1
2.578934e-08,1
0.967931,1
2.578934e-08,1
2.578934e-08,1
2.578934e-08,1
2.578934e-08,1
0.9863381,1
0.967931,1
2.578934e-08,1
9.949727e-10,1
0.01927051,1
2.578934e-08,1
0.9927504,1
2.578934e-08,1
9.949727e-10,1
0.0002152493,1
9.949727e-10,1
0.9989826,1
2.653115e-08,1
0.009049339,1
0.007661657,1
8.445067e-07,1
2.578934e-08,1
1.27959e-08,1
2.578934e-08,1
2.653115e-08,1
0.9916378,1
0.001490599,1
0.01450952,1
7.834141e-06,1
0.0002152493,1
0.0002152493,1
0.01365538,1
9.949727e-10,1
2.578934e-08,1
2.578934e-08,1
2.578934e-08,1
0.0002152493,1
0.0002152493,1
0.00355613,1
2.578934e-08,1
0.02596422,1
4.22402e-05,1
0.01365538,1
0.01303199,1
1.27959e-08,1
9.949727e-10,1
0.967931,1
9.949727e-10,1
0.967931,1
2.578934e-08,1
0.0002152493,1
9.949727e-10,1
0.7760008,1
0.001426451,1
2.578934e-08,1
0.4612942,1
0.005651914,1
0.02596422,1
0.001426451,1
2.855611e-07,1
0.8923146,1
2.855611e-07,1
0.3729918,1
2.855611e-07,1
2.855611e-07,1
0.2099248,1
0.9713551,1
2.855611e-07,1
5.844086e-08,1
5.844086e-08,1
2.855611e-07,1
5.844086e-08,1
5.844086e-08,1
5.844086e-08,1
0.00258535,1
5.844086e-08,1
0.9897729,1
0.001031432,1
1.767975e-09,1
2.855611e-07,1
2.855611e-07,1
2.855611e-07,1
0.0008636572,1
0.9853473,1
0.7512083,1
0.00258535,1
2.855611e-07,1
0.004531584,1
5.844086e-08,1
2.855611e-07,1
0.9713551,1
5.844086e-08,1
2.855611e-07,1
1.570582e-08,1
0.004531584,1
0.001031432,1
0.0001012336,1
0.6591872,1
2.855611e-07,1
2.855611e-07,1
0.0006886511,1
0.9897729,1
5.844086e-08,1
2.855611e-07,1
2.855611e-07,1
0.7512083,1
0.7934375,1
0.0006886511,1
1.570582e-08,1
0.9995286,1
5.678252e-07,1
0.001001069,1
6.783436e-08,1
0.001001069,1
0.001211285,1
6.783436e-08,1
1.477182e-06,1
8.895303e-07,1
2.780152e-06,1
6.783436e-08,1
6.674575e-07,1
2.996398e-06,1
0.005798188,1
0.8411111,1
8.895303e-07,1
0.00729642,1
7.3309e-05,1
1.092158e-05,1
1.354797e-08,1
2.780152e-06,1
8.895303e-07,1
0.4230457,1
0.9927504,1
0.154799,1
0.8411111,1
0.8411111,1
1.308284e-06,1
6.674575e-07,1
6.783436e-08,1
0.001150106,1
6.783436e-08,1
1.477182e-06,1
4.14341e-07,1
1.308284e-06,1
1.354797e-08,1
2.430645e-05,1
2.780152e-06,1
1.659437e-06,1
6.783436e-08,1
1.477182e-06,1
2.714903e-06,1
6.783436e-08,1
1.477182e-06,1
1.477182e-06,1
8.773194e-06,1
2.75054e-05,1
0.002717395,1
0.003561448,1
8.773194e-06,1
0.9687697,1
0.9864847,1
8.773194e-06,1
0.001381869,1
1.136154e-06,1
0.0001358139,1
0.0001358139,1
8.773194e-06,1
0.0005328018,1
0.0001527992,1
0.001381869,1
0.0001428795,1
0.0001358139,1
0.01203871,1
0.9445854,1
0.001874286,1
2.733268e-06,1
0.0001358139,1
8.773194e-06,1
0.0001358139,1
0.4230457,1
0.0003437276,1
0.6213085,1
1.131995e-05,1
0.001242592,1
1.308284e-06,1
0.0005328018,1
8.773194e-06,1
0.9864847,1
0.0001527992,1
0.0002501343,1
8.773194e-06,1
0.945934,1
5.87245e-07,1
1.308284e-06,1
0.003555248,1
0.9742563,1
0.0001358139,1
0.9864847,1
0.001381869,1
8.773194e-06,1
0.9996124,1
0.000102449,1
0.0001527992,1
0.001381869,1
8.773194e-06,1
0.01209953,1
0.9677166,1
0.9996124,1
0.945934,1
0.9318566,1
0.9318566,1
0.9318566,1
0.9318566,1
0.9318566,1
0.9318566,1
0.9318566,1
0.9318566,1
0.9318566,1
0.9318566,1
0.9318566,1
0.9318566,1
0.9318566,1
0.9318566,1
0.9318566,1
0.9318566,1
0.9318566,1
0.9318566,1
0.9318566,1
0.9318566,1
0.9318566,1
0.9318566,1
0.9318566,1
0.9318566,1
0.9318566,1
0.9318566,1
0.9318566,1
0.9318566,1
0.9318566,1
0.9318566,1
0.9318566,1
0.9318566,1
8.773194e-06,1
2.192432e-05,1
8.773194e-06,1
8.773194e-06,1
2.192432e-05,1
8.773194e-06,1
8.773194e-06,1
8.773194e-06,1
8.773194e-06,1
0.9864847,1
8.773194e-06,1
7.737871e-09,1
2.192432e-05,1
2.192432e-05,1
8.773194e-06,1
0.1002305,1
0.8622217,1
8.773194e-06,1
2.192432e-05,1
0.1435751,1
2.192432e-05,1
0.05198001,1
0.0006077593,1
8.773194e-06,1
2.192432e-05,1
0.0006077593,1
7.737871e-09,1
8.773194e-06,1
0.0001310873,1
0.9801539,1
1.130105e-08,1
0.1435751,1
0.1435751,1
8.773194e-06,1
2.192432e-05,1
8.773194e-06,1
8.773194e-06,1
8.773194e-06,1
8.773194e-06,1
8.773194e-06,1
8.773194e-06,1
0.1435751,1
0.1435751,1
2.192432e-05,1
0.0002644397,1
8.773194e-06,1
0.9280825,1
2.192432e-05,1
0.9665483,1
8.773194e-06,1
0.7852414,1
0.9864847,1
2.192432e-05,1
8.773194e-06,1
8.773194e-06,1
2.192432e-05,1
0.9864847,1
7.737871e-09,1
0.9864847,1
8.773194e-06,1
0.1435751,1
2.192432e-05,1
7.737871e-09,1
2.192432e-05,1
0.9219226,1
0.001107038,1
8.773194e-06,1
0.9280825,1
0.9677166,1
0.1347345,1
0.001368678,1
0.001368678,1
7.737871e-09,1
7.737871e-09,1
0.001368678,1
0.0005921383,1
0.9966956,1
0.8622217,1
0.001368678,1
0.0005921383,1
0.008731576,1
0.0009393897,1
0.0006077593,1
7.737871e-09,1
0.9639452,1
0.9639452,1
0.0009393897,1
0.9639452,1
0.0009393897,1
0.0002644397,1
7.737871e-09,1
0.04316967,1
0.0009393897,1
0.1386838,1
0.0005921383,1
0.1386838,1
7.737871e-09,1
0.1386838,1
0.0005921383,1
7.737871e-09,1
0.0009393897,1
0.1982314,1
0.0009076292,1
0.005421625,1
0.1347345,1
0.9984825,1
0.9984825,1
0.1455675,1
0.1455675,1
8.773194e-06,1
0.9959507,1
3.17028e-07,1
3.17028e-07,1
0.1487398,1
2.745623e-11,1
0.006599493,1
6.691758e-07,1
0.08181531,1
0.4557905,1
0.001182359,1
6.691758e-07,1
0.06707606,1
0.0006077593,1
0.9782333,1
0.8534851,1
0.978007,1
0.3750396,1
7.660297e-05,1
6.691758e-07,1
0.001182359,1
0.8945448,1
0.01301054,1
6.691758e-07,1
0.006599493,1
8.773194e-06,1
0.001141525,1
0.1159855,1
8.773194e-06,1
0.9280825,1
0.01269115,1
3.17028e-07,1
3.17028e-07,1
0.1455675,1
0.1487398,1
2.745623e-11,1
0.1455675,1
0.7780249,1
0.0001169274,1
0.1455675,1
0.999734,1
3.17028e-07,1
3.17028e-07,1
0.1455675,1
0.1487398,1
2.745623e-11,1
0.1455675,1
3.160801e-15,1
3.160801e-15,1
0.03617783,1
0.4891516,1
1.093192e-11,1
0.03617783,1
5.027849e-11,1
5.027849e-11,1
0.03617783,1
0.9995155,1
5.662593e-13,1
0.03617783,1
3.160801e-15,1
3.160801e-15,1
0.03617783,1
0.4891516,1
1.093192e-11,1
0.03617783,1
3.160801e-15,1
3.160801e-15,1
0.03617783,1
0.4891516,1
1.093192e-11,1
0.03617783,1
3.160801e-15,1
0.003960233,1
3.160801e-15,1
0.03617783,1
0.4891516,1
1.093192e-11,1
0.03617783,1
1.108477e-12,1
1.108477e-12,1
0.9995155,1
5.662593e-13,1
2.745623e-11,1
2.745623e-11,1
0.1487398,1
3.169625e-09,1
1.134385e-06,1
0.9272931,1
0.9272931,1
0.9272931,1
0.0009391906,1
0.9272931,1
0.0009393897,1
2.796114e-06,1
0.0009393897,1
0.0009393897,1
0.9237122,1
0.0009393897,1
0.9984825,1
0.9984825,1
0.1455675,1
0.1455675,1
8.773194e-06,1
2.690528e-05,1
4.262979e-08,1
0.03439512,1
0.0001798425,1
0.5457747,1
2.073519e-09,1
2.581203e-05,1
0.01969915,1
0.03846,1
0.0003296998,1
0.0001043211,1
9.570517e-09,1
0.9976571,1
0.5464647,1
0.01969915,1
0.03846,1
0.2969877,1
0.0005760308,1
2.073519e-09,1
0.0001798425,1
2.581203e-05,1
0.0001798425,1
0.9961879,1
0.0005760308,1
0.0001130908,1
4.262979e-08,1
0.002346548,1
2.581203e-05,1
4.262979e-08,1
0.2569868,1
0.173761,1
0.002346548,1
0.0001798425,1
0.7780249,1
0.3210694,1
4.424476e-08,1
4.424476e-08,1
4.424476e-08,1
4.424476e-08,1
0.3729918,1
4.424476e-08,1
0.05945906,1
0.05945906,1
0.004257078,1
0.004257078,1
1.565648e-07,1
0.009822006,1
0.7780249,1
5.678252e-07,1
0.01867699,1
0.9076712,1
9.855942e-05,1
6.674575e-07,1
0.0004411507,1
0.9995303,1
0.9997881,1
6.958858e-06,1
0.02034522,1
0.4639592,1
0.9763475,1
0.0004411507,1
0.005158713,1
0.9995303,1
0.9989293,1
6.674575e-07,1
1.379656e-06,1
0.04349791,1
0.0007772123,1
0.0001606172,1
6.783436e-08,1
8.857794e-05,1
6.783436e-08,1
8.857794e-05,1
0.04349791,1
6.691758e-07,1
0.4557905,1
0.001182359,1
6.691758e-07,1
0.9832981,1
0.0006077593,1
0.9988971,1
0.9801539,1
7.660297e-05,1
0.001182359,1
0.001182359,1
0.001182359,1
0.001182359,1
0.08181531,1
6.691758e-07,1
0.006599493,1
7.737871e-09,1
0.006599493,1
8.773194e-06,1
0.1159855,1
0.001107038,1
8.773194e-06,1
0.9280825,1
0.01269115,1
0.1347345,1
0.4238647,1
0.001022653,1
0.0009867103,1
1.283781e-07,1
0.5457747,1
2.593071e-07,1
0.5457747,1
0.5457747,1
0.02557676,1
0.06870779,1
0.1398343,1
0.02557676,1
0.006133137,1
8.639031e-07,1
0.006133137,1
0.3737258,1
0.9899975,1
2.02938e-05,1
0.007661657,1
2.653115e-08,1
0.0005899345,1
0.002605266,1
0.7880228,1
0.006133137,1
0.0002914417,1
0.2969877,1
0.004777784,1
0.0005760308,1
0.02557676,1
0.03289906,1
0.0002215285,1
0.9961879,1
2.02938e-05,1
0.9933679,1
0.0004003078,1
0.5457747,1
2.593071e-07,1
0.0002215285,1
0.004013178,1
2.451349e-05,1
0.0002215285,1
0.0002215285,1
0.5456066,1
0.5456066,1
0.9999722,1
0.9999722,1
2.593071e-07,1
8.773194e-06,1
0.9553289,1
0.001381869,1
0.06309111,1
0.004094027,1
0.1455675,1
0.9553289,1
2.669067e-05,1
8.305157e-06,1
0.001381869,1
0.0002427008,1
0.401138,1
3.906119e-05,1
0.9946771,1
0.9473121,1
0.0002105674,1
0.9801539,1
0.9791771,1
0.001242592,1
0.9739455,1
2.669067e-05,1
0.06309111,1
8.305157e-06,1
0.001140444,1
0.7852414,1
0.001158149,1
8.773194e-06,1
0.0002023356,1
8.305157e-06,1
8.773194e-06,1
0.01209953,1
0.0009497002,1
0.9995286,1
0.9997664,1
0.0002023356,1
0.001140444,1
9.26078e-05,1
0.0001823031,1
0.9713551,1
2.205009e-05,1
0.9713551,1
0.9713551,1
2.205009e-05,1
0.0001065312,1
8.975711e-07,1
6.852762e-08,1
6.852762e-08,1
0.9713551,1
2.205009e-05,1
8.267483e-05,1
1.687676e-06,1
8.267483e-05,1
0.00258535,1
6.852762e-08,1
0.0222775,1
9.26078e-05,1
6.852762e-08,1
2.205009e-05,1
6.852762e-08,1
2.205009e-05,1
0.004257078,1
0.003503184,1
8.267483e-05,1
8.267483e-05,1
7.703908e-05,1
0.0007538046,1
0.004531584,1
0.0001065312,1
2.205009e-05,1
0.9713551,1
8.267483e-05,1
2.205009e-05,1
6.852762e-08,1
0.9809626,1
8.267483e-05,1
0.2099248,1
8.267483e-05,1
5.544115e-06,1
2.205009e-05,1
0.9713551,1
2.205009e-05,1
6.852762e-08,1
0.0222775,1
6.852762e-08,1
9.26078e-05,1
8.267483e-05,1
6.852762e-08,1
6.852762e-08,1
1.108477e-12,1
1.108477e-12,1
0.03617783,1
0.9995155,1
5.662593e-13,1
0.03617783,1
1.108477e-12,1
1.108477e-12,1
0.03617783,1
0.9995155,1
5.662593e-13,1
0.03617783,1
3.17028e-07,1
3.17028e-07,1
0.1487398,1
2.745623e-11,1
2.745623e-11,1
2.745623e-11,1
0.1487398,1
3.169625e-09,1
3.17028e-07,1
3.17028e-07,1
0.1487398,1
2.745623e-11,1
2.745623e-11,1
2.745623e-11,1
0.1487398,1
3.169625e-09,1
0.01816051,1
5.678252e-07,1
0.988879,1
6.783436e-08,1
0.988879,1
0.9975309,1
0.6550556,1
6.674575e-07,1
0.9828672,1
2.780152e-06,1
0.988879,1
6.674575e-07,1
0.0007194818,1
0.000131804,1
1.92316e-06,1
0.0005451628,1
7.3309e-05,1
0.002046891,1
2.780152e-06,1
0.3546566,1
0.9991888,1
0.9927504,1
0.154799,1
0.07494681,1
0.9995852,1
0.0002714156,1
0.0005760308,1
6.674575e-07,1
0.6550556,1
0.001150106,1
0.9449373,1
0.9947444,1
4.14341e-07,1
0.0005760308,1
8.316385e-10,1
0.0004187843,1
0.009794275,1
0.2371869,1
6.783436e-08,1
0.9449373,1
1.92316e-06,1
0.01257719,1
0.9449373,1
0.9449373,1
3.17028e-07,1
3.17028e-07,1
0.1487398,1
2.745623e-11,1
2.745623e-11,1
2.745623e-11,1
0.1487398,1
3.169625e-09,1
2.745623e-11,1
2.745623e-11,1
0.1487398,1
3.169625e-09,1
3.17028e-07,1
3.17028e-07,1
0.1487398,1
2.745623e-11,1
0.001368678,1
0.001368678,1
7.737871e-09,1
7.737871e-09,1
0.001368678,1
0.8622217,1
0.001368678,1
0.0009393897,1
0.0006077593,1
7.737871e-09,1
0.967939,1
0.967939,1
0.967939,1
0.0009393897,1
0.0002644397,1
7.737871e-09,1
0.04316967,1
0.0009393897,1
0.1386838,1
7.737871e-09,1
0.9565443,1
7.737871e-09,1
0.0009393897,1
3.281614e-05,1
1.595248e-05,1
0.9984825,1
0.9984825,1
0.1455675,1
0.1455675,1
8.773194e-06,1
2.355101e-07,1
2.355101e-07,1
2.587936e-12,1
2.587936e-12,1
2.355101e-07,1
0.9970191,1
2.355101e-07,1
2.355101e-07,1
2.355101e-07,1
2.587936e-12,1
2.355101e-07,1
2.355101e-07,1
2.587936e-12,1
2.587936e-12,1
0.003906723,1
2.355101e-07,1
0.02434822,1
2.587936e-12,1
2.587936e-12,1
2.355101e-07,1
0.0003073502,1
0.0003073502,1
0.007696234,1
0.007696234,1
2.099386e-09,1
2.355101e-07,1
2.355101e-07,1
8.35161e-10,1
8.35161e-10,1
2.355101e-07,1
8.35161e-10,1
0.6995896,1
0.9970191,1
2.355101e-07,1
8.35161e-10,1
2.355101e-07,1
2.355101e-07,1
2.355101e-07,1
8.35161e-10,1
8.35161e-10,1
8.35161e-10,1
8.35161e-10,1
2.355101e-07,1
2.355101e-07,1
2.355101e-07,1
0.9970191,1
2.355101e-07,1
0.02434822,1
8.35161e-10,1
0.02434822,1
2.355101e-07,1
0.02434822,1
8.35161e-10,1
2.355101e-07,1
2.355101e-07,1
0.009567819,1
0.9970191,1
0.4119097,1
0.01472689,1
0.9970191,1
0.001100595,1
0.001100595,1
0.001285181,1
0.3397635,1
8.423593e-08,1
2.205009e-05,1
2.205009e-05,1
2.205009e-05,1
2.205009e-05,1
2.205009e-05,1
6.581812e-05,1
0.9966272,1
2.205009e-05,1
2.205009e-05,1
2.205009e-05,1
2.205009e-05,1
2.205009e-05,1
2.205009e-05,1
2.205009e-05,1
2.205009e-05,1
2.205009e-05,1
2.205009e-05,1
2.205009e-05,1
0.9966272,1
2.205009e-05,1
0.9713551,1
0.3729918,1
2.205009e-05,1
0.9713551,1
2.205009e-05,1
2.205009e-05,1
0.02337036,1
0.9966272,1
0.9966272,1
0.06849909,1
0.06849909,1
0.001233034,1
0.001233034,1
6.775056e-07,1
0.9954513,1
0.03617783,1
0.1487398,1
0.001368678,1
0.001368678,1
7.737871e-09,1
7.737871e-09,1
0.001368678,1
0.9272931,1
0.9966956,1
0.8622217,1
0.001368678,1
0.9272931,1
2.796114e-06,1
0.0009393897,1
0.0006077593,1
7.737871e-09,1
0.9639452,1
0.9639452,1
0.9639452,1
0.0009393897,1
0.0002644397,1
7.737871e-09,1
0.04316967,1
0.0009393897,1
0.1386838,1
0.9272931,1
0.9237122,1
7.737871e-09,1
0.1386838,1
0.9272931,1
7.737871e-09,1
0.0009393897,1
0.001153285,1
0.0009076292,1
0.1347345,1
0.9984825,1
0.9984825,1
0.8868607,1
0.8868607,1
8.773194e-06,1
0.9601639,1
1.808333e-05,1
4.724884e-05,1
2.674891e-07,1
1.808333e-05,1
0.02358202,1
0.0002399599,1
0.7522691,1
0.08200133,1
2.64904e-07,1
0.9620336,1
1.808333e-05,1
2.674891e-07,1
0.001023972,1
0.03801389,1
1.808333e-05,1
0.9601639,1
1.07289e-08,1
0.001741009,1
0.02741688,1
1.07289e-08,1
0.9873038,1
0.8876606,1
0.001625605,1
6.560102e-06,1
0.7468743,1
6.560102e-06,1
3.497916e-05,1
6.560102e-06,1
0.9917367,1
0.9998218,1
0.8059365,1
0.7847546,1
0.9955123,1
0.9488513,1
0.9917367,1
0.0001163881,1
6.560102e-06,1
3.497916e-05,1
0.0001169274,1
0.9955052,1
6.560102e-06,1
5.511963e-11,1
0.7468743,1
5.511963e-11,1
0.9809626,1
0.9968686,1
0.7468743,1
1.028772e-08,1
1.028772e-08,1
1.028772e-08,1
2.83958e-06,1
1.028772e-08,1
2.83958e-06,1
1.028772e-08,1
2.83958e-06,1
2.83958e-06,1
2.197716e-05,1
2.83958e-06,1
2.83958e-06,1
2.83958e-06,1
3.30547e-06,1
3.30547e-06,1
0.9998274,1
0.9998274,1
3.30547e-06,1
0.2098646,1
0.0003724459,1
0.0008018028,1
0.0003724459,1
0.0006463575,1
1.342498e-12,1
0.3469626,1
0.000367582,1
0.0005141153,1
0.0005141153,1
0.0005141153,1
3.920183e-08,1
8.773194e-06,0
7.997345e-06,0
8.658458e-06,0
5.511963e-11,0
1.883053e-12,0
6.628435e-06,0
2.303449e-08,0
0.1707167,0
8.773194e-06,0
6.918889e-08,0
2.759872e-07,0
2.364574e-06,0
0.002717395,0
9.829501e-09,0
2.83958e-06,0
8.773194e-06,0
2.593792e-08,0
1.07289e-08,0
5.015075e-05,0
1.663669e-08,0
0.9999877,0
2.926026e-05,0
0.009006115,0
0.01287099,0
0.007385487,0
0.8660877,0
1.206181e-06,0
0.9782291,0
0.004889473,0
0.001479533,0
4.192247e-08,0
1.147973e-07,0
4.961664e-05,0
0.4059284,0
0.0002532534,0
1.123313e-09,0
0.0002059133,0
7.122453e-13,0
6.852762e-08,0
1.190481e-05,0
6.783436e-08,0
0.9318566,0
0.00131537,0
9.01231e-06,0
0.03814559,0
1.230283e-09,0
0.003960233,0
4.583606e-05,0
0.01301054,0
0.9983457,0
2.004711e-05,0
5.511963e-11,0
8.773194e-06,0
7.229808e-11,0
2.319375e-06,0
7.010674e-06,0
0.0004212194,0
4.921359e-10,0
6.783436e-08,0
8.773194e-06,0
0.003412169,0
1.044893e-08,0
8.975711e-07,0
5.757291e-08,0
8.773194e-06,0
0.6671617,0
5.592912e-08,0
2.508231e-05,0
6.560102e-06,0
5.024488e-07,0
2.174453e-08,0
1.456729e-08,0
0.9929941,0
0.01310433,0
0.1455675,0
2.83958e-06,0
1.876272e-06,0
6.560102e-06,0
2.174453e-08,0
0.004257078,0
0.0001330849,0
3.730817e-08,0
0.5178295,0
1.091817e-06,0
0.9782291,0
9.794424e-10,0
2.040949e-08,0
2.593071e-07,0
6.628435e-06,0
6.918889e-08,0
8.773194e-06,0
2.400076e-10,0
9.252888e-07,0
7.142779e-06,0
0.0006077593,0
0.9929941,0
2.85123e-06,0
9.841585e-06,0
1.876272e-06,0
1.610481e-06,0
3.904858e-06,0
0.1455675,0
0.9916915,0
1.777166e-07,0
0.0008296319,0
3.385852e-09,0
0.1455675,0
5.511963e-11,0
1.473482e-08,0
6.783436e-08,0
1.033877e-05,0
4.192247e-08,0
0.002717395,0
8.773194e-06,0
4.261111e-06,0
0.6017846,0
0.9318566,0
0.8580573,0
5.015075e-05,0
7.384329e-06,0
0.999751,0
2.174453e-08,0
0.001368678,0
0.7780249,0
0.02760408,0
2.83958e-06,0
5.015075e-05,0
5.024488e-07,0
9.433699e-06,0
2.593071e-07,0
6.783436e-08,0
6.783436e-08,0
1.839622e-05,0
0.1562846,0
0.7340198,0
5.511963e-11,0
1.370042e-09,0
0.0002532534,0
2.08274e-08,0
5.511963e-11,0
0.3397635,0
3.858257e-08,0
3.425733e-08,0
5.024488e-07,0
0.9994924,0
3.730817e-08,0
8.773194e-06,0
0.9940493,0
8.773194e-06,0
1.453002e-06,0
0.0006463575,0
0.9997402,0
9.102928e-05,0
3.19556e-15,0
2.166981e-10,0
4.42508e-05,0
2.506389e-07,0
3.407304e-05,0
0.1455675,0
0.0002105674,0
0.0002501343,0
8.467275e-09,0
0.00258535,0
2.432218e-06,0
2.663042e-08,0
2.136639e-06,0
6.852762e-08,0
3.229288e-12,0
3.107882e-08,0
0.0003214016,0
2.402248e-07,0
0.00251953,0
1.123313e-09,0
8.773194e-06,0
2.638733e-06,0
3.291135e-05,0
5.665643e-07,0
0.0002644397,0
2.593792e-08,0
0.3397635,0
6.399351e-09,0
2.16988e-05,0
7.532112e-06,0
2.652466e-09,0
3.425733e-08,0
1.654266e-07,0
1.456729e-08,0
0.0001030096,0
6.783436e-08,0
0.004257078,0
0.001677754,0
0.982822,0
3.904858e-06,0
2.103904e-07,0
0.9999977,0
0.8868607,0
2.855611e-07,0
2.283391e-09,0
6.560102e-06,0
6.691758e-07,0
6.674575e-07,0
3.19556e-15,0
5.707845e-09,0
0.04870409,0
9.216301e-05,0
0.1455675,0
6.424422e-09,0
2.040949e-08,0
2.09008e-06,0
0.995218,0
0.9988154,0
2.303449e-08,0
0.01102861,0
2.251259e-06,0
7.600154e-06,0
6.674575e-07,0
1.046329e-07,0
9.794424e-10,0
0.9700586,0
0.001677754,0
0.002142705,0
1.147973e-07,0
0.04316967,0
5.483731e-07,0
3.660199e-07,0
0.0002436369,0
5.765044e-05,0
1.453002e-06,0
6.153371e-07,0
4.262979e-08,0
8.773194e-06,0
8.773194e-06,0
1.759015e-08,0
2.174453e-08,0
0.0006077593,0
2.533435e-07,0
5.707845e-09,0
0.9345573,0
7.098188e-10,0
0.8800278,0
0.5664514,0
1.730312e-06,0
1.61596e-07,0
3.244197e-06,0
8.773194e-06,0
0.9804366,0
2.569201e-09,0
7.142779e-06,0
0.1455675,0
0.0005584001,0
0.002854635,0
5.25897e-11,0
1.304144e-07,0
2.563221e-08,0
3.904858e-06,0
0.004531584,0
8.848246e-06,0
0.01197646,0
5.936515e-11,0
2.593071e-07,0
0.004531584,0
0.1562846,0
0.1455675,0
1.936002e-08,0
0.9991523,0
2.115798e-10,0
0.001681124,0
5.25897e-11,0
1.284117e-09,0
0.9996418,0
6.628435e-06,0
0.00040708,0
0.8580573,0
2.83958e-06,0
1.140162e-11,0
7.565697e-11,0
0.9988154,0
9.794424e-10,0
2.109782e-14,0
8.467275e-09,0
3.627566e-06,0
5.630095e-08,0
0.9983457,0
0.6671617,0
0.1455675,0
1.041034e-07,0
0.9062834,0
3.497916e-05,0
8.531223e-06,0
1.47754e-06,0
0.006599493,0
0.344923,0
5.511963e-11,0
3.573414e-07,0
1.067845e-05,0
2.086795e-09,0
8.773194e-06,0
1.07289e-08,0
1.688924e-07,0
5.150957e-06,0
3.425733e-08,0
3.369804e-09,0
2.303449e-08,0
7.229808e-11,0
1.47754e-06,0
0.1487398,0
0.9983457,0
0.00258535,0
0.002599016,0
3.090596e-09,0
0.1487398,0
5.665643e-07,0
0.0001572465,0
3.369804e-09,0
5.269731e-12,0
5.511963e-11,0
9.794424e-10,0
0.001625605,0
2.759872e-07,0
2.103904e-07,0
0.004346777,0
0.1562846,0
0.0001828733,0
0.6671617,0
0.1562846,0
0.9989874,0
0.8622217,0
2.593071e-07,0
2.569201e-09,0
0.9850591,0
8.975711e-07,0
8.467275e-09,0
9.252888e-07,0
6.090765e-05,0
9.252888e-07,0
7.019289e-11,0
4.775903e-08,0
2.563221e-08,0
6.886422e-08,0
0.002340256,0
5.578881e-08,0
0.001681124,0
1.16238e-13,0
1.288542e-07,0
3.520228e-07,0
2.174453e-08,0
1.091817e-06,0
7.057169e-08,0
0.8723312,0
9.252888e-07,0
0.3466224,0
5.742452e-07,0
0.0003110977,0
1.090177e-06,0
5.757291e-08,0
1.798977e-06,0
0.01077057,0
7.229808e-11,0
0.00126425,0
2.501664e-06,0
6.8312e-09,0
9.356826e-09,0
3.259345e-07,0
0.1455675,0
1.759015e-08,0
3.367979e-09,0
8.495368e-07,0
2.303449e-08,0
2.174453e-08,0
6.783436e-08,0
1.075807e-13,0
8.773194e-06,0
8.975711e-07,0
7.056197e-09,0
5.511963e-11,0
0.00258535,0
2.63878e-10,0
0.5457747,0
5.665643e-07,0
0.0006278235,0
0.0005328018,0
0.001368678,0
5.511963e-11,0
0.0001248792,0
5.511963e-11,0
7.056197e-09,0
9.252888e-07,0
8.773194e-06,0
9.252888e-07,0
1.182466e-08,0
3.005473e-06,0
0.0005584001,0
4.192247e-08,0
0.9084873,0
2.440043e-06,0
5.665643e-07,0
7.056197e-09,0
5.511963e-11,0
3.425733e-08,0
0.001150106,0
6.783436e-08,0
0.0002220756,0
0.001514592,0
0.0003519407,0
0.2781717,0
0.9996009,0
7.097513e-05,0
0.04620974,0
1.883053e-12,0
9.188107e-06,0
1.323317e-05,0
6.327743e-12,0
7.834141e-06,0
1.4399e-09,0
2.506389e-07,0
0.002177581,0
4.583606e-05,0
1.969138e-07,0
7.737871e-09,0
0.9782291,0
3.904858e-06,0
1.271342e-10,0
9.456994e-06,0
1.304144e-07,0
0.0008604623,0
0.2094752,0
1.839622e-05,0
4.261111e-06,0
1.663669e-08,0
0.004346777,0
9.794424e-10,0
3.425733e-08,0
0.999902,0
8.975711e-07,0
0.9318566,0
0.006378612,0
6.691758e-07,0
0.6671617,0
0.9990182,0
2.997361e-08,0
6.560102e-06,0
5.665643e-07,0
0.3397635,0
9.252888e-07,0
2.6443e-11,0
2.508231e-05,0
3.947678e-06,0
0.9882964,0
2.364574e-06,0
0.00258535,0
8.773194e-06,0
1.590061e-05,0
0.9989874,0
9.252888e-07,0
0.1455675,0
0.001381869,0
7.834141e-06,0
1.182466e-08,0
0.0001030096,0
0.9076712,0
9.252888e-07,0
0.0005902633,0
0.3397635,0
7.056197e-09,0
0.9346976,0
1.065031e-07,0
5.665643e-07,0
0.001677754,0
8.989785e-11,0
7.658169e-10,0
2.6443e-11,0
0.0006278235,0
4.262979e-08,0
0.02010424,0
0.999691,0
3.369804e-09,0
0.9084873,0
0.9972953,0
0.9976777,0
2.685799e-05,0
2.71893e-05,0
8.773194e-06,0
6.691758e-07,0
8.975711e-07,0
0.000322994,0
0.00258535,0
0.9929941,0
0.9944214,0
2.103904e-07,0
2.115798e-10,0
4.125906e-08,0
6.153371e-07,0
5.87245e-07,0
2.296775e-09,0
3.20543e-07,0
0.004257078,0
4.775903e-08,0
5.024488e-07,0
0.1435751,0
0.7464687,0
8.773194e-06,0
0.03617783,0
9.855942e-05,0
1.552474e-08,0
0.07125134,0
2.408823e-05,0
7.905326e-07,0
0.0005584001,0
2.174453e-08,0
5.024488e-07,0
0.04870409,0
6.783436e-08,0
0.0001616968,0
2.197061e-08,0
8.773194e-06,0
0.004257078,0
0.09330857,0
0.90753,0
0.1455675,0
0.0001263515,0
0.005132765,0
4.862124e-09,0
6.852762e-08,0
9.794424e-10,0
4.223556e-12,0
5.936515e-11,0
0.181579,0
3.372789e-08,0
2.109782e-14,0
1.10268e-08,0
1.47754e-06,0
4.261111e-06,0
5.511963e-11,0
0.0001052608,0
0.9809626,0
5.707845e-09,0
2.174453e-08,0
0.9917341,0
2.103904e-07,0
3.730817e-08,0
1,0
4.480074e-11,0
0.0005271405,0
0.0008296319,0
1.301281e-06,0
2.71893e-05,0
0.9917367,0
3.19556e-15,0
1.47754e-06,0
1.325651e-08,0
5.547237e-09,0
5.877e-05,0
3.259345e-07,0
6.852762e-08,0
0.5069534,0
5.630095e-08,0
0.03617783,0
5.844086e-08,0
5.511963e-11,0
2.652466e-09,0
8.657707e-06,0
3.546944e-07,0
0.3466224,0
5.511963e-11,0
0.03617783,0
5.630095e-08,0
3.369804e-09,0
6.783436e-08,0
0.7464687,0
2.109782e-14,0
0.05203748,0
0.1562846,0
0.0002105674,0
0.9713551,0
5.105104e-06,0
0.1455675,0
0.9849368,0
0.001479533,0
0.1562846,0
3.81033e-06,0
8.773194e-06,0
0.0006412373,0
0.5456066,0
1.073322e-06,0
4.94902e-07,0
2.593071e-07,0
4.725658e-07,0
9.252888e-07,0
1.417954e-06,0
9.26078e-05,0
0.0006719678,0
1.041034e-07,0
3.81033e-06,0
0.9076712,0
3.904858e-06,0
3.02979e-05,0
2.206742e-07,0
1.911353e-09,0
6.617237e-06,0
6.090765e-05,0
4.755841e-08,0
0.1562846,0
8.773194e-06,0
4.262979e-08,0
0.007696234,0
0.1386838,0
1.281652e-07,0
1.642077e-06,0
1.233107e-06,0
1.049195e-08,0
0.9989874,0
0.8723312,0
0.0001372218,0
2.855611e-07,0
1.693074e-06,0
0.002597765,0
0.0002532534,0
0.1386838,0
6.424422e-09,0
2.303449e-08,0
0.9076712,0
1.777584e-10,0
5.630095e-08,0
5.024488e-07,0
0.006406215,0
8.773194e-06,0
0.07308774,0
2.83958e-06,0
2.797192e-05,0
3.453617e-05,0
0.1562846,0
0.0005584001,0
2.638025e-10,0
5.671445e-06,0
6.907365e-08,0
8.849199e-05,0
0.01310433,0
0.0005584001,0
3.429364e-10,0
1.693074e-06,0
1.288642e-06,0
7.056197e-09,0
1.126605e-05,0
0.0006463575,0
8.975711e-07,0
0.0002152493,0
2.71893e-05,0
5.69191e-05,0
2.797192e-05,0
2.040949e-08,0
0.9908716,0
7.737871e-09,0
7.010674e-06,0
1.3548e-06,0
0.009099373,0
2.506389e-07,0
0.999751,0
5.805147e-07,0
0.1562846,0
6.783436e-08,0
0.0001788152,0
2.040949e-08,0
2.127512e-08,0
9.252888e-07,0
3.343218e-07,0
7.229808e-11,0
5.511963e-11,0
3.895375e-09,0
0.9966272,0
0.0001487312,0
9.26078e-05,0
3.904858e-06,0
4.223556e-12,0
3.904858e-06,0
7.010674e-06,0
3.372789e-08,0
6.674575e-07,0
0.04880912,0
7.997345e-06,0
3.291135e-05,0
0.9904632,0
6.783436e-08,0
0.8580573,0
2.593071e-07,0
7.162506e-09,0
9.252888e-07,0
1.190481e-05,0
7.908788e-05,0
0.001773035,0
0.4326223,0
0.9318566,0
7.997345e-06,0
0.0002060394,0
5.665643e-07,0
8.773194e-06,0
1.899578e-05,0
1.041034e-07,0
2.780152e-06,0
1.468922e-08,0
0.1455675,0
0.01310433,0
8.773194e-06,0
5.871134e-08,0
1.075807e-13,0
7.20779e-15,0
8.975711e-07,0
2.205009e-05,0
5.37141e-13,0
2.855611e-07,0
1.182466e-08,0
0.001335831,0
0.003555248,0
0.0004012366,0
2.402248e-07,0
0.1562846,0
8.445916e-05,0
0.1455675,0
6.691758e-07,0
8.773194e-06,0
0.00862974,0
8.129781e-10,0
4.192247e-08,0
9.252888e-07,0
0.0002301062,0
0.3466224,0
6.783436e-08,0
2.926026e-05,0
7.258611e-09,0
1.503636e-08,0
3.107882e-08,0
2.759872e-07,0
0.003767631,0
0.001368678,0
6.492611e-11,0
6.918889e-08,0
5.31902e-05,0
1.067845e-05,0
4.755841e-08,0
9.252888e-07,0
2.759872e-07,0
2.712802e-07,0
0.9463442,0
5.702673e-10,0
1.065083e-09,0
1.252812e-07,0
0.8266132,0
2.315467e-06,0
0.9524492,0
0.0002570623,0
0.9424298,0
7.631923e-06,0
3.947678e-06,0
1.520281e-05,0
1.876272e-06,0
7.384329e-06,0
0.0001700401,0
0.9968686,0
2.296775e-09,0
0.9972953,0
1.075807e-13,0
4.335524e-05,0
1.090177e-06,0
8.773194e-06,0
2.336774e-09,0
5.511963e-11,0
3.425733e-08,0
9.977634e-08,0
1.236843e-08,0
8.773194e-06,0
6.783436e-08,0
9.949727e-10,0
0.9801539,0
5.024488e-07,0
6.424422e-09,0
8.592848e-06,0
2.174453e-08,0
0.999751,0
3.425733e-08,0
3.188854e-06,0
0.9782291,0
1.123313e-09,0
0.0002501343,0
0.001020095,0
3.960439e-05,0
9.285815e-06,0
8.730144e-07,0
1.041624e-08,0
0.9999722,0
1.093574e-05,0
1.94393e-10,0
3.19556e-15,0
2.012299e-07,0
3.904858e-06,0
1.123313e-09,0
7.013127e-09,0
6.127999e-11,0
8.773194e-06,0
0.1562846,0
1.205808e-06,0
5.757291e-08,0
0.8131803,0
8.657549e-06,0
8.773194e-06,0
0.1455675,0
1.041034e-07,0
7.989852e-05,0
0.5664514,0
0.1455675,0
0.9346976,0
0.6503289,0
0.9882964,0
1.940563e-05,0
0.1455675,0
0.0005884408,0
5.665643e-07,0
3.259345e-07,0
9.656959e-12,0
2.83958e-06,0
1.759015e-08,0
0.01310433,0
3.090596e-09,0
0.00393047,0
9.949727e-10,0
0.9345573,0
4.583606e-05,0
0.1455675,0
5.936515e-11,0
1.046329e-07,0
8.267483e-05,0
0.1810721,0
2.788936e-10,0
6.783436e-08,0
1.730312e-06,0
1.953108e-08,0
2.997361e-08,0
1.440083e-07,0
1.407532e-05,0
0.9076712,0
3.093013e-09,0
1.16238e-13,0
6.674575e-07,0
1.193289e-06,0
2.076515e-09,0
0.002406924,0
0.9948314,0
0.0001466322,0
0.0008296319,0
2.174453e-08,0
0.004889473,0
0.8580573,0
1.627624e-08,0
0.9318566,0
2.506389e-07,0
1.417954e-06,0
3.904858e-06,0
9.656959e-12,0
3.258473e-06,0
0.1455675,0
1.759015e-08,0
6.918889e-08,0
1.252812e-07,0
4.508891e-09,0
6.783436e-08,0
0.9424298,0
1.25879e-10,0
0.08181531,0
1.271342e-10,0
2.712802e-07,0
3.090596e-09,0
3.425733e-08,0
0.005049583,0
5.024488e-07,0
1.046329e-07,0
2.855611e-07,0
0.001661816,0
5.87245e-07,0
1.366508e-05,0
1.3221e-10,0
2.174453e-08,0
1.28623e-10,0
9.456994e-06,0
2.109782e-14,0
5.511963e-11,0
3.947678e-06,0
0.0001481277,0
1.16238e-13,0
0.0004599706,0
0.0004411507,0
0.9929941,0
1.839622e-05,0
1.148224e-06,0
3.547629e-05,0
6.090765e-05,0
3.343218e-07,0
5.629339e-06,0
3.947678e-06,0
6.560102e-06,0
9.794424e-10,0
2.506389e-07,0
9.794424e-10,0
7.465338e-07,0
2.843772e-08,0
0.8660877,0
0.9243702,0
0.003412169,0
0.999691,0
8.849199e-05,0
0.1126703,0
0.001182359,0
1.444748e-08,0
2.563221e-08,0
0.0005884408,0
0.1562846,0
8.773194e-06,0
3.30349e-05,0
0.9801539,0
0.001118819,0
6.783436e-08,0
0.7392495,0
0.9999722,0
7.853097e-06,0
0.0003171149,0
2.077116e-05,0
1.193289e-06,0
7.592408e-08,0
6.674575e-07,0
9.252888e-07,0
1.041624e-08,0
0.9976777,0
3.904858e-06,0
0.4068486,0
0.0004411507,0
0.9318566,0
0.06623735,0
5.0725e-05,0
0.9915255,0
0.6671617,0
0.5840021,0
9.656959e-12,0
0.001681124,0
5.665643e-07,0
3.244197e-06,0
6.776595e-06,0
2.197061e-08,0
5.707845e-09,0
8.975711e-07,0
2.788936e-10,0
9.829501e-09,0
2.174453e-08,0
0.001983733,0
1.839622e-05,0
5.478953e-07,0
0.9904632,0
5.671445e-06,0
0.5936913,0
4.642236e-06,0
0.9993525,0
1.304144e-07,0
6.918889e-08,0
8.975711e-07,0
2.174453e-08,0
8.129781e-10,0
0.0001779155,0
6.275507e-07,0
7.837345e-07,0
0.00126425,0
4.261111e-06,0
3.520228e-07,0
5.511963e-11,0
2.75054e-05,0
8.589141e-07,0
1.044893e-08,0
2.788936e-10,0
3.547629e-05,0
1.440083e-07,0
0.9929941,0
0.9995303,0
9.252888e-07,0
1.759015e-08,0
9.252888e-07,0
0.0002389847,0
7.126898e-06,0
0.9968686,0
0.9999114,0
2.855611e-07,0
1.596778e-13,0
0.9998164,0
5.936515e-11,0
0.9978662,0
1.090177e-06,0
2.6443e-11,0
0.3920554,0
0.006599493,0
0.9994924,0
0.8427694,0
6.783436e-08,0
2.508231e-05,0
8.173359e-07,0
1.552474e-08,0
1.827648e-10,0
8.163165e-05,0
0.006123779,0
0.01310433,0
2.174453e-08,0
7.905326e-07,0
3.904858e-06,0
2.780152e-06,0
0.0005584001,0
6.586263e-09,0
1.636434e-07,0
5.785521e-06,0
9.252888e-07,0
1.802164e-06,0
0.03221966,0
8.467275e-09,0
8.773194e-06,0
9.794424e-10,0
0.0006463575,0
5.269731e-12,0
1.370042e-09,0
0.002194028,0
0.01132242,0
2.855611e-07,0
1.370042e-09,0
0.0003999039,0
2.205009e-05,0
8.773194e-06,0
0.001625605,0
8.821693e-11,0
2.871225e-06,0
3.107882e-08,0
3.904858e-06,0
0.6505393,0
2.115377e-07,0
4.583606e-05,0
0.9433401,0
1.148224e-06,0
1.552474e-08,0
0.001975384,0
6.424422e-09,0
0.9243702,0
0.00258535,0
5.757291e-08,0
5.511963e-11,0
0.9929941,0
9.949727e-10,0
7.532112e-06,0
7.997345e-06,0
6.882981e-06,0
1.182466e-08,0
3.385852e-09,0
0.0002501343,0
3.547629e-05,0
7.29615e-11,0
0.0001481277,0
8.773194e-06,0
7.658169e-10,0
2.997361e-08,0
8.975711e-07,0
0.1562846,0
1.818243e-06,0
5.024488e-07,0
0.01037228,0
7.128477e-05,0
3.904858e-06,0
0.5141949,0
0.06254586,0
0.5141949,0
2.402248e-07,0
0.9999722,0
1.08053e-05,0
1.325651e-08,0
0.9965017,0
6.560102e-06,0
0.01132242,0
4.643375e-09,0
0.003555248,0
2.319954e-06,0
0.9994568,0
1.969138e-07,0
5.665643e-07,0
7.737871e-09,0
5.315795e-05,0
0.9864847,0
0.1455675,0
5.665643e-07,0
0.0002570623,0
1.123313e-09,0
1.182466e-08,0
0.9983193,0
0.01122423,0
8.129781e-10,0
3.904858e-06,0
5.511963e-11,0
4.261111e-06,0
0.0002532534,0
0.9929941,0
3.425733e-08,0
5.548795e-07,0
6.907365e-08,0
9.837266e-07,0
1.075807e-13,0
2.63878e-10,0
0.00126425,0
9.252888e-07,0
6.783436e-08,0
0.8660877,0
1.446598e-08,0
6.674575e-07,0
3.607926e-05,0
1.332399e-05,0
3.369804e-09,0
0.9988604,0
1.065083e-09,0
4.261111e-06,0
1.876272e-06,0
0.1455675,0
1.044893e-08,0
2.478518e-05,0
0.8580573,0
3.107882e-08,0
0.001041225,0
2.402248e-07,0
1.433517e-05,0
2.377685e-06,0
0.999751,0
1.434648e-06,0
0.0003214114,0
0.999954,0
5.936515e-11,0
0.1562846,0
0.001820428,0
2.759872e-07,0
0.03617783,0
8.889282e-07,0
5.511963e-11,0
3.369804e-09,0
0.0008296319,0
2.506389e-07,0
0.0002534732,0
7.229808e-11,0
0.0005884408,0
3.904858e-06,0
0.4048697,0
0.9999722,0
0.003160544,0
9.949727e-10,0
0.9998333,0
1.16238e-13,0
2.593071e-07,0
5.483731e-07,0
0.01969915,0
0.1069951,0
1.338487e-05,0
9.794424e-10,0
0.6619082,0
0.1562846,0
0.1562846,0
0.0006422931,0
1.17582e-06,0
5.630095e-08,0
6.493989e-10,0
0.0005584001,0
9.433699e-06,0
0.9280825,0
4.508891e-09,0
3.291135e-05,0
0.0003116731,0
4.019061e-07,0
1.304144e-07,0
0.01310433,0
1.065083e-09,0
0.06623735,0
0.7979183,0
0.0002532534,0
3.008639e-07,0
8.773194e-06,0
9.949727e-10,0
3.425733e-08,0
0.001368678,0
0.9864847,0
7.433e-08,0
7.013127e-09,0
2.692209e-06,0
0.9887667,0
2.174453e-08,0
5.936515e-11,0
0.03617783,0
3.20543e-07,0
9.794424e-10,0
1.182466e-08,0
4.504209e-07,0
3.947678e-06,0
4.336793e-10,0
0.1455675,0
5.511963e-11,0
2.871225e-06,0
1.453002e-06,0
1.368293e-08,0
4.261111e-06,0
1.762608e-07,0
3.904858e-06,0
0.9929941,0
2.509323e-08,0
0.00012787,0
2.174453e-08,0
7.056197e-09,0
2.174453e-08,0
0.0006463575,0
7.010674e-06,0
2.206742e-07,0
0.0003110977,0
4.583606e-05,0
2.174453e-08,0
7.631923e-06,0
6.783436e-08,0
5.269731e-12,0
0.1487398,0
0.2926149,0
9.656959e-12,0
4.261111e-06,0
7.93473e-07,0
2.355101e-07,0
2.508231e-05,0
6.354242e-07,0
5.29837e-07,0
5.665643e-07,0
1.288542e-07,0
5.665643e-07,0
0.5069534,0
4.756067e-05,0
2.291316e-11,0
9.252888e-07,0
0.0001779155,0
5.024488e-07,0
8.773194e-06,0
0.0001700401,0
1.688924e-07,0
3.597764e-07,0
0.9950261,0
4.42508e-05,0
0.01831951,0
2.303449e-08,0
2.335916e-07,0
9.252888e-07,0
1.148224e-06,0
0.1562846,0
1.936002e-08,0
0.0003110977,0
5.936515e-11,0
0.0001828733,0
1.633387e-11,0
0.9804366,0
8.773194e-06,0
1.304144e-07,0
0.0006463575,0
4.583606e-05,0
0.0003579371,0
1.395085e-05,0
2.303449e-08,0
0.6797371,0
5.511963e-11,0
8.773194e-06,0
8.146938e-06,0
0.9713551,0
0.1562846,0
4.775903e-08,0
1.075807e-13,0
6.924156e-06,0
0.0001530551,0
7.905326e-07,0
7.433e-08,0
0.0003596772,0
0.004346777,0
0.004531584,0
1.192804e-09,0
0.9318566,0
3.904858e-06,0
7.384329e-06,0
8.773194e-06,0
2.303449e-08,0
4.261111e-06,0
7.384329e-06,0
8.975711e-07,0
3.19556e-15,0
0.9318566,0
0.999751,0
2.855611e-07,0
0.01310433,0
0.0009389275,0
1.148224e-06,0
0.01310433,0
8.773194e-06,0
3.730817e-08,0
1.16238e-13,0
0.004257078,0
3.19556e-15,0
7.010674e-06,0
3.19556e-15,0
8.773194e-06,0
0.0002692673,0
8.531223e-06,0
0.9999877,0
9.361494e-07,0
0.9999877,0
9.01231e-06,0
9.977634e-08,0
2.174453e-08,0
7.122453e-13,0
6.691758e-07,0
3.947678e-06,0
0.04316967,0
0.7934375,0
0.0005584001,0
3.124901e-11,0
2.794262e-09,0
0.32669,0
0.996018,0
6.158526e-10,0
3.785145e-07,0
8.848246e-06,0
8.773194e-06,0
0.993178,0
3.092885e-06,0
9.018031e-08,0
0.9908716,0
7.715252e-07,0
9.656959e-12,0
2.590119e-06,0
2.919591e-06,0
3.520228e-07,0
6.635264e-08,0
0.007572811,0
4.305447e-06,0
1.182466e-08,0
1.164829e-05,0
0.9908716,0
1.147973e-07,0
6.783436e-08,0
0.0007226188,0
3.547629e-05,0
1.476966e-05,0
0.9318566,0
5.665643e-07,0
4.775903e-08,0
0.9424298,0
5.87245e-07,0
0.01310433,0
1.376519e-06,0
6.359456e-08,0
2.788936e-10,0
9.252888e-07,0
1.154757e-09,0
1.759015e-08,0
8.569813e-09,0
5.511963e-11,0
0.1729902,0
7.459627e-05,0
2.7463e-05,0
0.01209953,0
5.665643e-07,0
0.9963208,0
3.453617e-05,0
5.665643e-07,0
4.262979e-08,0
5.936515e-11,0
8.589141e-07,0
3.107882e-08,0
0.001625605,0
0.9601639,0
3.420966e-08,0
0.006123779,0
8.531223e-06,0
2.508231e-05,0
5.511963e-11,0
0.02054153,0
0.9999877,0
2.130779e-05,0
0.9965017,0
0.01211645,0
3.858257e-08,0
5.671445e-06,0
8.773194e-06,0
2.816566e-05,0
0.1455675,0
6.528721e-06,0
0.001337177,0
1.565823e-08,0
0.1487398,0
0.3397635,0
5.880189e-07,0
2.478518e-05,0
5.511963e-11,0
1.649158e-12,0
6.783436e-08,0
0.9998164,0
0.0001261501,0
1.123313e-09,0
7.056197e-09,0
1.911353e-09,0
3.627566e-06,0
0.001797613,0
2.174453e-08,0
0.6671617,0
1.688604e-07,0
6.783436e-08,0
0.9989874,0
5.880189e-07,0
1.552474e-08,0
2.174453e-08,0
0.005532097,0
7.259635e-05,0
2.843772e-08,0
4.583606e-05,0
0.9999722,0
2.83958e-06,0
3.425733e-08,0
0.0003519407,0
2.205009e-05,0
0.0002301062,0
7.098188e-10,0
0.9978662,0
2.843772e-08,0
0.9904632,0
7.013127e-09,0
2.533435e-07,0
5.269731e-12,0
3.314188e-07,0
0.8660877,0
1.16238e-13,0
6.907365e-08,0
0.000136303,0
5.742452e-07,0
5.672293e-12,0
6.8312e-09,0
4.508891e-09,0
1.687676e-06,0
0.006378612,0
2.661983e-10,0
7.583044e-07,0
5.33585e-06,0
0.9318566,0
3.947678e-06,0
5.707845e-09,0
3.294153e-05,0
0.6671617,0
8.773194e-06,0
5.757291e-08,0
2.355101e-07,0
6.833079e-07,0
0.9997689,0
0.2227169,0
1.370042e-09,0
0.1455675,0
0.0001700401,0
0.002854514,0
1.148224e-06,0
8.445916e-05,0
4.642236e-06,0
0.003412169,0
7.010674e-06,0
9.252888e-07,0
0.00862974,0
1.417954e-06,0
0.1455675,0
2.903738e-10,0
9.794424e-10,0
3.107882e-08,0
0.00723414,0
8.975711e-07,0
0.1487398,0
1.368293e-08,0
9.794424e-10,0
7.010674e-06,0
1.16238e-13,0
3.904858e-06,0
5.665643e-07,0
5.665643e-07,0
3.093013e-09,0
6.628435e-06,0
0.01077057,0
0.9983193,0
5.511963e-11,0
5.665643e-07,0
9.252888e-07,0
0.9636391,0
6.674575e-07,0
9.656959e-12,0
0.9076712,0
3.472294e-08,0
2.788936e-10,0
0.9917367,0
0.0006463575,0
5.671445e-06,0
2.871225e-06,0
0.1562846,0
2.110954e-05,0
2.856414e-10,0
0.8580573,0
3.659257e-07,0
2.319954e-06,0
2.533435e-07,0
0.1455675,0
0.0001052608,0
2.83958e-06,0
0.03814559,0
0.9989874,0
0.002705364,0
2.855611e-07,0
7.777975e-05,0
4.862124e-09,0
0.01310433,0
0.01832825,0
1.205808e-06,0
2.205009e-05,0
0.7934375,0
0.1347345,0
0.09330857,0
5.511963e-11,0
1.041034e-07,0
0.006599493,0
7.737871e-09,0
5.511963e-11,0
0.8118704,0
2.103904e-07,0
2.83958e-06,0
2.205009e-05,0
3.904858e-06,0
1.19164e-06,0
6.424422e-09,0
1.08053e-05,0
0.1455675,0
8.706449e-12,0
8.773194e-06,0
3.425733e-08,0
8.773194e-06,0
1.480193e-05,0
5.024488e-07,0
1.148224e-06,0
4.261111e-06,0
0.0008296319,0
5.5472e-05,0
6.424422e-09,0
0.03617783,0
0.0001018145,0
6.902913e-06,0
1.936002e-08,0
1.627624e-08,0
7.229808e-11,0
0.9318566,0
3.904858e-06,0
6.776374e-08,0
2.663042e-08,0
0.002599016,0
1.216622e-09,0
2.926026e-05,0
8.773194e-06,0
0.7464687,0
5.376412e-06,0
5.665643e-07,0
0.181579,0
2.174453e-08,0
0.5457747,0
0.9904632,0
3.02979e-05,0
0.9994924,0
8.773194e-06,0
3.259345e-07,0
6.691758e-07,0
0.002406924,0
1.47754e-06,0
0.6503289,0
8.975711e-07,0
1.885672e-07,0
0.1729902,0
7.229808e-11,0
0.9713551,0
0.999751,0
0.0003519407,0
0.6671617,0
5.28388e-06,0
6.776595e-06,0
5.936515e-11,0
9.794424e-10,0
2.174453e-08,0
0.00251953,0
1.380222e-06,0
1.252043e-09,0
4.261111e-06,0
2.16988e-05,0
2.115798e-10,0
7.229808e-11,0
2.593071e-07,0
1.953108e-08,0
7.737871e-09,0
0.03617783,0
3.090596e-09,0
2.022477e-07,0
