Score,Label
1.077636e-05,1
0.9999983,1
0.07227217,1
1.382844e-05,1
0.0004009464,1
5.376843e-06,1
0.8985143,1
0.4059531,1
0.9999839,1
2.849935e-05,1
0.8985143,1
0.001123315,1
0.9792293,1
2.561789e-05,1
0.1835348,1
2.561789e-05,1
2.561789e-05,1
2.513314e-05,1
0.9970241,1
0.9977805,1
5.302252e-05,1
9.746827e-06,1
0.9999974,1
0.007288619,1
0.0004009464,1
0.000295621,1
0.005466985,1
0.1086688,1
0.005466985,1
0.7923308,1
0.0001075744,1
0.0004351898,1
0.05386241,1
0.8540673,1
0.0008970094,1
2.316105e-05,1
0.0005760894,1
0.000149167,1
0.896001,1
0.000149167,1
0.000149167,1
0.0008970094,1
2.879465e-06,1
0.0007278003,1
0.994314,1
0.000677029,1
0.9974226,1
0.8168382,1
5.729024e-06,1
0.0009772722,1
0.1919697,1
1.613658e-07,1
6.107953e-05,1
0.9999971,1
1.613658e-07,1
0.998044,1
5.57071e-05,1
0.9782218,1
0.0005777175,1
2.220996e-05,1
0.0005777175,1
0.0005777175,1
0.005026138,1
0.007977188,1
5.604819e-05,1
0.002409,1
1.599843e-08,1
0.973909,1
0.001166168,1
0.0009772722,1
2.876295e-06,1
0.0005087213,1
0.001713949,1
0.0006314424,1
0.0005783686,1
1.381077e-05,1
0.8540673,1
2.316105e-05,1
0.1369025,1
6.412295e-06,1
1.144334e-05,1
0.009038561,1
0.7564622,1
3.201269e-08,1
1.144334e-05,1
0.9992079,1
0.0001379779,1
0.9998862,1
0.000396975,1
0.896001,1
0.000396975,1
0.000396975,1
8.974232e-06,1
0.002126972,1
0.729234,1
2.879465e-06,1
0.0007278003,1
0.9976037,1
0.0006469209,1
0.1369025,1
0.00195788,1
0.000677029,1
0.935677,1
0.1183301,1
0.002101258,1
3.838828e-07,1
0.1369025,1
0.002101258,1
0.01524624,1
0.1369025,1
1.021551e-05,1
1.021551e-05,1
0.0002793984,1
0.9999961,1
0.01484296,1
0.000396975,1
0.896001,1
0.000396975,1
0.1369025,1
0.000396975,1
0.1369025,1
0.02368199,1
0.001095447,1
0.01909393,1
0.1369025,1
0.001945525,1
0.1369025,1
0.0006469209,1
3.838828e-07,1
0.001482434,1
0.000677029,1
0.001145278,1
0.9935225,1
0.007666201,1
0.9860463,1
0.9860463,1
0.2857843,1
0.2857843,1
0.9999999,1
2.871521e-06,1
0.9963101,1
0.8167552,1
0.9994761,1
0.8167552,1
0.9968568,1
0.04364709,1
0.8540673,1
0.9999998,1
0.7728004,1
2.316105e-05,1
0.003098929,1
0.0001180128,1
0.9996706,1
0.7093471,1
0.0003278924,1
0.9999998,1
0.03452464,1
0.999999,1
0.0456116,1
0.8456833,1
6.278638e-07,1
0.8167552,1
0.9999396,1
0.0007278003,1
0.0005334355,1
0.02993341,1
0.9860463,1
0.9860463,1
0.2857843,1
0.2857843,1
0.9999999,1
0.2857843,1
3.32268e-06,1
0.8787199,1
0.000361027,1
0.003485093,1
0.9857711,1
0.004143781,1
4.609024e-06,1
5.329958e-07,1
4.609024e-06,1
0.003485093,1
5.286365e-06,1
2.741433e-05,1
0.005454808,1
0.001974324,1
1.332797e-05,1
2.259881e-05,1
0.003769192,1
0.0002097773,1
4.375291e-07,1
5.329958e-07,1
0.0036644,1
0.001775365,1
0.03375534,1
4.375291e-07,1
4.375291e-07,1
0.01663924,1
0.7781395,1
0.04546345,1
0.8199283,1
0.9962944,1
0.8199283,1
0.8199283,1
0.5940821,1
0.8199283,1
3.32268e-06,1
0.862222,1
0.862222,1
0.862222,1
0.862222,1
0.862222,1
0.862222,1
0.862222,1
0.862222,1
0.862222,1
0.002765383,1
0.862222,1
0.862222,1
0.862222,1
0.862222,1
0.862222,1
0.862222,1
0.862222,1
0.862222,1
0.862222,1
0.862222,1
0.862222,1
0.862222,1
0.002765383,1
0.862222,1
0.862222,1
0.862222,1
0.862222,1
0.862222,1
7.370308e-06,1
0.004264752,1
6.5951e-05,1
0.9947489,1
0.9623774,1
0.01738106,1
0.7442998,1
0.0003533983,1
0.001651163,1
9.954703e-05,1
0.0005476098,1
0.000431577,1
0.01960702,1
0.06709795,1
0.000702565,1
0.06349698,1
0.0001562116,1
1.613593e-05,1
0.0001562116,1
0.0001562116,1
0.01960702,1
0.0002506452,1
5.392855e-06,1
3.056396e-05,1
0.6953819,1
0.0005757841,1
0.01960702,1
2.401923e-05,1
5.392855e-06,1
0.000512665,1
5.392855e-06,1
3.32268e-06,1
0.9993042,1
0.000125889,1
0.01684841,1
1.719631e-06,1
0.9146155,1
0.9974137,1
1.772109e-06,1
0.9974137,1
0.03272145,1
0.0008485726,1
6.06022e-05,1
0.000972147,1
0.000972147,1
0.001591643,1
0.000972147,1
0.002064161,1
0.9334958,1
0.06557889,1
0.001591643,1
9.544045e-06,1
0.0001381716,1
0.01684841,1
5.11608e-06,1
0.9974821,1
0.01684841,1
0.0140786,1
1.076033e-05,1
0.0004606342,1
0.0004606342,1
0.0003846203,1
0.472823,1
0.4399717,1
0.03929432,1
0.289539,1
3.061134e-06,1
0.1369025,1
4.128005e-05,1
0.01524624,1
1.144334e-05,1
0.02833203,1
1.144334e-05,1
0.7810396,1
0.4246736,1
0.001199868,1
1.697316e-05,1
0.9174306,1
1.697316e-05,1
1.697316e-05,1
0.01656441,1
0.007005013,1
0.01874935,1
0.0001572403,1
0.003301394,1
0.1369025,1
0.0001212177,1
0.0008232751,1
0.9965094,1
5.449295e-05,1
0.1183301,1
0.007666201,1
0.998889,1
0.7636692,1
0.6607817,1
0.4745108,1
0.6607817,1
0.1334815,1
0.1334815,1
0.0980776,1
5.624477e-06,1
6.540213e-06,1
0.7636692,1
0.001552065,1
0.7636692,1
0.6607817,1
0.7636692,1
0.6607817,1
3.364663e-06,1
0.08785327,1
0.9975832,1
0.0107234,1
0.6607817,1
0.9993923,1
0.6607817,1
0.481454,1
0.0007826329,1
1.705402e-05,1
0.0007826329,1
0.01854534,1
0.9980114,1
0.9980114,1
0.0002656745,1
0.03508497,1
0.1844367,1
0.1428692,1
0.1844367,1
0.9710237,1
6.548175e-05,1
0.07227217,1
0.9371527,1
9.085619e-05,1
0.002152744,1
1.382844e-05,1
0.0004808579,1
0.1851444,1
0.9192316,1
0.2269783,1
0.000120207,1
0.9371527,1
0.003835724,1
0.06452262,1
0.9970241,1
0.002408188,1
5.302252e-05,1
0.9999146,1
0.1844367,1
0.9999499,1
9.746827e-06,1
0.1369025,1
3.40495e-06,1
3.989856e-05,1
3.989856e-05,1
0.1369025,1
4.128005e-05,1
0.01524624,1
0.1369025,1
1.144334e-05,1
1.144334e-05,1
0.0001864607,1
0.002582939,1
0.0001864607,1
0.1369025,1
0.001095447,1
0.0001864607,1
3.989856e-05,1
0.1369025,1
0.6470656,1
0.0001735402,1
0.0001735402,1
0.01909393,1
0.1369025,1
0.1369025,1
0.008853555,1
0.1369025,1
0.9965094,1
0.1183301,1
0.007666201,1
0.9860463,1
0.9860463,1
0.04605266,1
0.9988411,1
0.9999998,1
0.7550519,1
2.012528e-05,1
0.9999306,1
0.9999306,1
0.7550519,1
1.617183e-05,1
0.0001997781,1
0.7550519,1
0.005386128,1
0.005386128,1
0.9997329,1
7.331229e-05,1
0.9997329,1
0.7550519,1
7.312441e-05,1
0.9997329,1
0.9999306,1
0.7550519,1
0.7550519,1
0.7550519,1
0.9999306,1
0.0008482298,1
8.456087e-05,1
0.000999484,1
9.01333e-05,1
9.01333e-05,1
0.2681144,1
0.2681144,1
0.9124522,1
0.1369025,1
3.40495e-06,1
0.1369025,1
0.1369025,1
0.1369025,1
4.128005e-05,1
0.01524624,1
0.1369025,1
1.144334e-05,1
1.144334e-05,1
0.9999998,1
0.0009559146,1
0.000396975,1
0.896001,1
0.000396975,1
0.1369025,1
0.01526625,1
0.000396975,1
0.1369025,1
0.1369025,1
8.974232e-06,1
0.001095447,1
0.001095447,1
0.000265868,1
0.1369025,1
0.03511386,1
0.1369025,1
0.0006469209,1
0.1369025,1
0.000677029,1
0.1183301,1
0.007666201,1
0.9860463,1
0.9860463,1
0.2857843,1
0.9988411,1
0.9999999,1
2.189026e-07,1
0.0002485517,1
0.0002485517,1
0.0001703036,1
0.9361935,1
0.0002485517,1
0.0002485517,1
0.0001703036,1
0.9361935,1
0.9936323,1
0.9936323,1
0.1916668,1
0.004333016,1
0.004333016,1
0.2857843,1
0.9760965,1
0.1820522,1
0.2857843,1
0.004333016,1
0.004333016,1
0.9760965,1
0.1820522,1
4.859114e-07,1
4.859114e-07,1
0.0003553463,1
0.0003553463,1
0.3445942,1
0.0003553463,1
2.5224e-05,1
0.0006798445,1
0.974499,1
0.0006798445,1
0.8918414,1
1.952743e-06,1
0.4695431,1
0.3170581,1
0.583545,1
0.0001854534,1
8.665436e-05,1
0.9568377,1
0.000456968,1
0.9800584,1
0.3170581,1
0.6564861,1
0.09167736,1
0.01293899,1
0.0006798445,1
6.655633e-07,1
0.9999522,1
0.001795216,1
4.859114e-07,1
4.859114e-07,1
0.0003553463,1
0.0003553463,1
0.3445942,1
0.0003553463,1
4.859114e-07,1
0.9999962,1
4.859114e-07,1
0.0003553463,1
0.0003553463,1
0.3445942,1
0.0003553463,1
2.871521e-06,1
0.6750739,1
0.9999948,1
0.6750739,1
0.9968568,1
0.04364709,1
0.8540673,1
0.9999998,1
2.316105e-05,1
0.4486772,1
0.0005760894,1
0.9996706,1
0.05197058,1
0.1392252,1
0.9999998,1
0.002126972,1
0.8456833,1
2.879465e-06,1
0.6750739,1
0.0007278003,1
0.9782436,1
0.417181,1
0.02993341,1
0.9860463,1
0.9860463,1
0.2857843,1
0.2857843,1
0.9999999,1
3.32268e-06,1
0.0004009464,1
0.9981208,1
0.0002456363,1
0.0002456363,1
0.0004009464,1
0.0001981906,1
0.005115855,1
0.0004009464,1
0.3993012,1
0.3993012,1
0.9999999,1
1.557074e-06,1
0.4332256,1
0.0002633621,1
0.007288619,1
0.9999999,1
0.0004009464,1
0.1617898,1
0.423054,1
0.2520946,1
0.0004009464,1
0.0004009464,1
3.875767e-06,1
0.0006426821,1
0.06075097,1
0.005709171,1
0.9999772,1
0.9999772,1
0.7719406,1
0.9999999,1
0.004289706,1
0.004289706,1
0.06834748,1
5.772218e-05,1
0.7644854,1
0.06834748,1
0.0003854069,1
0.0003854069,1
0.03272145,1
0.0001404316,1
6.06022e-05,1
0.0001419627,1
0.301028,1
0.0001493531,1
0.000522232,1
0.4572963,1
0.001402068,1
0.301028,1
0.0008175845,1
0.880976,1
0.02649911,1
0.06834748,1
0.002962443,1
0.06834748,1
0.880976,1
0.004289706,1
0.9952269,1
0.2503603,1
0.0008807812,1
0.0001452409,1
0.0004677684,1
2.675132e-05,1
2.675132e-05,1
0.2681144,1
0.0007787477,1
1.607664e-05,1
0.3884566,1
0.3884566,1
0.9993328,1
1.607664e-05,1
0.08753186,1
0.9993328,1
3.352839e-05,1
0.0004160459,1
7.740026e-05,1
0.998866,1
0.1925359,1
0.998866,1
0.9993328,1
0.5942505,1
0.998866,1
0.9993328,1
0.8091878,1
4.746688e-05,1
0.0002917548,1
0.9993328,1
0.9825886,1
0.9993328,1
0.8091878,1
0.3884566,1
0.00367133,1
0.003641949,1
0.6234071,1
5.734569e-05,1
3.41245e-06,1
3.41245e-06,1
0.4897981,1
0.4897981,1
0.1433098,1
7.370308e-06,1
7.370308e-06,1
7.370308e-06,1
0.01063546,1
5.561574e-06,1
2.191307e-07,1
0.0003214675,1
1.876071e-05,1
0.2292745,1
0.009592684,1
1.876071e-05,1
2.531295e-06,1
2.531295e-06,1
0.0001671316,1
5.57071e-05,1
0.9998933,1
0.0003214675,1
5.855288e-07,1
0.0003214675,1
1.876071e-05,1
0.0003214675,1
1.969906e-08,1
0.0001637485,1
0.9993415,1
1.876071e-05,1
0.3570769,1
1.876071e-05,1
0.000861141,1
0.0003214675,1
1.290165e-06,1
5.57071e-05,1
0.001713949,1
5.57071e-05,1
1.5172e-05,1
7.370308e-06,1
4.121397e-05,1
0.5893559,1
0.9928403,1
1.121796e-05,1
0.9928403,1
0.0003921625,1
5.942077e-05,1
0.8540673,1
0.0001847846,1
0.649565,1
0.8265914,1
2.316105e-05,1
0.003098929,1
0.0005760894,1
0.9924486,1
0.02533088,1
0.0001847846,1
0.0001618201,1
0.9419909,1
0.002126972,1
0.009450134,1
2.879465e-06,1
0.9996803,1
0.9928403,1
0.9984859,1
0.0007278003,1
0.001273471,1
0.001273471,1
0.04605266,1
0.2857843,1
0.9999999,1
7.379624e-07,1
0.001090751,1
0.04308746,1
5.779009e-05,1
0.04308746,1
0.4748264,1
6.548175e-05,1
0.0627771,1
5.470442e-07,1
0.2284735,1
4.853574e-06,1
4.151609e-08,1
0.1851444,1
0.03078635,1
1.043045e-05,1
0.0001234047,1
5.470442e-07,1
0.04254713,1
2.71154e-05,1
0.459597,1
0.0002824593,1
5.33952e-06,1
0.04308746,1
0.000212917,1
7.973518e-05,1
0.1189285,1
4.859114e-07,1
4.859114e-07,1
0.0003553463,1
0.0003553463,1
0.3445942,1
0.0003553463,1
2.739817e-05,1
3.48651e-05,1
0.9999998,1
0.002335846,1
0.07227217,1
0.2791628,1
1.382844e-05,1
0.4059531,1
1.031376e-05,1
0.03071648,1
5.417827e-05,1
0.01127008,1
2.561789e-05,1
0.1835348,1
2.561789e-05,1
2.561789e-05,1
0.2791628,1
1.925308e-05,1
0.9970241,1
0.0002824593,1
5.302252e-05,1
9.746827e-06,1
0.999984,1
0.03080322,1
0.005466985,1
0.1189285,1
0.005466985,1
0.0008222895,1
0.7195404,1
4.643005e-05,1
0.7195404,1
0.1809532,1
1.82606e-05,1
0.9999865,1
0.1326265,1
6.107679e-05,1
8.446028e-10,1
9.449126e-05,1
0.9131771,1
0.7803165,1
0.9999793,1
0.3442664,1
0.1326265,1
0.03500763,1
3.88046e-05,1
5.624477e-06,1
0.0007777662,1
0.7195404,1
6.00251e-06,1
0.973723,1
0.02993341,1
0.004333016,1
0.004333016,1
0.9760965,1
0.1820522,1
0.004333016,1
0.004333016,1
0.9760965,1
0.1820522,1
0.5048997,1
0.5048997,1
0.01508751,1
0.004333016,1
0.004333016,1
0.9760965,1
0.1820522,1
0.2597377,1
0.9377562,1
0.2597377,1
0.2597377,1
0.2597377,1
0.3933254,1
0.0006089839,1
0.2597377,1
1.529445e-06,1
1.529445e-06,1
5.609427e-05,1
0.0002834704,1
0.7406451,1
0.0002834704,1
0.2597377,1
0.01000057,1
0.0002834704,1
0.2597377,1
0.2597377,1
9.74425e-07,1
0.02931479,1
0.02931479,1
0.9920683,1
0.2597377,1
0.2597377,1
0.02931479,1
0.2597377,1
0.07214348,1
0.07214348,1
0.002941251,1
0.4102439,1
0.4102439,1
0.0007598853,1
0.9699596,1
0.0003648035,1
0.8951841,1
1.837213e-06,1
0.2669509,1
0.2669509,1
0.8951841,1
1.837213e-06,1
0.009951,1
0.8951841,1
0.0001046385,1
0.0001046385,1
0.8951841,1
1.837213e-06,1
0.8951841,1
1.398694e-05,1
1.098252e-07,1
8.941735e-05,1
0.8951841,1
0.8951841,1
0.2669509,1
0.0004660626,1
0.9715135,1
0.9715135,1
0.0007529405,1
0.0007529405,1
0.9712334,1
0.6567121,1
0.2597377,1
0.2597377,1
0.2146496,1
0.04241092,1
0.0007720327,1
0.2146496,1
3.087728e-07,1
3.087728e-07,1
0.003100524,1
0.0001379779,1
0.0002834704,1
0.7406451,1
0.0002834704,1
0.2146496,1
0.0002834704,1
0.2146496,1
0.000214161,1
0.01000057,1
0.0007447348,1
0.001021215,1
0.2146496,1
3.211209e-05,1
0.2146496,1
0.01000057,1
0.2597377,1
0.4018045,1
0.07214348,1
0.07214348,1
0.000970324,1
0.2069257,1
0.2069257,1
0.0007598853,1
0.0007598853,1
0.000163805,1
0.862222,1
0.862222,1
0.862222,1
0.862222,1
0.862222,1
0.862222,1
0.862222,1
0.862222,1
0.862222,1
0.862222,1
0.862222,1
0.862222,1
0.862222,1
0.862222,1
0.002765383,1
0.002765383,1
0.862222,1
0.862222,1
0.862222,1
0.002765383,1
0.862222,1
0.002765383,1
0.5772791,1
0.0007529405,1
4.986686e-05,1
0.5772791,1
0.9348636,1
0.9998252,1
0.9997994,1
4.986686e-05,1
0.9348636,1
0.6199706,1
1,1
0.6199706,1
0.003783696,0
0.8199283,0
0.04878677,0
0.0002285714,0
0.002821239,0
0.0001700836,0
2.674483e-07,0
9.192489e-06,0
1.7168e-12,0
0.9999983,0
3.069979e-13,0
0.0003773702,0
1.761772e-08,0
8.718506e-10,0
1.203187e-06,0
0.001461392,0
6.490583e-07,0
5.245449e-10,0
2.268669e-05,0
0.0002834704,0
4.596979e-09,0
3.698131e-05,0
5.989907e-05,0
2.108777e-07,0
8.442897e-06,0
0.3649596,0
0.4897981,0
0.9999996,0
2.41675e-06,0
4.375291e-07,0
2.48491e-06,0
0.0009772722,0
6.014917e-08,0
0.0001584188,0
0.006942736,0
2.969853e-05,0
0.0007598853,0
6.86646e-08,0
0.0007795363,0
0.862222,0
0.9999328,0
0.006281086,0
0.001651163,0
3.695093e-10,0
3.870154e-07,0
0.0151787,0
0.2744191,0
7.994607e-07,0
0.2697707,0
9.065229e-06,0
1.482682e-14,0
4.206097e-06,0
0.01000057,0
0.04605266,0
0.003633933,0
1.179759e-06,0
0.0003994659,0
0.0004009464,0
0.0004012314,0
0.0002834704,0
0.0004009464,0
7.777612e-05,0
2.256331e-06,0
0.004010114,0
0.0002576932,0
1.118818e-05,0
0.0001744801,0
0.00393712,0
0.0005813174,0
9.544045e-06,0
0.9523472,0
0.0009772722,0
0.001651163,0
8.872968e-09,0
0.862222,0
3.695093e-10,0
0.04605266,0
0.9968191,0
0.0004058612,0
0.0002808738,0
0.9923208,0
0.0001744801,0
0.006281086,0
0.472823,0
3.069979e-13,0
0.9988531,0
0.1369025,0
0.1369025,0
0.9987888,0
0.0002255752,0
0.000368259,0
9.337552e-06,0
0.9580926,0
0.009193174,0
0.0002050577,0
1.275631e-05,0
0.9978848,0
0.002771045,0
0.000368259,0
1.134812e-07,0
0.7889947,0
0.9999685,0
0.04605266,0
0.0009772722,0
0.00212596,0
0.0009772722,0
0.01111485,0
0.00010746,0
0.03355196,0
1.134812e-07,0
0.01702606,0
8.896933e-06,0
0.99835,0
0.862222,0
3.069979e-13,0
2.091853e-12,0
0.9416537,0
0.0005813174,0
0.005250143,0
4.986686e-05,0
3.069979e-13,0
0.0007598853,0
0.1562458,0
0.002590934,0
8.553022e-05,0
2.344835e-06,0
0.003098929,0
0.1306434,0
8.487412e-06,0
0.002197728,0
0.04605266,0
1.087801e-11,0
1.1644e-09,0
0.1369025,0
0.1287464,0
0.0005151017,0
3.318256e-09,0
0.0003485318,0
3.298526e-11,0
0.01049326,0
0.2538681,0
0.9512834,0
8.041243e-06,0
0.007666201,0
0.003783696,0
0.00373594,0
0.9999285,0
0.9765995,0
0.9860463,0
0.2857843,0
6.546128e-06,0
0.004010114,0
0.9999876,0
0.9867371,0
0.005250143,0
5.311784e-06,0
6.263519e-07,0
0.9937841,0
0.0007598853,0
0.0001262725,0
3.62804e-06,0
0.862222,0
0.0004832699,0
0.1070711,0
0.9923208,0
1.321371e-05,0
0.002136001,0
7.929027e-06,0
0.005250143,0
6.06022e-05,0
0.2857843,0
0.006281086,0
0.0006469209,0
1.179081e-06,0
0.001759666,0
0.001759666,0
7.079529e-10,0
0.7725385,0
0.01109183,0
4.375291e-07,0
0.0001911142,0
2.681764e-08,0
4.986686e-05,0
0.001848516,0
0.3649596,0
0.0009772722,0
0.1111379,0
5.989907e-05,0
1.786638e-08,0
2.189128e-17,0
0.08743702,0
0.0009772722,0
1.910516e-07,0
0.0001303358,0
0.000368259,0
0.9999989,0
1.7168e-12,0
0.00010298,0
8.792091e-06,0
0.02993341,0
0.9998301,0
0.0002583821,0
0.0006089839,0
1.179759e-06,0
0.04605266,0
0.9795625,0
1.017442e-06,0
6.309193e-09,0
0.1334763,0
0.2857843,0
0.06645983,0
0.9825115,0
0.0003773702,0
0.0002583821,0
2.25941e-11,0
0.04878677,0
6.15204e-05,0
6.06022e-05,0
0.02507346,0
0.0003553463,0
0.0009772722,0
0.9990898,0
4.993471e-08,0
6.465445e-05,0
0.0001700836,0
2.25941e-11,0
3.217704e-06,0
3.069979e-13,0
8.453145e-06,0
0.005850743,0
9.160757e-05,0
0.2857843,0
0.862222,0
6.45693e-07,0
0.001166168,0
6.716342e-06,0
0.0004009464,0
0.4031556,0
0.08048523,0
0.0009772722,0
0.7712058,0
2.790543e-10,0
0.04605266,0
5.237264e-06,0
0.2857843,0
0.005250143,0
0.0004009464,0
3.069979e-13,0
0.1002785,0
0.8638906,0
6.490365e-05,0
0.9247489,0
0.2681144,0
0.1112163,0
2.876295e-06,0
0.0007795363,0
0.0007598853,0
0.0004009464,0
1.761772e-08,0
1.087801e-11,0
0.02993341,0
3.889438e-05,0
0.03539921,0
0.2386691,0
0.9247489,0
1.256425e-06,0
0.9996973,0
3.895637e-08,0
0.006067432,0
0.862222,0
0.0007598853,0
0.002016375,0
7.296398e-05,0
0.2857843,0
0.0003214675,0
0.006281086,0
3.318256e-09,0
0.004564023,0
0.04605266,0
0.00393712,0
0.9445213,0
0.04605266,0
3.458742e-05,0
0.000507177,0
4.868997e-05,0
0.2857843,0
0.0001744801,0
0.04605266,0
0.003128657,0
0.973909,0
1.179759e-06,0
5.258637e-07,0
1.7832e-05,0
0.6445986,0
2.325776e-06,0
0.001345517,0
0.0001911142,0
0.005250143,0
3.298526e-11,0
0.8383766,0
0.0001321082,0
0.9999989,0
3.872945e-08,0
5.834917e-09,0
0.0005087213,0
1.087801e-11,0
0.2857843,0
4.379031e-07,0
0.0002145375,0
0.0002808738,0
7.296398e-05,0
0.862222,0
0.0002141875,0
0.1369025,0
0.000368259,0
0.9593337,0
0.008999638,0
3.321242e-05,0
0.0004668245,0
0.000368259,0
0.0001680735,0
3.069979e-13,0
0.0003091015,0
0.9999989,0
5.487175e-06,0
0.0004815166,0
0.0001730313,0
8.445249e-06,0
1.827708e-06,0
0.9998034,0
2.176179e-08,0
7.431042e-05,0
1.3998e-10,0
0.2857843,0
0.7556529,0
0.862222,0
0.9540611,0
3.907792e-05,0
0.001009973,0
0.0003485318,0
2.16949e-07,0
1.124534e-05,0
0.2857843,0
0.004675727,0
3.321242e-05,0
6.741632e-08,0
5.131414e-05,0
0.1369025,0
0.0007598853,0
3.626473e-06,0
0.9724928,0
1.761476e-08,0
0.1320844,0
0.2857843,0
0.9999827,0
2.262173e-05,0
0.0002079802,0
0.8199283,0
0.03355196,0
4.952436e-16,0
4.595404e-06,0
0.9999036,0
0.9174102,0
3.926794e-06,0
0.007364759,0
0.6778497,0
0.000368259,0
0.003485093,0
0.2653848,0
0.004541712,0
0.009939726,0
0.0001744801,0
5.611552e-05,0
0.02756727,0
0.9888732,0
8.881421e-08,0
4.497029e-06,0
0.0001303358,0
0.003963441,0
0.0006185008,0
0.9979714,0
0.04605266,0
0.0009772722,0
0.03355196,0
0.0003282524,0
9.337552e-06,0
0.0009772722,0
0.005317166,0
9.160757e-05,0
0.9097686,0
0.9877034,0
0.001461392,0
0.2857843,0
0.6732867,0
0.0004335528,0
0.0001306575,0
0.8199283,0
7.994607e-07,0
3.897334e-05,0
0.6778497,0
0.862222,0
0.0003553463,0
0.0002003437,0
2.41675e-06,0
0.9987969,0
4.068839e-09,0
0.9987969,0
2.860314e-05,0
3.069979e-13,0
0.9996927,0
0.862222,0
1.179759e-06,0
0.0009772722,0
0.055873,0
2.876295e-06,0
5.225855e-10,0
8.596795e-07,0
4.989098e-09,0
5.266427e-05,0
0.0002821782,0
1.001844e-16,0
0.006635462,0
0.9540611,0
0.9985828,0
0.7889947,0
0.1369025,0
0.9445213,0
0.1316994,0
1.144334e-05,0
3.069979e-13,0
0.0007953201,0
4.596979e-09,0
0.000368259,0
0.007173234,0
0.004561773,0
0.0005327109,0
2.252924e-08,0
0.0001436038,0
0.02637013,0
1.761476e-08,0
2.878154e-09,0
2.878154e-09,0
0.0001981906,0
0.8004969,0
0.0009772722,0
0.2857843,0
3.962083e-08,0
0.002129826,0
0.06545297,0
0.2706774,0
4.978689e-09,0
1.742598e-05,0
1.786638e-08,0
0.0402198,0
0.1369025,0
1.881838e-13,0
5.291944e-06,0
3.069979e-13,0
3.895637e-08,0
0.0001744801,0
0.0001744801,0
1.906339e-05,0
4.609692e-05,0
0.2240608,0
0.0009772722,0
1.258126e-06,0
0.4599747,0
0.002634284,0
0.0002808738,0
0.4860258,0
7.777612e-05,0
0.2857843,0
0.0002239194,0
0.9747867,0
0.0007598853,0
0.0002834704,0
0.1030731,0
0.7790041,0
0.2857843,0
0.04878677,0
0.0001744801,0
1.390336e-05,0
1,0
0.06075097,0
6.15204e-05,0
1.006891e-05,0
1.761476e-08,0
3.069979e-13,0
3.321242e-05,0
0.862222,0
0.001095447,0
3.725004e-14,0
0.9755654,0
1.211652e-05,0
0.000368259,0
0.0001303358,0
0.8786657,0
4.986686e-05,0
0.001805197,0
0.0009772722,0
0.0001174029,0
8.792091e-06,0
2.072532e-05,0
4.206097e-06,0
0.002202314,0
5.639371e-06,0
0.9888732,0
0.009193174,0
7.348468e-05,0
0.0007598853,0
0.862222,0
0.0004009464,0
0.04605266,0
0.02288964,0
2.344835e-06,0
6.649385e-06,0
6.45693e-07,0
0.06834748,0
1.124534e-05,0
2.786283e-06,0
1.836158e-12,0
0.000828724,0
0.000265868,0
8.977605e-06,0
1,0
0.862222,0
0.9999921,0
1,0
2.878154e-09,0
0.8199283,0
0.004439709,0
0.000368259,0
1.072915e-11,0
0.9888732,0
0.01000057,0
0.0001068463,0
3.069979e-13,0
0.009349038,0
4.993471e-08,0
4.151609e-08,0
2.241523e-08,0
0.0007956136,0
0.03674616,0
0.9758327,0
0.0002473392,0
0.003485093,0
3.069979e-13,0
0.005250143,0
1.786638e-08,0
3.897334e-05,0
1.211652e-05,0
2.878154e-09,0
3.069979e-13,0
0.1316994,0
0.2538681,0
0.001095447,0
0.124857,0
0.008409017,0
4.986686e-05,0
3.318256e-09,0
3.069979e-13,0
0.862222,0
1.16821e-05,0
0.0007660829,0
0.006281086,0
0.0003522505,0
0.2877071,0
0.5143389,0
1.786638e-08,0
4.596979e-09,0
0.0001174029,0
0.05399548,0
0.0001321082,0
3.659976e-06,0
0.0001744801,0
2.573975e-08,0
0.0001184266,0
0.9999092,0
0.005250143,0
3.318256e-09,0
0.3810235,0
0.0007598853,0
3.895637e-08,0
4.107746e-05,0
1.655483e-08,0
3.841323e-09,0
0.000194703,0
1.786638e-08,0
4.986686e-05,0
1.820558e-09,0
0.0001321082,0
0.9998109,0
0.001095447,0
1.211652e-05,0
0.0004808579,0
0.0004054516,0
0.005317166,0
0.02854284,0
0.04605266,0
1.881838e-13,0
4.986686e-05,0
1.169346e-08,0
0.9888732,0
0.000368259,0
0.2857843,0
0.9999036,0
8.718506e-10,0
0.2238292,0
4.713641e-06,0
1.881838e-13,0
0.1369025,0
2.987733e-05,0
0.0002239194,0
1.786638e-08,0
0.000234468,0
1.179759e-06,0
0.2857843,0
0.0001744801,0
0.0003553463,0
0.0002993796,0
4.590455e-06,0
2.443931e-05,0
1.881838e-13,0
0.0004009464,0
0.0009067791,0
5.207116e-07,0
0.8540673,0
6.26239e-07,0
0.862222,0
3.069979e-13,0
3.069979e-13,0
0.9999248,0
0.9999635,0
0.000747068,0
0.9174102,0
2.226015e-07,0
1.827708e-06,0
0.9999989,0
0.0001237469,0
2.471361e-09,0
0.7725385,0
0.5803333,0
2.878755e-05,0
3.298526e-11,0
4.068839e-09,0
0.0004771608,0
0.9993318,0
1.526506e-05,0
0.9991794,0
2.25941e-11,0
0.9153926,0
4.375291e-07,0
0.0109393,0
0.000368259,0
3.978144e-07,0
1.239012e-06,0
0.000396975,0
0.0007598853,0
0.9999285,0
5.176301e-05,0
8.367145e-07,0
3.962083e-08,0
1.61863e-05,0
0.8199283,0
0.9999635,0
0.0109393,0
0.06426299,0
4.088516e-07,0
3.298526e-11,0
0.9998111,0
8.208126e-06,0
0.9888732,0
3.237879e-06,0
0.7953102,0
0.01524624,0
0.008409017,0
1.613658e-07,0
0.7359817,0
4.952436e-16,0
0.005250143,0
0.000507177,0
0.04001222,0
0.02989004,0
0.9988291,0
0.004561773,0
0.9999092,0
0.002169595,0
0.0002993796,0
4.952436e-16,0
6.29118e-06,0
0.7689583,0
0.3361839,0
4.951162e-06,0
0.0003773702,0
3.069979e-13,0
3.366633e-05,0
1.820558e-09,0
0.9936197,0
0.862222,0
0.00373594,0
0.000117591,0
0.001493476,0
2.879465e-06,0
4.993471e-08,0
0.9174102,0
0.9174102,0
3.318256e-09,0
0.9989225,0
0.06595038,0
6.716342e-06,0
0.0007598853,0
0.0004789613,0
0.05967705,0
0.0002643706,0
0.004010114,0
2.561789e-05,0
0.005128004,0
0.00373594,0
6.316002e-05,0
0.06197608,0
0.862222,0
0.9445213,0
2.966445e-05,0
3.895637e-08,0
0.9969104,0
0.0002370483,0
0.0005350817,0
0.002169595,0
0.9976037,0
1.758385e-06,0
0.005250143,0
0.0006469209,0
1.761772e-08,0
0.9979254,0
3.069979e-13,0
0.9889825,0
0.999995,0
1.82606e-05,0
3.698131e-05,0
0.0004832699,0
0.005250143,0
9.449126e-05,0
0.9963342,0
3.695093e-10,0
0.9999635,0
1.761476e-08,0
1.332183e-06,0
0.862222,0
0.7712058,0
0.001611388,0
0.0004009464,0
0.01684841,0
1.868144e-06,0
0.2857843,0
4.84714e-06,0
0.4005327,0
0.004279901,0
0.125466,0
0.000507177,0
0.9982767,0
0.0005490724,0
0.0009772722,0
0.4668612,0
0.004351851,0
2.189128e-17,0
2.954729e-05,0
0.0007598853,0
0.0009772722,0
2.51253e-05,0
3.198721e-05,0
0.06468631,0
0.9998626,0
0.0007312894,0
1.144334e-05,0
0.00261695,0
4.068839e-09,0
1.001844e-16,0
0.862222,0
2.325776e-06,0
0.0002643706,0
0.9940176,0
6.491385e-05,0
1.827708e-06,0
0.9418729,0
6.014917e-08,0
0.00010298,0
3.487791e-06,0
0.0009165485,0
1.412686e-06,0
0.01892183,0
0.0009772722,0
0.00539101,0
4.200755e-08,0
4.206097e-06,0
0.9936197,0
0.9760965,0
0.9999887,0
0.001052578,0
3.069979e-13,0
0.001095447,0
4.986686e-05,0
0.0003961509,0
0.2597377,0
0.9999685,0
1.758751e-06,0
0.862222,0
0.4518919,0
1.407561e-07,0
0.0063826,0
0.5798426,0
0.00373594,0
5.176301e-05,0
0.2857843,0
3.298526e-11,0
0.9174102,0
6.06022e-05,0
0.992056,0
0.9249977,0
3.069979e-13,0
2.108777e-07,0
0.001848516,0
0.0004009464,0
0.0007909434,0
0.003214508,0
1.357421e-05,0
6.874386e-09,0
0.0002834704,0
2.270785e-07,0
4.986686e-05,0
0.06197608,0
6.490583e-07,0
0.5840988,0
3.895637e-08,0
0.3933254,0
0.9999551,0
0.9982426,0
0.0009772722,0
4.108336e-07,0
0.7359817,0
0.04534837,0
1.216105e-06,0
0.2597377,0
6.138573e-05,0
8.553022e-05,0
0.04726878,0
1.406417e-07,0
0.0006027418,0
0.9174102,0
4.978689e-09,0
3.321242e-05,0
0.0005923528,0
0.00393712,0
0.8257329,0
6.295124e-06,0
3.872945e-08,0
4.84714e-06,0
0.999911,0
3.379121e-18,0
0.000368259,0
2.561789e-05,0
0.1586486,0
6.976697e-11,0
0.9999689,0
0.9795625,0
0.0007598853,0
8.806234e-05,0
0.9998542,0
0.9999036,0
8.718506e-10,0
0.9999962,0
2.987733e-05,0
0.9888732,0
0.1030086,0
1.001844e-16,0
0.04605266,0
8.792091e-06,0
3.872945e-08,0
1.761772e-08,0
0.9960622,0
9.274732e-10,0
0.0007598853,0
0.9572042,0
0.1334763,0
0.01362514,0
0.04605266,0
0.0007598853,0
0.0005813174,0
0.009171927,0
5.245449e-10,0
2.25941e-11,0
2.72345e-05,0
0.4897981,0
0.7993016,0
1,0
4.089057e-06,0
0.5940821,0
1.179759e-06,0
0.01049326,0
0.2706774,0
0.862222,0
1.081973e-12,0
0.9999248,0
0.862222,0
0.0002145375,0
9.137882e-08,0
6.15204e-05,0
0.2857843,0
0.000161398,0
0.000747068,0
0.0165737,0
6.45693e-07,0
0.003214508,0
0.04605266,0
0.005466985,0
0.4216402,0
0.1070711,0
0.996303,0
4.128005e-05,0
7.994607e-07,0
0.0001531077,0
0.0002808738,0
9.449126e-05,0
1.761476e-08,0
0.005250143,0
0.5853119,0
1,0
0.9998542,0
0.06491441,0
3.069979e-13,0
8.792091e-06,0
1.081973e-12,0
5.678172e-06,0
0.6587673,0
2.268669e-05,0
0.0002583821,0
2.879465e-06,0
0.9994615,0
0.9999989,0
0.001505315,0
0.000117231,0
2.222891e-08,0
0.03868632,0
0.9999685,0
5.769686e-06,0
1.655483e-08,0
0.003485093,0
0.0009772722,0
0.0006517054,0
3.895637e-08,0
9.568744e-05,0
1.786638e-08,0
0.04605266,0
0.9999375,0
0.02288964,0
0.1316994,0
0.9760965,0
0.0001826567,0
0.0009772722,0
5.678172e-06,0
0.0004832699,0
0.0001744801,0
4.750473e-12,0
1.82606e-05,0
1.256425e-06,0
0.001591643,0
1,0
0.7025065,0
0.9982426,0
