Prey,Predator,PreyMass,PredatorMass
Pelecanus,Ornitnonyssus bursa,3500,3.77e-09
Amblyseius,Cheyletia wellsi,0.0004,4.83e-07
Argas radiatus,Cheyletia wellsi,0.002585816,4.83e-07
Entonyssus,Cheyletia wellsi,0.021508161,4.83e-07
Galumna,Cheyletia wellsi,0.0017,4.83e-07
Lasioseius sp.,Cheyletia wellsi,3.59e-06,4.83e-07
Membracidae,Cheyletia wellsi,0.0085,4.83e-07
Oliarus,Cheyletia wellsi,0.0065,4.83e-07
Ornitnonyssus bursa,Cheyletia wellsi,3.77e-09,4.83e-07
Pellonyssus,Cheyletia wellsi,2.71e-06,4.83e-07
Proctolaelaps,Cheyletia wellsi,3.59e-06,4.83e-07
Scheloribates,Cheyletia wellsi,0.000282,4.83e-07
Sphaerolophus,Cheyletia wellsi,6.37e-05,4.83e-07
Tyrophagus putrescentiae,Cheyletia wellsi,1.17e-06,4.83e-07
Veigaia,Cheyletia wellsi,0.000795,4.83e-07
Anurida maritima,Arctoseius,0.00065,5.3e-07
Pelecanus,Pellonyssus,3500,2.71e-06
Fungi,Lasioseius sp.,4.46244769,3.59e-06
Bema ydda,Melichares,0.205558315,3.59e-06
Ecdytolopha,Melichares,0.148376753,3.59e-06
Nemapogon,Melichares,0.025336077,3.59e-06
Oxydia,Melichares,0.262111693,3.59e-06
Entonyssus,Bdella,0.021508161,8.52e-06
Eupodes,Bdella,6.37e-05,8.52e-06
Galumna,Bdella,0.0017,8.52e-06
Melichares,Bdella,3.59e-06,8.52e-06
Ornitnonyssus bursa,Bdella,3.77e-09,8.52e-06
Scheloribates,Bdella,0.000282,8.52e-06
Sphaerolophus,Bdella,6.37e-05,8.52e-06
Tydeidae,Bdella,0.0002,8.52e-06
Rhizophora mangle,Eupodes,0.057932236,6.37e-05
Acanalonia latifrons,Sphaerolophus,0.011,6.37e-05
Carthasis decoratus,Sphaerolophus,0.009,6.37e-05
Membracidae,Sphaerolophus,0.0085,6.37e-05
Neurotmeta breviceps,Sphaerolophus,0.008,6.37e-05
Oliarus,Sphaerolophus,0.0065,6.37e-05
Orius,Sphaerolophus,0.0035,6.37e-05
Psallus conspurcatus,Sphaerolophus,0.006,6.37e-05
Scaphytopius,Sphaerolophus,0.0075,6.37e-05
Trochopus plumbeus,Sphaerolophus,0.008,6.37e-05
Amblyseius,Tydeidae,0.0004,0.0002
Arctoseius,Tydeidae,5.3e-07,0.0002
Asca,Tydeidae,5.3e-07,0.0002
Bdella,Tydeidae,8.52e-06,0.0002
Carpoglyphus lactis,Tydeidae,1.09e-06,0.0002
Entonyssus,Tydeidae,0.021508161,0.0002
Galumna,Tydeidae,0.0017,0.0002
Pellonyssus,Tydeidae,2.71e-06,0.0002
Proctolaelaps,Tydeidae,3.59e-06,0.0002
Sphaerolophus,Tydeidae,6.37e-05,0.0002
Tyrophagus putrescentiae,Tydeidae,1.17e-06,0.0002
Veigaia,Tydeidae,0.000795,0.0002
Detritus,Scheloribates,-999,0.000282
Aedes taeniorhynchus,Ooencyrtus submetallicus,0.0035,0.000398141
Aglaopteryx,Ooencyrtus submetallicus,0.054003595,0.000398141
Alarodia slossoniae,Ooencyrtus submetallicus,0.055875412,0.000398141
Aleurothrixus,Ooencyrtus submetallicus,0.0025,0.000398141
Anisomeristes,Ooencyrtus submetallicus,3.62e-05,0.000398141
Ataxia,Ooencyrtus submetallicus,0.023,0.000398141
Bema ydda,Ooencyrtus submetallicus,0.205558315,0.000398141
Bembidion contractum,Ooencyrtus submetallicus,0.0051,0.000398141
Chrysomelidae,Ooencyrtus submetallicus,0.0105,0.000398141
Cryptorama minutum,Ooencyrtus submetallicus,0.005,0.000398141
Lynchia albipennis,Ooencyrtus submetallicus,0.0055,0.000398141
Orgygia detrita,Ooencyrtus submetallicus,0.313497562,0.000398141
Orius,Ooencyrtus submetallicus,0.0035,0.000398141
Orocharis gryllodes,Ooencyrtus submetallicus,0.083718572,0.000398141
Oxydia,Ooencyrtus submetallicus,0.262111693,0.000398141
Pentacora sphacelata,Ooencyrtus submetallicus,0.032069663,0.000398141
Poecilipa rhizophorae,Ooencyrtus submetallicus,0.000875,0.000398141
Pyraustidae,Ooencyrtus submetallicus,0.027,0.000398141
Scydmaenidae,Ooencyrtus submetallicus,0.003,0.000398141
Staphylinidae,Ooencyrtus submetallicus,0.0476,0.000398141
Styloleptus biustus,Ooencyrtus submetallicus,0.0065,0.000398141
Syrphidae,Ooencyrtus submetallicus,0.015,0.000398141
Tachys occulator,Ooencyrtus submetallicus,0.0035,0.000398141
Tetraluerodes,Ooencyrtus submetallicus,0.0025,0.000398141
Asca,Amblyseius,5.3e-07,0.0004
Entonyssus,Amblyseius,0.021508161,0.0004
Melichares,Amblyseius,3.59e-06,0.0004
Pellonyssus,Amblyseius,2.71e-06,0.0004
Pseudothrips inequalis,Amblyseius,0.001874225,0.0004
Rhizoglyphus callae,Amblyseius,5.5e-06,0.0004
Sphaerolophus,Amblyseius,6.37e-05,0.0004
Tetranychus,Amblyseius,0.000415,0.0004
Tydeidae,Amblyseius,0.0002,0.0004
Rhizophora mangle,Monomorium floricola,0.057932236,0.000455048
Algae,Anurida maritima,8.21e-07,0.00065
Fungi,Anurida maritima,4.46244769,0.00065
Actenodes auronotata,Entedontini,0.0115,0.000722205
Actinopteryx fucicola,Entedontini,0.000866,0.000722205
Alarodia slossoniae,Entedontini,0.055875412,0.000722205
Ascia monuste,Entedontini,6.828348317,0.000722205
Ataxia,Entedontini,0.023,0.000722205
Chrysomelidae,Entedontini,0.0105,0.000722205
Holoparamecus,Entedontini,2,0.000722205
Leptostylus,Entedontini,0.01,0.000722205
Orgygia detrita,Entedontini,0.313497562,0.000722205
Oxycopis,Entedontini,0.007,0.000722205
Oxydia,Entedontini,0.262111693,0.000722205
Scydmaenidae,Entedontini,0.003,0.000722205
Staphylinidae,Entedontini,0.0476,0.000722205
Styloleptus biustus,Entedontini,0.0065,0.000722205
Tricorynus,Entedontini,0.005,0.000722205
Trischidias atoma,Entedontini,0.0025,0.000722205
Anisomeristes,Euderus,3.62e-05,0.000722205
Bema ydda,Euderus,0.205558315,0.000722205
Bembidion contractum,Euderus,0.0051,0.000722205
Chrysobothris,Euderus,0.0136,0.000722205
Chrysomelidae,Euderus,0.0105,0.000722205
Copidita suturalis,Euderus,0.007,0.000722205
Ecdytolopha,Euderus,0.148376753,0.000722205
Holoparamecus,Euderus,2,0.000722205
Leptostylus,Euderus,0.01,0.000722205
Melipotis,Euderus,0.40131981,0.000722205
Micronaspis floridana,Euderus,0.0125,0.000722205
Oxydia,Euderus,0.262111693,0.000722205
Phocides batabano,Euderus,1.36330884,0.000722205
Poecilipa rhizophorae,Euderus,0.000875,0.000722205
Pseudoacalles,Euderus,0.00423,0.000722205
Scydmaenidae,Euderus,0.003,0.000722205
Staphylinidae,Euderus,0.0476,0.000722205
Styloleptus biustus,Euderus,0.0065,0.000722205
Tachys occulator,Euderus,0.0035,0.000722205
Tholeria reversalis,Euderus,0.578053133,0.000722205
Tricorynus,Euderus,0.005,0.000722205
Colobopsis,Melittobia chalybii,0.003869709,0.000722205
Crematogaster ashmeadi,Melittobia chalybii,0.001558448,0.000722205
Hypoponera opacior,Melittobia chalybii,0.00114621,0.000722205
Nesepyris floridanus,Melittobia chalybii,0.002300114,0.000722205
Paracryptocerus varians,Melittobia chalybii,0.00744984,0.000722205
Paratrechina bourbonica,Melittobia chalybii,0.00114621,0.000722205
Trypoxylon collinum,Melittobia chalybii,0.040552112,0.000722205
Xenomyrmex floridanus,Melittobia chalybii,0.000760079,0.000722205
Detritus,Axelsonia littoralis,-999,0.00074676
Fungi,Axelsonia littoralis,4.46244769,0.00074676
Fungi,Cryptorhynchus minutissimus,4.46244769,0.00075
Kalotermes jouteli,Xenomyrmex floridanus,0.008284363,0.000760079
Anisomeristes,Veigaia,3.62e-05,0.000795
Anurida maritima,Veigaia,0.00065,0.000795
Argas radiatus,Veigaia,0.002585816,0.000795
Bdella,Veigaia,8.52e-06,0.000795
Cheyletia wellsi,Veigaia,4.83e-07,0.000795
Entonyssus,Veigaia,0.021508161,0.000795
Eupodes,Veigaia,6.37e-05,0.000795
Ligia exotica,Veigaia,1.348779475,0.000795
Ornitnonyssus bursa,Veigaia,3.77e-09,0.000795
Pentacora sphacelata,Veigaia,0.032069663,0.000795
Proctolaelaps,Veigaia,3.59e-06,0.000795
Saproglyphidae,Veigaia,0.008,0.000795
Sphaerolophus,Veigaia,6.37e-05,0.000795
Tachys occulator,Veigaia,0.0035,0.000795
Fungi,Poecilipa rhizophorae,4.46244769,0.000875
Aglaopteryx,Probaryconus,0.054003595,0.000921608
Orocharis gryllodes,Probaryconus,0.083718572,0.000921608
Turpilia rostrata,Probaryconus,0.388073661,0.000921608
Nemapogon,Telonemus,0.025336077,0.000921608
Oiketicus abbottii,Telonemus,0.071247903,0.000921608
Oxydia,Telonemus,0.262111693,0.000921608
Phoebis agarithe,Telonemus,5.536546454,0.000921608
Pyraustidae,Telonemus,0.027,0.000921608
Tholeria reversalis,Telonemus,0.578053133,0.000921608
Rhizophora mangle,Paratrechina bourbonica,0.057932236,0.00114621
Detritus,Caecilius,-999,0.00125
Fungi,Caecilius,4.46244769,0.00125
Detritus,Crematogaster ashmeadi,-999,0.001558448
Actinopteryx fucicola,Callihormius bifasciatus,0.000866,0.001671743
Bembidion contractum,Callihormius bifasciatus,0.0051,0.001671743
Carthasis decoratus,Callihormius bifasciatus,0.009,0.001671743
Cecidomyidae,Callihormius bifasciatus,0.003,0.001671743
Chauliognathus marginatus,Callihormius bifasciatus,0.0095,0.001671743
Chrysopa,Callihormius bifasciatus,0.017427594,0.001671743
Copidita suturalis,Callihormius bifasciatus,0.007,0.001671743
Cucujidae,Callihormius bifasciatus,0.0155,0.001671743
Dufouriellus afer,Callihormius bifasciatus,0.0035,0.001671743
Holoparamecus,Callihormius bifasciatus,2,0.001671743
Leptostylus,Callihormius bifasciatus,0.01,0.001671743
Neurothrips magnafemoraus,Callihormius bifasciatus,0.001874225,0.001671743
Olfersia sordida,Callihormius bifasciatus,0.0055,0.001671743
Oxycopis,Callihormius bifasciatus,0.007,0.001671743
Oxydia,Callihormius bifasciatus,0.262111693,0.001671743
Pentacora sphacelata,Callihormius bifasciatus,0.032069663,0.001671743
Phocides batabano,Callihormius bifasciatus,1.36330884,0.001671743
Psallus conspurcatus,Callihormius bifasciatus,0.006,0.001671743
Sapintus fulvipes,Callihormius bifasciatus,0.007,0.001671743
Scydmaenidae,Callihormius bifasciatus,0.003,0.001671743
Tachys occulator,Callihormius bifasciatus,0.0035,0.001671743
Tricorynus,Callihormius bifasciatus,0.005,0.001671743
Trochopus plumbeus,Callihormius bifasciatus,0.008,0.001671743
Aedes taeniorhynchus,Ecphylus,0.0035,0.001671743
Aleurothrixus,Ecphylus,0.0025,0.001671743
Cryptorama minutum,Ecphylus,0.005,0.001671743
Cucujidae,Ecphylus,0.0155,0.001671743
Ecdytolopha,Ecphylus,0.148376753,0.001671743
Haplothrips flavipes,Ecphylus,0.002532042,0.001671743
Leptostylus,Ecphylus,0.01,0.001671743
Melanophthalma floridana,Ecphylus,0.002,0.001671743
Melipotis,Ecphylus,0.40131981,0.001671743
Metatropiphorus belfragei,Ecphylus,0.009,0.001671743
Oiketicus abbottii,Ecphylus,0.071247903,0.001671743
Olfersia sordida,Ecphylus,0.0055,0.001671743
Orgygia detrita,Ecphylus,0.313497562,0.001671743
Orius,Ecphylus,0.0035,0.001671743
Oxacis,Ecphylus,0.007,0.001671743
Oxycopis,Ecphylus,0.007,0.001671743
Oxydia,Ecphylus,0.262111693,0.001671743
Poecilipa rhizophorae,Ecphylus,0.000875,0.001671743
Psallus conspurcatus,Ecphylus,0.006,0.001671743
Pseudothrips inequalis,Ecphylus,0.001874225,0.001671743
Pyraustidae,Ecphylus,0.027,0.001671743
Syrphidae,Ecphylus,0.015,0.001671743
Tholeria reversalis,Ecphylus,0.578053133,0.001671743
Tricorynus,Ecphylus,0.005,0.001671743
Actenodes auronotata,Heterospilus,0.0115,0.001671743
Aedes taeniorhynchus,Heterospilus,0.0035,0.001671743
Aleurothrixus,Heterospilus,0.0025,0.001671743
Bembidion contractum,Heterospilus,0.0051,0.001671743
Chauliognathus marginatus,Heterospilus,0.0095,0.001671743
Chrysopa,Heterospilus,0.017427594,0.001671743
Copidita suturalis,Heterospilus,0.007,0.001671743
Cryptorama minutum,Heterospilus,0.005,0.001671743
Cryptorhynchus minutissimus,Heterospilus,0.00075,0.001671743
Melipotis,Heterospilus,0.40131981,0.001671743
Metatropiphorus belfragei,Heterospilus,0.009,0.001671743
Nemapogon,Heterospilus,0.025336077,0.001671743
Neurothrips magnafemoraus,Heterospilus,0.001874225,0.001671743
Orius,Heterospilus,0.0035,0.001671743
Oxycopis,Heterospilus,0.007,0.001671743
Pentacora sphacelata,Heterospilus,0.032069663,0.001671743
Phocides batabano,Heterospilus,1.36330884,0.001671743
Poecilipa rhizophorae,Heterospilus,0.000875,0.001671743
Pseudothrips inequalis,Heterospilus,0.001874225,0.001671743
Sapintus fulvipes,Heterospilus,0.007,0.001671743
Staphylinidae,Heterospilus,0.0476,0.001671743
Styloleptus biustus,Heterospilus,0.0065,0.001671743
Tachys occulator,Heterospilus,0.0035,0.001671743
Tetraluerodes,Heterospilus,0.0025,0.001671743
Tholeria reversalis,Heterospilus,0.578053133,0.001671743
Tricorynus,Heterospilus,0.005,0.001671743
Trischidias atoma,Heterospilus,0.0025,0.001671743
Trochopus plumbeus,Heterospilus,0.008,0.001671743
Aleurothrixus,Iphiaulax epicus,0.0025,0.001671743
Anisomeristes,Iphiaulax epicus,3.62e-05,0.001671743
Bembidion contractum,Iphiaulax epicus,0.0051,0.001671743
Chrysomelidae,Iphiaulax epicus,0.0105,0.001671743
Chrysopa,Iphiaulax epicus,0.017427594,0.001671743
Copidita suturalis,Iphiaulax epicus,0.007,0.001671743
Cryptorama minutum,Iphiaulax epicus,0.005,0.001671743
Holoparamecus,Iphiaulax epicus,2,0.001671743
Liothrips,Iphiaulax epicus,0.001874225,0.001671743
Melanophthalma floridana,Iphiaulax epicus,0.002,0.001671743
Melipotis,Iphiaulax epicus,0.40131981,0.001671743
Oiketicus abbottii,Iphiaulax epicus,0.071247903,0.001671743
Oxacis,Iphiaulax epicus,0.007,0.001671743
Phocides batabano,Iphiaulax epicus,1.36330884,0.001671743
Phoebis agarithe,Iphiaulax epicus,5.536546454,0.001671743
Pseudoacalles,Iphiaulax epicus,0.00423,0.001671743
Scydmaenidae,Iphiaulax epicus,0.003,0.001671743
Styloleptus biustus,Iphiaulax epicus,0.0065,0.001671743
Trochopus plumbeus,Iphiaulax epicus,0.008,0.001671743
Bema ydda,Macrocentrus,0.205558315,0.001671743
Nemapogon,Macrocentrus,0.025336077,0.001671743
Oiketicus abbottii,Macrocentrus,0.071247903,0.001671743
Blissus insularis,Meioneta,0.004,0.00175
Membracidae,Meioneta,0.0085,0.00175
Neurotmeta breviceps,Meioneta,0.008,0.00175
Pseudococcus,Meioneta,-999,0.00175
Fungi,Neurothrips magnafemoraus,4.46244769,0.001874225
Acanalonia latifrons,Theridion,0.011,0.0023
Actenodes auronotata,Theridion,0.0115,0.0023
Actinopteryx fucicola,Theridion,0.000866,0.0023
Apidae,Theridion,0.001671743,0.0023
Calliephialtes ferrugineus,Theridion,0.098554409,0.0023
Camponotus tortuganus,Theridion,0.013570258,0.0023
Cecidomyidae,Theridion,0.003,0.0023
Cephalonomia waterstoni,Theridion,0.002300114,0.0023
Chrysobothris,Theridion,0.0136,0.0023
Colobopsis,Theridion,0.003869709,0.0023
Cryptorama minutum,Theridion,0.005,0.0023
Cryptorhynchus minutissimus,Theridion,0.00075,0.0023
Cycloptilum,Theridion,0.018459537,0.0023
Ecphylus,Theridion,0.001671743,0.0023
Euderus,Theridion,0.000722205,0.0023
Flatoidinus punctatus,Theridion,0.0115,0.0023
Holoparamecus,Theridion,2,0.0023
Hypoponera opacior,Theridion,0.00114621,0.0023
Latiblattella,Theridion,0.057932236,0.0023
Melanophthalma floridana,Theridion,0.002,0.0023
Melittobia chalybii,Theridion,0.000722205,0.0023
Membracidae,Theridion,0.0085,0.0023
Nesepyris floridanus,Theridion,0.002300114,0.0023
Oxycopis,Theridion,0.007,0.0023
Pachodynerus nasidens,Theridion,0.053463429,0.0023
Paracryptocerus varians,Theridion,0.00744984,0.0023
Poecilipa rhizophorae,Theridion,0.000875,0.0023
Sapintus fulvipes,Theridion,0.007,0.0023
Scaphytopius,Theridion,0.0075,0.0023
Staphylinidae,Theridion,0.0476,0.0023
Syrphidae,Theridion,0.015,0.0023
Tachys occulator,Theridion,0.0035,0.0023
Tafaliscu lurida,Theridion,0.083718572,0.0023
Trischidias atoma,Theridion,0.0025,0.0023
Turpilia rostrata,Theridion,0.388073661,0.0023
Xenomyrmex floridanus,Theridion,0.000760079,0.0023
Actenodes auronotata,Cephalonomia waterstoni,0.0115,0.002300114
Alarodia slossoniae,Cephalonomia waterstoni,0.055875412,0.002300114
Ascia monuste,Cephalonomia waterstoni,6.828348317,0.002300114
Bema ydda,Cephalonomia waterstoni,0.205558315,0.002300114
Bembidion contractum,Cephalonomia waterstoni,0.0051,0.002300114
Chrysobothris,Cephalonomia waterstoni,0.0136,0.002300114
Chrysomelidae,Cephalonomia waterstoni,0.0105,0.002300114
Copidita suturalis,Cephalonomia waterstoni,0.007,0.002300114
Melanophthalma floridana,Cephalonomia waterstoni,0.002,0.002300114
Melipotis,Cephalonomia waterstoni,0.40131981,0.002300114
Poecilipa rhizophorae,Cephalonomia waterstoni,0.000875,0.002300114
Pyraustidae,Cephalonomia waterstoni,0.027,0.002300114
Scydmaenidae,Cephalonomia waterstoni,0.003,0.002300114
Cecidomyidae,Neanastatus,0.003,0.002300114
Cryptorama minutum,Neanastatus,0.005,0.002300114
Sapintus fulvipes,Neanastatus,0.007,0.002300114
Tricorynus,Neanastatus,0.005,0.002300114
Actenodes auronotata,Nesepyris floridanus,0.0115,0.002300114
Actinopteryx fucicola,Nesepyris floridanus,0.000866,0.002300114
Alarodia slossoniae,Nesepyris floridanus,0.055875412,0.002300114
Ascia monuste,Nesepyris floridanus,6.828348317,0.002300114
Automeris io,Nesepyris floridanus,2.636851999,0.002300114
Chrysomelidae,Nesepyris floridanus,0.0105,0.002300114
Cryptorama minutum,Nesepyris floridanus,0.005,0.002300114
Cucujidae,Nesepyris floridanus,0.0155,0.002300114
Holoparamecus,Nesepyris floridanus,2,0.002300114
Melanophthalma floridana,Nesepyris floridanus,0.002,0.002300114
Melipotis,Nesepyris floridanus,0.40131981,0.002300114
Micronaspis floridana,Nesepyris floridanus,0.0125,0.002300114
Oiketicus abbottii,Nesepyris floridanus,0.071247903,0.002300114
Phocides batabano,Nesepyris floridanus,1.36330884,0.002300114
Phoebis agarithe,Nesepyris floridanus,5.536546454,0.002300114
Poecilipa rhizophorae,Nesepyris floridanus,0.000875,0.002300114
Scydmaenidae,Nesepyris floridanus,0.003,0.002300114
Staphylinidae,Nesepyris floridanus,0.0476,0.002300114
Styloleptus biustus,Nesepyris floridanus,0.0065,0.002300114
Tachys occulator,Nesepyris floridanus,0.0035,0.002300114
Actenodes auronotata,Scleroderma macrogaster,0.0115,0.002300114
Actinopteryx fucicola,Scleroderma macrogaster,0.000866,0.002300114
Anisomeristes,Scleroderma macrogaster,3.62e-05,0.002300114
Ascia monuste,Scleroderma macrogaster,6.828348317,0.002300114
Bema ydda,Scleroderma macrogaster,0.205558315,0.002300114
Chauliognathus marginatus,Scleroderma macrogaster,0.0095,0.002300114
Chrysomelidae,Scleroderma macrogaster,0.0105,0.002300114
Copidita suturalis,Scleroderma macrogaster,0.007,0.002300114
Ecdytolopha,Scleroderma macrogaster,0.148376753,0.002300114
Holoparamecus,Scleroderma macrogaster,2,0.002300114
Leptostylus,Scleroderma macrogaster,0.01,0.002300114
Melanophthalma floridana,Scleroderma macrogaster,0.002,0.002300114
Melipotis,Scleroderma macrogaster,0.40131981,0.002300114
Micronaspis floridana,Scleroderma macrogaster,0.0125,0.002300114
Oxycopis,Scleroderma macrogaster,0.007,0.002300114
Phocides batabano,Scleroderma macrogaster,1.36330884,0.002300114
Phoebis agarithe,Scleroderma macrogaster,5.536546454,0.002300114
Pseudoacalles,Scleroderma macrogaster,0.00423,0.002300114
Staphylinidae,Scleroderma macrogaster,0.0476,0.002300114
Tachys occulator,Scleroderma macrogaster,0.0035,0.002300114
Vacusus vicinus,Scleroderma macrogaster,0.007,0.002300114
Rhizophora mangle,Aleurothrixus,0.057932236,0.0025
Rhizophora mangle,Tetraluerodes,0.057932236,0.0025
Fungi,Trischidias atoma,4.46244769,0.0025
Actinopteryx fucicola,Tyrannochelifer,0.000866,0.00255
Alarodia slossoniae,Tyrannochelifer,0.055875412,0.00255
Amblyseius,Tyrannochelifer,0.0004,0.00255
Anisomeristes,Tyrannochelifer,3.62e-05,0.00255
Arctoseius,Tyrannochelifer,5.3e-07,0.00255
Asca,Tyrannochelifer,5.3e-07,0.00255
Automeris io,Tyrannochelifer,2.636851999,0.00255
Bema ydda,Tyrannochelifer,0.205558315,0.00255
Bembidion contractum,Tyrannochelifer,0.0051,0.00255
Camponotus floridanus,Tyrannochelifer,0.013570258,0.00255
Camponotus planatus,Tyrannochelifer,0.003869709,0.00255
Chauliognathus marginatus,Tyrannochelifer,0.0095,0.00255
Cheyletia wellsi,Tyrannochelifer,4.83e-07,0.00255
Chrysomelidae,Tyrannochelifer,0.0105,0.00255
Colobopsis,Tyrannochelifer,0.003869709,0.00255
Cryptorhynchus minutissimus,Tyrannochelifer,0.00075,0.00255
Cucujidae,Tyrannochelifer,0.0155,0.00255
Eupodes,Tyrannochelifer,6.37e-05,0.00255
Hypoponera opacior,Tyrannochelifer,0.00114621,0.00255
Melipotis,Tyrannochelifer,0.40131981,0.00255
Monomorium floricola,Tyrannochelifer,0.000455048,0.00255
Nemapogon,Tyrannochelifer,0.025336077,0.00255
Oiketicus abbottii,Tyrannochelifer,0.071247903,0.00255
Olfersia sordida,Tyrannochelifer,0.0055,0.00255
Oxacis,Tyrannochelifer,0.007,0.00255
Oxycopis,Tyrannochelifer,0.007,0.00255
Paratrechina bourbonica,Tyrannochelifer,0.00114621,0.00255
Poecilipa rhizophorae,Tyrannochelifer,0.000875,0.00255
Pseudomyrmex elongatus,Tyrannochelifer,0.016248394,0.00255
Rhizoglyphus callae,Tyrannochelifer,5.5e-06,0.00255
Sphaerolophus,Tyrannochelifer,6.37e-05,0.00255
Syrphidae,Tyrannochelifer,0.015,0.00255
Tricorynus,Tyrannochelifer,0.005,0.00255
Trischidias atoma,Tyrannochelifer,0.0025,0.00255
Pelecanus,Argas radiatus,3500,0.002585816
Phalacrocorax dilophus,Argas radiatus,2568.732374,0.002585816
Aedes taeniorhynchus,Dictyna,0.0035,0.00325
Arunta interclusa,Dictyna,0.787365181,0.00325
Brachymeria psyche,Dictyna,0.008284363,0.00325
Ecphylus,Dictyna,0.001671743,0.00325
Euchrysia,Dictyna,0.003869709,0.00325
Euderus,Dictyna,0.000722205,0.00325
Heterospilus,Dictyna,0.001671743,0.00325
Iphiaulax epicus,Dictyna,0.001671743,0.00325
Macrocentrus,Dictyna,0.001671743,0.00325
Melittobia chalybii,Dictyna,0.000722205,0.00325
Ooencyrtus submetallicus,Dictyna,0.000398141,0.00325
Pachodynerus nasidens,Dictyna,0.053463429,0.00325
Pseudococcus,Dictyna,-999,0.00325
Scleroderma macrogaster,Dictyna,0.002300114,0.00325
Detritus,Echmepteryx hageni,-999,0.00325
Fungi,Echmepteryx hageni,4.46244769,0.00325
Detritus,Ectopsocopsis cryptomeriae,-999,0.00325
Fungi,Ectopsocopsis cryptomeriae,4.46244769,0.00325
Fungi,Lichenomima,4.46244769,0.00325
Algae,Liposcelis bostrychophilus,8.21e-07,0.00325
Fungi,Liposcelis bostrychophilus,4.46244769,0.00325
Detritus,Psocidus texanus,-999,0.00325
Algae,Trogiomorpha,8.21e-07,0.00325
Detritus,Trogiomorpha,-999,0.00325
Fungi,Trogiomorpha,4.46244769,0.00325
Algae,Ectopsocus,8.21e-07,0.00325
Melipotis,Orius,0.40131981,0.0035
Nemapogon,Orius,0.025336077,0.0035
Neurothrips magnafemoraus,Orius,0.001874225,0.0035
Oxydia,Orius,0.262111693,0.0035
Phocides batabano,Orius,1.36330884,0.0035
Phoebis agarithe,Orius,5.536546454,0.0035
Pseudothrips inequalis,Orius,0.001874225,0.0035
Rhizophora mangle,Orius,0.057932236,0.0035
Melipotis,Tachys occulator,0.40131981,0.0035
Orgygia detrita,Tachys occulator,0.313497562,0.0035
Ceroplastes,Camponotus planatus,0.005,0.003869709
Rhizophora mangle,Camponotus planatus,0.057932236,0.003869709
Actenodes auronotata,Euchrysia,0.0115,0.003869709
Cryptorama minutum,Euchrysia,0.005,0.003869709
Tricorynus,Euchrysia,0.005,0.003869709
Trischidias atoma,Euchrysia,0.0025,0.003869709
Camponotus floridanus,Sergiolus,0.013570258,0.0039
Camponotus planatus,Sergiolus,0.003869709,0.0039
Crematogaster ashmeadi,Sergiolus,0.001558448,0.0039
Hypoponera opacior,Sergiolus,0.00114621,0.0039
Paracryptocerus varians,Sergiolus,0.00744984,0.0039
Paratrechina bourbonica,Sergiolus,0.00114621,0.0039
Pseudomyrmex elongatus,Sergiolus,0.016248394,0.0039
Xenomyrmex floridanus,Sergiolus,0.000760079,0.0039
Actenodes auronotata,Ballus,0.0115,0.004
Actinopteryx fucicola,Ballus,0.000866,0.004
Ascia monuste,Ballus,6.828348317,0.004
Automeris io,Ballus,2.636851999,0.004
Aysha velox,Ballus,0.0065,0.004
Bema ydda,Ballus,0.205558315,0.004
Carthasis decoratus,Ballus,0.009,0.004
Ceroplastes,Ballus,0.005,0.004
Chauliognathus marginatus,Ballus,0.0095,0.004
Chrysomelidae,Ballus,0.0105,0.004
Dolomedes,Ballus,0.03,0.004
Ecdytolopha,Ballus,0.148376753,0.004
Eriophora,Ballus,0.014,0.004
Eustala,Ballus,0.008,0.004
Gasteracantha ellipsoides,Ballus,0.007,0.004
Hentzia palmarum,Ballus,0.006,0.004
Holoparamecus,Ballus,2,0.004
Leptostylus,Ballus,0.01,0.004
Meioneta,Ballus,0.00175,0.004
Melipotis,Ballus,0.40131981,0.004
Paraphidippus flavus,Ballus,0.008,0.004
Phocides batabano,Ballus,1.36330884,0.004
Phoebis agarithe,Ballus,5.536546454,0.004
Pirata,Ballus,0.00665,0.004
Poecilipa rhizophorae,Ballus,0.000875,0.004
Psallus conspurcatus,Ballus,0.006,0.004
Pyraustidae,Ballus,0.027,0.004
Scytodes,Ballus,4.75,0.004
Sergiolus,Ballus,0.0039,0.004
Tachys occulator,Ballus,0.0035,0.004
Tetragnatha,Ballus,0.01,0.004
Tetraluerodes,Ballus,0.0025,0.004
Trischidias atoma,Ballus,0.0025,0.004
Trochopus plumbeus,Ballus,0.008,0.004
Rhizophora mangle,Blissus insularis,0.057932236,0.004
Actenodes auronotata,Argiope argentata,0.0115,0.00459071
Actinopteryx fucicola,Argiope argentata,0.000866,0.00459071
Apidae,Argiope argentata,0.001671743,0.00459071
Apocrita,Argiope argentata,0.826845887,0.00459071
Arunta interclusa,Argiope argentata,0.787365181,0.00459071
Brachymeria psyche,Argiope argentata,0.008284363,0.00459071
Calliephialtes ferrugineus,Argiope argentata,0.098554409,0.00459071
Cecidomyidae,Argiope argentata,0.003,0.00459071
Cryptorhynchus minutissimus,Argiope argentata,0.00075,0.00459071
Cucujidae,Argiope argentata,0.0155,0.00459071
Cycloptilum,Argiope argentata,0.018459537,0.00459071
Ecphylus,Argiope argentata,0.001671743,0.00459071
Entedontini,Argiope argentata,0.000722205,0.00459071
Heterospilus,Argiope argentata,0.001671743,0.00459071
Holoparamecus,Argiope argentata,2,0.00459071
Hypoponera opacior,Argiope argentata,0.00114621,0.00459071
Iphiaulax epicus,Argiope argentata,0.001671743,0.00459071
Latiblattella,Argiope argentata,0.057932236,0.00459071
Leptostylus,Argiope argentata,0.01,0.00459071
Melanophthalma floridana,Argiope argentata,0.002,0.00459071
Melittobia chalybii,Argiope argentata,0.000722205,0.00459071
Metapelma schwarzi,Argiope argentata,0.002300114,0.00459071
Micronaspis floridana,Argiope argentata,0.0125,0.00459071
Neanastatus,Argiope argentata,0.002300114,0.00459071
Neurotmeta breviceps,Argiope argentata,0.008,0.00459071
Olfersia sordida,Argiope argentata,0.0055,0.00459071
Oliarus,Argiope argentata,0.0065,0.00459071
Poecilipa rhizophorae,Argiope argentata,0.000875,0.00459071
Pseudomyrmex elongatus,Argiope argentata,0.016248394,0.00459071
Sapintus fulvipes,Argiope argentata,0.007,0.00459071
Scaphytopius,Argiope argentata,0.0075,0.00459071
Scleroderma macrogaster,Argiope argentata,0.002300114,0.00459071
Scydmaenidae,Argiope argentata,0.003,0.00459071
Tachys occulator,Argiope argentata,0.0035,0.00459071
Tricorynus,Argiope argentata,0.005,0.00459071
Vacusus vicinus,Argiope argentata,0.007,0.00459071
Rhizophora mangle,Tricorynus,0.057932236,0.005
Aglaopteryx,Uloborus,0.054003595,0.005
Blissus insularis,Uloborus,0.004,0.005
Brachymyrmex,Uloborus,0.000398141,0.005
Camponotus floridanus,Uloborus,0.013570258,0.005
Casinaria texana,Uloborus,0.098554409,0.005
Chrysobothris,Uloborus,0.0136,0.005
Chrysomelidae,Uloborus,0.0105,0.005
Copidita suturalis,Uloborus,0.007,0.005
Crematogaster ashmeadi,Uloborus,0.001558448,0.005
Cryptorhynchus minutissimus,Uloborus,0.00075,0.005
Ecphylus,Uloborus,0.001671743,0.005
Holoparamecus,Uloborus,2,0.005
Latiblattella,Uloborus,0.057932236,0.005
Melittobia chalybii,Uloborus,0.000722205,0.005
Membracidae,Uloborus,0.0085,0.005
Metapelma schwarzi,Uloborus,0.002300114,0.005
Neanastatus,Uloborus,0.002300114,0.005
Ooencyrtus submetallicus,Uloborus,0.000398141,0.005
Orocharis gryllodes,Uloborus,0.083718572,0.005
Oxacis,Uloborus,0.007,0.005
Paracryptocerus varians,Uloborus,0.00744984,0.005
Poecilipa rhizophorae,Uloborus,0.000875,0.005
Polistes,Uloborus,0.016248394,0.005
Probaryconus,Uloborus,0.000921608,0.005
Pseudomyrmex elongatus,Uloborus,0.016248394,0.005
Tricorynus,Uloborus,0.005,0.005
Trischidias atoma,Uloborus,0.0025,0.005
Urolepis rufipes,Uloborus,0.003869709,0.005
Melipotis,Bembidion contractum,0.40131981,0.0051
Orgygia detrita,Bembidion contractum,0.313497562,0.0051
Oxydia,Bembidion contractum,0.262111693,0.0051
Phalacrocorax dilophus,Lynchia albipennis,2568.732374,0.0055
Pelecanus,Olfersia sordida,3500,0.0055
Aleurothrixus,Hentzia palmarum,0.0025,0.006
Argiope argentata,Hentzia palmarum,0.00459071,0.006
Arunta interclusa,Hentzia palmarum,0.787365181,0.006
Ascia monuste,Hentzia palmarum,6.828348317,0.006
Automeris io,Hentzia palmarum,2.636851999,0.006
Aysha velox,Hentzia palmarum,0.0065,0.006
Bembidion contractum,Hentzia palmarum,0.0051,0.006
Blissus insularis,Hentzia palmarum,0.004,0.006
Chauliognathus marginatus,Hentzia palmarum,0.0095,0.006
Chrysobothris,Hentzia palmarum,0.0136,0.006
Chrysomelidae,Hentzia palmarum,0.0105,0.006
Cryptorhynchus minutissimus,Hentzia palmarum,0.00075,0.006
Cucujidae,Hentzia palmarum,0.0155,0.006
Dolomedes,Hentzia palmarum,0.03,0.006
Dufouriellus afer,Hentzia palmarum,0.0035,0.006
Ecdytolopha,Hentzia palmarum,0.148376753,0.006
Flatoidinus punctatus,Hentzia palmarum,0.0115,0.006
Gasteracantha ellipsoides,Hentzia palmarum,0.007,0.006
Holoparamecus,Hentzia palmarum,2,0.006
Leptostylus,Hentzia palmarum,0.01,0.006
Maevia vittata,Hentzia palmarum,0.007,0.006
Metatropiphorus belfragei,Hentzia palmarum,0.009,0.006
Nemapogon,Hentzia palmarum,0.025336077,0.006
Neurotmeta breviceps,Hentzia palmarum,0.008,0.006
Oliarus,Hentzia palmarum,0.0065,0.006
Orgygia detrita,Hentzia palmarum,0.313497562,0.006
Oxycopis,Hentzia palmarum,0.007,0.006
Paraleyrodes,Hentzia palmarum,0.0025,0.006
Pentacora sphacelata,Hentzia palmarum,0.032069663,0.006
Sapintus fulvipes,Hentzia palmarum,0.007,0.006
Scaphytopius,Hentzia palmarum,0.0075,0.006
Scydmaenidae,Hentzia palmarum,0.003,0.006
Scytodes,Hentzia palmarum,4.75,0.006
Sergiolus,Hentzia palmarum,0.0039,0.006
Stoidis aurata,Hentzia palmarum,0.009,0.006
Theridion,Hentzia palmarum,0.0023,0.006
Tricorynus,Hentzia palmarum,0.005,0.006
Vacusus vicinus,Hentzia palmarum,0.007,0.006
Syrphidae,Mangora,0.015,0.006
Rhizophora mangle,Psallus conspurcatus,0.057932236,0.006
Brachymyrmex,Anyphaena,0.000398141,0.006
Camponotus planatus,Anyphaena,0.003869709,0.006
Crematogaster ashmeadi,Anyphaena,0.001558448,0.006
Monomorium floricola,Anyphaena,0.000455048,0.006
Brachymyrmex,Aysha velox,0.000398141,0.0065
Camponotus floridanus,Aysha velox,0.013570258,0.0065
Camponotus planatus,Aysha velox,0.003869709,0.0065
Hypoponera opacior,Aysha velox,0.00114621,0.0065
Monomorium floricola,Aysha velox,0.000455048,0.0065
Paracryptocerus varians,Aysha velox,0.00744984,0.0065
Rhizophora mangle,Styloleptus biustus,0.057932236,0.0065
Camponotus planatus,Gnaphosa,0.003869709,0.0066
Camponotus tortuganus,Gnaphosa,0.013570258,0.0066
Colobopsis,Gnaphosa,0.003869709,0.0066
Crematogaster ashmeadi,Gnaphosa,0.001558448,0.0066
Rhizophora mangle,Neotermes castaneus,0.057932236,0.006623951
Aleurothrixus,Pirata,0.0025,0.00665
Argyrodes nephilae,Pirata,0.0077,0.00665
Ariadna arthuri,Pirata,0.01,0.00665
Brachymyrmex,Pirata,0.000398141,0.00665
Carthasis decoratus,Pirata,0.009,0.00665
Colobopsis,Pirata,0.003869709,0.00665
Crematogaster ashmeadi,Pirata,0.001558448,0.00665
Dictyna,Pirata,0.00325,0.00665
Dolomedes,Pirata,0.03,0.00665
Dufouriellus afer,Pirata,0.0035,0.00665
Hentzia palmarum,Pirata,0.006,0.00665
Leucauge venusta,Pirata,0.00675,0.00665
Lynchia albipennis,Pirata,0.0055,0.00665
Meioneta,Pirata,0.00175,0.00665
Oebalus pugnax,Pirata,0.009,0.00665
Olfersia sordida,Pirata,0.0055,0.00665
Oliarus,Pirata,0.0065,0.00665
Paracryptocerus varians,Pirata,0.00744984,0.00665
Pseudococcus,Pirata,-999,0.00665
Scytodes,Pirata,4.75,0.00665
Sergiolus,Pirata,0.0039,0.00665
Syrphidae,Pirata,0.015,0.00665
Tafaliscu lurida,Pirata,0.083718572,0.00665
Tapinoma littorale,Pirata,0.000398141,0.00665
Trochopus plumbeus,Pirata,0.008,0.00665
Alarodia slossoniae,Leucauge venusta,0.055875412,0.00675
Apocrita,Leucauge venusta,0.826845887,0.00675
Automeris io,Leucauge venusta,2.636851999,0.00675
Cecidomyidae,Leucauge venusta,0.003,0.00675
Olfersia sordida,Leucauge venusta,0.0055,0.00675
Phoebis agarithe,Leucauge venusta,5.536546454,0.00675
Pyraustidae,Leucauge venusta,0.027,0.00675
Tholeria reversalis,Leucauge venusta,0.578053133,0.00675
Actinopteryx fucicola,Gasteracantha ellipsoides,0.000866,0.007
Alarodia slossoniae,Gasteracantha ellipsoides,0.055875412,0.007
Ascia monuste,Gasteracantha ellipsoides,6.828348317,0.007
Ataxia,Gasteracantha ellipsoides,0.023,0.007
Bema ydda,Gasteracantha ellipsoides,0.205558315,0.007
Bembidion contractum,Gasteracantha ellipsoides,0.0051,0.007
Chauliognathus marginatus,Gasteracantha ellipsoides,0.0095,0.007
Chrysomelidae,Gasteracantha ellipsoides,0.0105,0.007
Copidita suturalis,Gasteracantha ellipsoides,0.007,0.007
Cryptorama minutum,Gasteracantha ellipsoides,0.005,0.007
Holoparamecus,Gasteracantha ellipsoides,2,0.007
Leptostylus,Gasteracantha ellipsoides,0.01,0.007
Melanophthalma floridana,Gasteracantha ellipsoides,0.002,0.007
Oiketicus abbottii,Gasteracantha ellipsoides,0.071247903,0.007
Oxycopis,Gasteracantha ellipsoides,0.007,0.007
Paraleyrodes,Gasteracantha ellipsoides,0.0025,0.007
Phocides batabano,Gasteracantha ellipsoides,1.36330884,0.007
Phoebis agarithe,Gasteracantha ellipsoides,5.536546454,0.007
Pseudoacalles,Gasteracantha ellipsoides,0.00423,0.007
Sapintus fulvipes,Gasteracantha ellipsoides,0.007,0.007
Styloleptus biustus,Gasteracantha ellipsoides,0.0065,0.007
Tachys occulator,Gasteracantha ellipsoides,0.0035,0.007
Tetraluerodes,Gasteracantha ellipsoides,0.0025,0.007
Tricorynus,Gasteracantha ellipsoides,0.005,0.007
Trischidias atoma,Gasteracantha ellipsoides,0.0025,0.007
Vacusus vicinus,Gasteracantha ellipsoides,0.007,0.007
Acanalonia latifrons,Maevia vittata,0.011,0.007
Actenodes auronotata,Maevia vittata,0.0115,0.007
Actinopteryx fucicola,Maevia vittata,0.000866,0.007
Aleurothrixus,Maevia vittata,0.0025,0.007
Ariadna arthuri,Maevia vittata,0.01,0.007
Ascia monuste,Maevia vittata,6.828348317,0.007
Ataxia,Maevia vittata,0.023,0.007
Aysha velox,Maevia vittata,0.0065,0.007
Bema ydda,Maevia vittata,0.205558315,0.007
Bembidion contractum,Maevia vittata,0.0051,0.007
Blissus insularis,Maevia vittata,0.004,0.007
Carthasis decoratus,Maevia vittata,0.009,0.007
Cecidomyidae,Maevia vittata,0.003,0.007
Chrysobothris,Maevia vittata,0.0136,0.007
Cryptorama minutum,Maevia vittata,0.005,0.007
Cryptorhynchus minutissimus,Maevia vittata,0.00075,0.007
Ecdytolopha,Maevia vittata,0.148376753,0.007
Eustala,Maevia vittata,0.008,0.007
Gasteracantha ellipsoides,Maevia vittata,0.007,0.007
Gnaphosa,Maevia vittata,0.0066,0.007
Holoparamecus,Maevia vittata,2,0.007
Leptostylus,Maevia vittata,0.01,0.007
Meioneta,Maevia vittata,0.00175,0.007
Metacyrba undata,Maevia vittata,0.0115,0.007
Oebalus pugnax,Maevia vittata,0.009,0.007
Olfersia sordida,Maevia vittata,0.0055,0.007
Oxacis,Maevia vittata,0.007,0.007
Oxycopis,Maevia vittata,0.007,0.007
Oxydia,Maevia vittata,0.262111693,0.007
Paraphidippus flavus,Maevia vittata,0.008,0.007
Pentacora sphacelata,Maevia vittata,0.032069663,0.007
Phocides batabano,Maevia vittata,1.36330884,0.007
Pirata,Maevia vittata,0.00665,0.007
Poecilipa rhizophorae,Maevia vittata,0.000875,0.007
Pseudoacalles,Maevia vittata,0.00423,0.007
Scaphytopius,Maevia vittata,0.0075,0.007
Scydmaenidae,Maevia vittata,0.003,0.007
Staphylinidae,Maevia vittata,0.0476,0.007
Styloleptus biustus,Maevia vittata,0.0065,0.007
Tetragnatha,Maevia vittata,0.01,0.007
Trochopus plumbeus,Maevia vittata,0.008,0.007
Detritus,Paracryptocerus varians,-999,0.00744984
Rhizophora mangle,Paracryptocerus varians,0.057932236,0.00744984
Rhizophora mangle,Scaphytopius,0.057932236,0.0075
Acanalonia latifrons,Argyrodes nephilae,0.011,0.0077
Actinopteryx fucicola,Argyrodes nephilae,0.000866,0.0077
Aglaopteryx,Argyrodes nephilae,0.054003595,0.0077
Apanteles hemileucae,Argyrodes nephilae,0.001671743,0.0077
Apocrita,Argyrodes nephilae,0.826845887,0.0077
Callihormius bifasciatus,Argyrodes nephilae,0.001671743,0.0077
Camponotus floridanus,Argyrodes nephilae,0.013570258,0.0077
Camponotus planatus,Argyrodes nephilae,0.003869709,0.0077
Casinaria texana,Argyrodes nephilae,0.098554409,0.0077
Chauliognathus marginatus,Argyrodes nephilae,0.0095,0.0077
Chrysobothris,Argyrodes nephilae,0.0136,0.0077
Colobopsis,Argyrodes nephilae,0.003869709,0.0077
Crematogaster ashmeadi,Argyrodes nephilae,0.001558448,0.0077
Ecphylus,Argyrodes nephilae,0.001671743,0.0077
Flatoidinus punctatus,Argyrodes nephilae,0.0115,0.0077
Holoparamecus,Argyrodes nephilae,2,0.0077
Hypoponera opacior,Argyrodes nephilae,0.00114621,0.0077
Lynchia albipennis,Argyrodes nephilae,0.0055,0.0077
Macrocentrus,Argyrodes nephilae,0.001671743,0.0077
Metapelma schwarzi,Argyrodes nephilae,0.002300114,0.0077
Nesepyris floridanus,Argyrodes nephilae,0.002300114,0.0077
Oliarus,Argyrodes nephilae,0.0065,0.0077
Orocharis gryllodes,Argyrodes nephilae,0.083718572,0.0077
Oxacis,Argyrodes nephilae,0.007,0.0077
Paracryptocerus varians,Argyrodes nephilae,0.00744984,0.0077
Poecilipa rhizophorae,Argyrodes nephilae,0.000875,0.0077
Polistes,Argyrodes nephilae,0.016248394,0.0077
Probaryconus,Argyrodes nephilae,0.000921608,0.0077
Pseudococcus,Argyrodes nephilae,-999,0.0077
Sapintus fulvipes,Argyrodes nephilae,0.007,0.0077
Scleroderma macrogaster,Argyrodes nephilae,0.002300114,0.0077
Staphylinidae,Argyrodes nephilae,0.0476,0.0077
Styloleptus biustus,Argyrodes nephilae,0.0065,0.0077
Tachys occulator,Argyrodes nephilae,0.0035,0.0077
Telonemus,Argyrodes nephilae,0.000921608,0.0077
Trischidias atoma,Argyrodes nephilae,0.0025,0.0077
Trypoxylon collinum,Argyrodes nephilae,0.040552112,0.0077
Vacusus vicinus,Argyrodes nephilae,0.007,0.0077
Ascia monuste,Eustala,6.828348317,0.008
Ecdytolopha,Eustala,0.148376753,0.008
Oiketicus abbottii,Eustala,0.071247903,0.008
Orgygia detrita,Eustala,0.313497562,0.008
Oxydia,Eustala,0.262111693,0.008
Phocides batabano,Eustala,1.36330884,0.008
Pyraustidae,Eustala,0.027,0.008
Actenodes auronotata,Paraphidippus flavus,0.0115,0.008
Alarodia slossoniae,Paraphidippus flavus,0.055875412,0.008
Aleurothrixus,Paraphidippus flavus,0.0025,0.008
Argiope argentata,Paraphidippus flavus,0.00459071,0.008
Argyrodes nephilae,Paraphidippus flavus,0.0077,0.008
Ascia monuste,Paraphidippus flavus,6.828348317,0.008
Ballus,Paraphidippus flavus,0.004,0.008
Blissus insularis,Paraphidippus flavus,0.004,0.008
Cecidomyidae,Paraphidippus flavus,0.003,0.008
Copidita suturalis,Paraphidippus flavus,0.007,0.008
Cucujidae,Paraphidippus flavus,0.0155,0.008
Ecdytolopha,Paraphidippus flavus,0.148376753,0.008
Gnaphosa,Paraphidippus flavus,0.0066,0.008
Leucauge venusta,Paraphidippus flavus,0.00675,0.008
Mangora,Paraphidippus flavus,0.006,0.008
Melanophthalma floridana,Paraphidippus flavus,0.002,0.008
Metatropiphorus belfragei,Paraphidippus flavus,0.009,0.008
Micronaspis floridana,Paraphidippus flavus,0.0125,0.008
Olfersia sordida,Paraphidippus flavus,0.0055,0.008
Orius,Paraphidippus flavus,0.0035,0.008
Oxycopis,Paraphidippus flavus,0.007,0.008
Paraleyrodes,Paraphidippus flavus,0.0025,0.008
Pirata,Paraphidippus flavus,0.00665,0.008
Pseudoacalles,Paraphidippus flavus,0.00423,0.008
Sapintus fulvipes,Paraphidippus flavus,0.007,0.008
Staphylinidae,Paraphidippus flavus,0.0476,0.008
Tetragnatha,Paraphidippus flavus,0.01,0.008
Tholeria reversalis,Paraphidippus flavus,0.578053133,0.008
Tricorynus,Paraphidippus flavus,0.005,0.008
Trischidias atoma,Paraphidippus flavus,0.0025,0.008
Vacusus vicinus,Paraphidippus flavus,0.007,0.008
Actinopteryx fucicola,Trochopus plumbeus,0.000866,0.008
Anisomeristes,Trochopus plumbeus,3.62e-05,0.008
Aratus pisonii,Trochopus plumbeus,0.311301534,0.008
Axelsonia littoralis,Trochopus plumbeus,0.00074676,0.008
Ligia exotica,Trochopus plumbeus,1.348779475,0.008
Littorina angulifera,Trochopus plumbeus,0.588325869,0.008
Actenodes auronotata,Brachymeria psyche,0.0115,0.008284363
Aedes taeniorhynchus,Brachymeria psyche,0.0035,0.008284363
Alarodia slossoniae,Brachymeria psyche,0.055875412,0.008284363
Ascia monuste,Brachymeria psyche,6.828348317,0.008284363
Chrysobothris,Brachymeria psyche,0.0136,0.008284363
Copidita suturalis,Brachymeria psyche,0.007,0.008284363
Cryptorhynchus minutissimus,Brachymeria psyche,0.00075,0.008284363
Cucujidae,Brachymeria psyche,0.0155,0.008284363
Leptostylus,Brachymeria psyche,0.01,0.008284363
Lynchia albipennis,Brachymeria psyche,0.0055,0.008284363
Micronaspis floridana,Brachymeria psyche,0.0125,0.008284363
Olfersia sordida,Brachymeria psyche,0.0055,0.008284363
Oxydia,Brachymeria psyche,0.262111693,0.008284363
Pseudoacalles,Brachymeria psyche,0.00423,0.008284363
Scydmaenidae,Brachymeria psyche,0.003,0.008284363
Tachys occulator,Brachymeria psyche,0.0035,0.008284363
Rhizophora mangle,Kalotermes jouteli,0.057932236,0.008284363
Amblyseius,Carthasis decoratus,0.0004,0.009
Asca,Carthasis decoratus,5.3e-07,0.009
Automeris io,Carthasis decoratus,2.636851999,0.009
Cheyletia wellsi,Carthasis decoratus,4.83e-07,0.009
Galumna,Carthasis decoratus,0.0017,0.009
Neurothrips magnafemoraus,Carthasis decoratus,0.001874225,0.009
Pellonyssus,Carthasis decoratus,2.71e-06,0.009
Proctolaelaps,Carthasis decoratus,3.59e-06,0.009
Scaphytopius,Carthasis decoratus,0.0075,0.009
Tyrophagus putrescentiae,Carthasis decoratus,1.17e-06,0.009
Blissus insularis,Metatropiphorus belfragei,0.004,0.009
Carpoglyphus lactis,Metatropiphorus belfragei,1.09e-06,0.009
Entonyssus,Metatropiphorus belfragei,0.021508161,0.009
Haplothrips flavipes,Metatropiphorus belfragei,0.002532042,0.009
Nemapogon,Metatropiphorus belfragei,0.025336077,0.009
Neurothrips magnafemoraus,Metatropiphorus belfragei,0.001874225,0.009
Pellonyssus,Metatropiphorus belfragei,2.71e-06,0.009
Phoebis agarithe,Metatropiphorus belfragei,5.536546454,0.009
Saproglyphidae,Metatropiphorus belfragei,0.008,0.009
Scaphytopius,Metatropiphorus belfragei,0.0075,0.009
Tydeidae,Metatropiphorus belfragei,0.0002,0.009
Tyrophagus putrescentiae,Metatropiphorus belfragei,1.17e-06,0.009
Aedes taeniorhynchus,Stoidis aurata,0.0035,0.009
Aleurothrixus,Stoidis aurata,0.0025,0.009
Anyphaena,Stoidis aurata,0.006,0.009
Arunta interclusa,Stoidis aurata,0.787365181,0.009
Ascia monuste,Stoidis aurata,6.828348317,0.009
Ataxia,Stoidis aurata,0.023,0.009
Automeris io,Stoidis aurata,2.636851999,0.009
Ballus,Stoidis aurata,0.004,0.009
Ceroplastes,Stoidis aurata,0.005,0.009
Chauliognathus marginatus,Stoidis aurata,0.0095,0.009
Chrysobothris,Stoidis aurata,0.0136,0.009
Chrysomelidae,Stoidis aurata,0.0105,0.009
Colobopsis,Stoidis aurata,0.003869709,0.009
Copidita suturalis,Stoidis aurata,0.007,0.009
Cryptorama minutum,Stoidis aurata,0.005,0.009
Dictyna,Stoidis aurata,0.00325,0.009
Dufouriellus afer,Stoidis aurata,0.0035,0.009
Ecdytolopha,Stoidis aurata,0.148376753,0.009
Eustala,Stoidis aurata,0.008,0.009
Flatoidinus punctatus,Stoidis aurata,0.0115,0.009
Gasteracantha ellipsoides,Stoidis aurata,0.007,0.009
Holoparamecus,Stoidis aurata,2,0.009
Maevia vittata,Stoidis aurata,0.007,0.009
Melipotis,Stoidis aurata,0.40131981,0.009
Metatropiphorus belfragei,Stoidis aurata,0.009,0.009
Metepeira labyrinthea,Stoidis aurata,0.012,0.009
Monomorium floricola,Stoidis aurata,0.000455048,0.009
Nephila clavipes,Stoidis aurata,0.032,0.009
Neurotmeta breviceps,Stoidis aurata,0.008,0.009
Oiketicus abbottii,Stoidis aurata,0.071247903,0.009
Oxycopis,Stoidis aurata,0.007,0.009
Paracryptocerus varians,Stoidis aurata,0.00744984,0.009
Paraleyrodes,Stoidis aurata,0.0025,0.009
Paratrechina bourbonica,Stoidis aurata,0.00114621,0.009
Phocides batabano,Stoidis aurata,1.36330884,0.009
Phoebis agarithe,Stoidis aurata,5.536546454,0.009
Pseudoacalles,Stoidis aurata,0.00423,0.009
Pseudococcus,Stoidis aurata,-999,0.009
Scytodes,Stoidis aurata,4.75,0.009
Sergiolus,Stoidis aurata,0.0039,0.009
Tholeria reversalis,Stoidis aurata,0.578053133,0.009
Tricorynus,Stoidis aurata,0.005,0.009
Xenomyrmex floridanus,Stoidis aurata,0.000760079,0.009
Rhizophora mangle,Chauliognathus marginatus,0.057932236,0.0095
Apidae,Ariadna arthuri,0.001671743,0.01
Melipotis,Ariadna arthuri,0.40131981,0.01
Phocides batabano,Ariadna arthuri,1.36330884,0.01
Phoebis agarithe,Ariadna arthuri,5.536546454,0.01
Tholeria reversalis,Ariadna arthuri,0.578053133,0.01
Apidae,Tetragnatha,0.001671743,0.01
Apocrita,Tetragnatha,0.826845887,0.01
Bema ydda,Tetragnatha,0.205558315,0.01
Cecidomyidae,Tetragnatha,0.003,0.01
Ecdytolopha,Tetragnatha,0.148376753,0.01
Flatoidinus punctatus,Tetragnatha,0.0115,0.01
Lynchia albipennis,Tetragnatha,0.0055,0.01
Melipotis,Tetragnatha,0.40131981,0.01
Membracidae,Tetragnatha,0.0085,0.01
Neurotmeta breviceps,Tetragnatha,0.008,0.01
Odonata,Tetragnatha,0.399604248,0.01
Oiketicus abbottii,Tetragnatha,0.071247903,0.01
Orgygia detrita,Tetragnatha,0.313497562,0.01
Pseudococcus,Tetragnatha,-999,0.01
Scaphytopius,Tetragnatha,0.0075,0.01
Syrphidae,Tetragnatha,0.015,0.01
Rhizophora mangle,Actenodes auronotata,0.057932236,0.0115
Acanalonia latifrons,Metacyrba undata,0.011,0.0115
Alarodia slossoniae,Metacyrba undata,0.055875412,0.0115
Anyphaena,Metacyrba undata,0.006,0.0115
Arunta interclusa,Metacyrba undata,0.787365181,0.0115
Ataxia,Metacyrba undata,0.023,0.0115
Automeris io,Metacyrba undata,2.636851999,0.0115
Aysha velox,Metacyrba undata,0.0065,0.0115
Ballus,Metacyrba undata,0.004,0.0115
Bema ydda,Metacyrba undata,0.205558315,0.0115
Bembidion contractum,Metacyrba undata,0.0051,0.0115
Blissus insularis,Metacyrba undata,0.004,0.0115
Carthasis decoratus,Metacyrba undata,0.009,0.0115
Chauliognathus marginatus,Metacyrba undata,0.0095,0.0115
Chrysomelidae,Metacyrba undata,0.0105,0.0115
Cucujidae,Metacyrba undata,0.0155,0.0115
Eriophora,Metacyrba undata,0.014,0.0115
Gnaphosa,Metacyrba undata,0.0066,0.0115
Hentzia palmarum,Metacyrba undata,0.006,0.0115
Leptostylus,Metacyrba undata,0.01,0.0115
Leucauge venusta,Metacyrba undata,0.00675,0.0115
Lynchia albipennis,Metacyrba undata,0.0055,0.0115
Meioneta,Metacyrba undata,0.00175,0.0115
Melipotis,Metacyrba undata,0.40131981,0.0115
Membracidae,Metacyrba undata,0.0085,0.0115
Micronaspis floridana,Metacyrba undata,0.0125,0.0115
Oebalus pugnax,Metacyrba undata,0.009,0.0115
Oliarus,Metacyrba undata,0.0065,0.0115
Oxydia,Metacyrba undata,0.262111693,0.0115
Pseudococcus,Metacyrba undata,-999,0.0115
Pyraustidae,Metacyrba undata,0.027,0.0115
Sapintus fulvipes,Metacyrba undata,0.007,0.0115
Scytodes,Metacyrba undata,4.75,0.0115
Styloleptus biustus,Metacyrba undata,0.0065,0.0115
Tachys occulator,Metacyrba undata,0.0035,0.0115
Tricorynus,Metacyrba undata,0.005,0.0115
Vacusus vicinus,Metacyrba undata,0.007,0.0115
Acanalonia latifrons,Metepeira labyrinthea,0.011,0.012
Aedes taeniorhynchus,Metepeira labyrinthea,0.0035,0.012
Aleurothrixus,Metepeira labyrinthea,0.0025,0.012
Anisomeristes,Metepeira labyrinthea,3.62e-05,0.012
Apidae,Metepeira labyrinthea,0.001671743,0.012
Apocrita,Metepeira labyrinthea,0.826845887,0.012
Automeris io,Metepeira labyrinthea,2.636851999,0.012
Bembidion contractum,Metepeira labyrinthea,0.0051,0.012
Brachymeria psyche,Metepeira labyrinthea,0.008284363,0.012
Camponotus tortuganus,Metepeira labyrinthea,0.013570258,0.012
Cecidomyidae,Metepeira labyrinthea,0.003,0.012
Ceroplastes,Metepeira labyrinthea,0.005,0.012
Chrysopa,Metepeira labyrinthea,0.017427594,0.012
Colobopsis,Metepeira labyrinthea,0.003869709,0.012
Cucujidae,Metepeira labyrinthea,0.0155,0.012
Cycloptilum,Metepeira labyrinthea,0.018459537,0.012
Cyrtoxipha,Metepeira labyrinthea,0.018459537,0.012
Entedontini,Metepeira labyrinthea,0.000722205,0.012
Hypoponera opacior,Metepeira labyrinthea,0.00114621,0.012
Iphiaulax epicus,Metepeira labyrinthea,0.001671743,0.012
Latiblattella,Metepeira labyrinthea,0.057932236,0.012
Lynchia albipennis,Metepeira labyrinthea,0.0055,0.012
Macrocentrus,Metepeira labyrinthea,0.001671743,0.012
Melanophthalma floridana,Metepeira labyrinthea,0.002,0.012
Melipotis,Metepeira labyrinthea,0.40131981,0.012
Membracidae,Metepeira labyrinthea,0.0085,0.012
Metatropiphorus belfragei,Metepeira labyrinthea,0.009,0.012
Nemapogon,Metepeira labyrinthea,0.025336077,0.012
Neurotmeta breviceps,Metepeira labyrinthea,0.008,0.012
Orocharis gryllodes,Metepeira labyrinthea,0.083718572,0.012
Oxacis,Metepeira labyrinthea,0.007,0.012
Pachodynerus nasidens,Metepeira labyrinthea,0.053463429,0.012
Pentacora sphacelata,Metepeira labyrinthea,0.032069663,0.012
Pseudoacalles,Metepeira labyrinthea,0.00423,0.012
Pseudococcus,Metepeira labyrinthea,-999,0.012
Pseudomyrmex elongatus,Metepeira labyrinthea,0.016248394,0.012
Pyraustidae,Metepeira labyrinthea,0.027,0.012
Scaphytopius,Metepeira labyrinthea,0.0075,0.012
Scydmaenidae,Metepeira labyrinthea,0.003,0.012
Styloleptus biustus,Metepeira labyrinthea,0.0065,0.012
Tapinoma littorale,Metepeira labyrinthea,0.000398141,0.012
Trischidias atoma,Metepeira labyrinthea,0.0025,0.012
Vacusus vicinus,Metepeira labyrinthea,0.007,0.012
Xenomyrmex floridanus,Metepeira labyrinthea,0.000760079,0.012
Rhizophora mangle,Camponotus floridanus,0.057932236,0.013570258
Ceroplastes,Camponotus tortuganus,0.005,0.013570258
Rhizophora mangle,Camponotus tortuganus,0.057932236,0.013570258
Automeris io,Eriophora,2.636851999,0.014
Bema ydda,Eriophora,0.205558315,0.014
Melipotis,Eriophora,0.40131981,0.014
Orgygia detrita,Eriophora,0.313497562,0.014
Phocides batabano,Eriophora,1.36330884,0.014
Phoebis agarithe,Eriophora,5.536546454,0.014
Pyraustidae,Eriophora,0.027,0.014
Acanalonia latifrons,Syrphidae,0.011,0.015
Arunta interclusa,Syrphidae,0.787365181,0.015
Blissus insularis,Syrphidae,0.004,0.015
Flatoidinus punctatus,Syrphidae,0.0115,0.015
Neurotmeta breviceps,Syrphidae,0.008,0.015
Pseudococcus,Syrphidae,-999,0.015
Bdella,Cucujidae,8.52e-06,0.0155
Carpoglyphus lactis,Cucujidae,1.09e-06,0.0155
Entonyssus,Cucujidae,0.021508161,0.0155
Melichares,Cucujidae,3.59e-06,0.0155
Rhizoglyphus callae,Cucujidae,5.5e-06,0.0155
Scheloribates,Cucujidae,0.000282,0.0155
Sphaerolophus,Cucujidae,6.37e-05,0.0155
Tetranychus,Cucujidae,0.000415,0.0155
Tydeidae,Cucujidae,0.0002,0.0155
Ectopsocopsis cryptomeriae,Pseudomyrmex elongatus,0.00325,0.016248394
Ectopsocus,Pseudomyrmex elongatus,0.00325,0.016248394
Trogiomorpha,Pseudomyrmex elongatus,0.00325,0.016248394
Arunta interclusa,Chrysopa,0.787365181,0.017427594
Ceroplastes,Chrysopa,0.005,0.017427594
Neurotmeta breviceps,Chrysopa,0.008,0.017427594
Detritus,Cycloptilum,-999,0.018459537
Detritus,Cyrtoxipha,-999,0.018459537
Rhizophora mangle,Cyrtoxipha,0.057932236,0.018459537
Chauliognathus marginatus,Labidura riparia,0.0095,0.0215
Chrysobothris,Labidura riparia,0.0136,0.0215
Copidita suturalis,Labidura riparia,0.007,0.0215
Cryptorama minutum,Labidura riparia,0.005,0.0215
Cryptorhynchus minutissimus,Labidura riparia,0.00075,0.0215
Cucujidae,Labidura riparia,0.0155,0.0215
Holoparamecus,Labidura riparia,2,0.0215
Lynchia albipennis,Labidura riparia,0.0055,0.0215
Melanophthalma floridana,Labidura riparia,0.002,0.0215
Olfersia sordida,Labidura riparia,0.0055,0.0215
Oxacis,Labidura riparia,0.007,0.0215
Rhizophora mangle,Labidura riparia,0.057932236,0.0215
Sapintus fulvipes,Labidura riparia,0.007,0.0215
Scydmaenidae,Labidura riparia,0.003,0.0215
Staphylinidae,Labidura riparia,0.0476,0.0215
Tricorynus,Labidura riparia,0.005,0.0215
Trischidias atoma,Labidura riparia,0.0025,0.0215
Vacusus vicinus,Labidura riparia,0.007,0.0215
Fungi,Nemapogon,4.46244769,0.025336077
Actinopteryx fucicola,Dolomedes,0.000866,0.03
Anisomeristes,Dolomedes,3.62e-05,0.03
Anurida maritima,Dolomedes,0.00065,0.03
Aratus pisonii,Dolomedes,0.311301534,0.03
Axelsonia littoralis,Dolomedes,0.00074676,0.03
Bembidion contractum,Dolomedes,0.0051,0.03
Ligia exotica,Dolomedes,1.348779475,0.03
Odonata,Dolomedes,0.399604248,0.03
Tachys occulator,Dolomedes,0.0035,0.03
Veigaia,Dolomedes,0.000795,0.03
Actenodes auronotata,Nephila clavipes,0.0115,0.032
Actinopteryx fucicola,Nephila clavipes,0.000866,0.032
Apanteles hemileucae,Nephila clavipes,0.001671743,0.032
Brachymeria psyche,Nephila clavipes,0.008284363,0.032
Calliephialtes ferrugineus,Nephila clavipes,0.098554409,0.032
Camponotus floridanus,Nephila clavipes,0.013570258,0.032
Cecidomyidae,Nephila clavipes,0.003,0.032
Cephalonomia waterstoni,Nephila clavipes,0.002300114,0.032
Chauliognathus marginatus,Nephila clavipes,0.0095,0.032
Chrysobothris,Nephila clavipes,0.0136,0.032
Cryptorhynchus minutissimus,Nephila clavipes,0.00075,0.032
Cucujidae,Nephila clavipes,0.0155,0.032
Cycloptilum,Nephila clavipes,0.018459537,0.032
Cyrtoxipha,Nephila clavipes,0.018459537,0.032
Ecphylus,Nephila clavipes,0.001671743,0.032
Entedontini,Nephila clavipes,0.000722205,0.032
Flatoidinus punctatus,Nephila clavipes,0.0115,0.032
Iphiaulax epicus,Nephila clavipes,0.001671743,0.032
Micronaspis floridana,Nephila clavipes,0.0125,0.032
Monomorium floricola,Nephila clavipes,0.000455048,0.032
Olfersia sordida,Nephila clavipes,0.0055,0.032
Ooencyrtus submetallicus,Nephila clavipes,0.000398141,0.032
Orocharis gryllodes,Nephila clavipes,0.083718572,0.032
Oxycopis,Nephila clavipes,0.007,0.032
Poecilipa rhizophorae,Nephila clavipes,0.000875,0.032
Polistes,Nephila clavipes,0.016248394,0.032
Pseudococcus,Nephila clavipes,-999,0.032
Pseudomyrmex elongatus,Nephila clavipes,0.016248394,0.032
Scydmaenidae,Nephila clavipes,0.003,0.032
Staphylinidae,Nephila clavipes,0.0476,0.032
Styloleptus biustus,Nephila clavipes,0.0065,0.032
Syrphidae,Nephila clavipes,0.015,0.032
Tachys occulator,Nephila clavipes,0.0035,0.032
Tapinoma littorale,Nephila clavipes,0.000398141,0.032
Telonemus,Nephila clavipes,0.000921608,0.032
Vacusus vicinus,Nephila clavipes,0.007,0.032
Anurida maritima,Pentacora sphacelata,0.00065,0.032069663
Odonata,Pentacora sphacelata,0.399604248,0.032069663
Eustala,Trypoxylon collinum,0.008,0.040552112
Actinopteryx fucicola,Pachodynerus nasidens,0.000866,0.053463429
Bembidion contractum,Pachodynerus nasidens,0.0051,0.053463429
Chrysobothris,Pachodynerus nasidens,0.0136,0.053463429
Chrysomelidae,Pachodynerus nasidens,0.0105,0.053463429
Cryptorama minutum,Pachodynerus nasidens,0.005,0.053463429
Holoparamecus,Pachodynerus nasidens,2,0.053463429
Leptostylus,Pachodynerus nasidens,0.01,0.053463429
Melipotis,Pachodynerus nasidens,0.40131981,0.053463429
Oxydia,Pachodynerus nasidens,0.262111693,0.053463429
Phocides batabano,Pachodynerus nasidens,1.36330884,0.053463429
Phoebis agarithe,Pachodynerus nasidens,5.536546454,0.053463429
Scydmaenidae,Pachodynerus nasidens,0.003,0.053463429
Staphylinidae,Pachodynerus nasidens,0.0476,0.053463429
Styloleptus biustus,Pachodynerus nasidens,0.0065,0.053463429
Tholeria reversalis,Pachodynerus nasidens,0.578053133,0.053463429
Rhizophora mangle,Alarodia slossoniae,0.057932236,0.055875412
Detritus,Latiblattella,-999,0.057932236
Rhizophora mangle,Oiketicus abbottii,0.057932236,0.071247903
Rhizophora mangle,Orocharis gryllodes,0.057932236,0.083718572
Detritus,Tafaliscu lurida,-999,0.083718572
Rhizophora mangle,Tafaliscu lurida,0.057932236,0.083718572
Actinopteryx fucicola,Calliephialtes ferrugineus,0.000866,0.098554409
Aedes taeniorhynchus,Calliephialtes ferrugineus,0.0035,0.098554409
Apanteles hemileucae,Calliephialtes ferrugineus,0.001671743,0.098554409
Apidae,Calliephialtes ferrugineus,0.001671743,0.098554409
Apocrita,Calliephialtes ferrugineus,0.826845887,0.098554409
Automeris io,Calliephialtes ferrugineus,2.636851999,0.098554409
Ballus,Calliephialtes ferrugineus,0.004,0.098554409
Bema ydda,Calliephialtes ferrugineus,0.205558315,0.098554409
Brachymeria psyche,Calliephialtes ferrugineus,0.008284363,0.098554409
Brachymyrmex,Calliephialtes ferrugineus,0.000398141,0.098554409
Callihormius bifasciatus,Calliephialtes ferrugineus,0.001671743,0.098554409
Camponotus planatus,Calliephialtes ferrugineus,0.003869709,0.098554409
Cephalonomia waterstoni,Calliephialtes ferrugineus,0.002300114,0.098554409
Chrysomelidae,Calliephialtes ferrugineus,0.0105,0.098554409
Crematogaster ashmeadi,Calliephialtes ferrugineus,0.001558448,0.098554409
Cucujidae,Calliephialtes ferrugineus,0.0155,0.098554409
Dictyna,Calliephialtes ferrugineus,0.00325,0.098554409
Entedontini,Calliephialtes ferrugineus,0.000722205,0.098554409
Eustala,Calliephialtes ferrugineus,0.008,0.098554409
Gnaphosa,Calliephialtes ferrugineus,0.0066,0.098554409
Hentzia palmarum,Calliephialtes ferrugineus,0.006,0.098554409
Holoparamecus,Calliephialtes ferrugineus,2,0.098554409
Hypoponera opacior,Calliephialtes ferrugineus,0.00114621,0.098554409
Leptostylus,Calliephialtes ferrugineus,0.01,0.098554409
Leucauge venusta,Calliephialtes ferrugineus,0.00675,0.098554409
Melanophthalma floridana,Calliephialtes ferrugineus,0.002,0.098554409
Melittobia chalybii,Calliephialtes ferrugineus,0.000722205,0.098554409
Metacyrba undata,Calliephialtes ferrugineus,0.0115,0.098554409
Micronaspis floridana,Calliephialtes ferrugineus,0.0125,0.098554409
Nemapogon,Calliephialtes ferrugineus,0.025336077,0.098554409
Ooencyrtus submetallicus,Calliephialtes ferrugineus,0.000398141,0.098554409
Oxycopis,Calliephialtes ferrugineus,0.007,0.098554409
Paraphidippus flavus,Calliephialtes ferrugineus,0.008,0.098554409
Phoebis agarithe,Calliephialtes ferrugineus,5.536546454,0.098554409
Poecilipa rhizophorae,Calliephialtes ferrugineus,0.000875,0.098554409
Polistes,Calliephialtes ferrugineus,0.016248394,0.098554409
Probaryconus,Calliephialtes ferrugineus,0.000921608,0.098554409
Pseudomyrmex elongatus,Calliephialtes ferrugineus,0.016248394,0.098554409
Scydmaenidae,Calliephialtes ferrugineus,0.003,0.098554409
Scytodes,Calliephialtes ferrugineus,4.75,0.098554409
Sergiolus,Calliephialtes ferrugineus,0.0039,0.098554409
Theridion,Calliephialtes ferrugineus,0.0023,0.098554409
Tholeria reversalis,Calliephialtes ferrugineus,0.578053133,0.098554409
Trypoxylon collinum,Calliephialtes ferrugineus,0.040552112,0.098554409
Vacusus vicinus,Calliephialtes ferrugineus,0.007,0.098554409
Actenodes auronotata,Casinaria texana,0.0115,0.098554409
Aedes taeniorhynchus,Casinaria texana,0.0035,0.098554409
Anyphaena,Casinaria texana,0.006,0.098554409
Argiope argentata,Casinaria texana,0.00459071,0.098554409
Argyrodes nephilae,Casinaria texana,0.0077,0.098554409
Ascia monuste,Casinaria texana,6.828348317,0.098554409
Bema ydda,Casinaria texana,0.205558315,0.098554409
Bembidion contractum,Casinaria texana,0.0051,0.098554409
Brachymeria psyche,Casinaria texana,0.008284363,0.098554409
Brachymyrmex,Casinaria texana,0.000398141,0.098554409
Calliephialtes ferrugineus,Casinaria texana,0.098554409,0.098554409
Cephalonomia waterstoni,Casinaria texana,0.002300114,0.098554409
Chauliognathus marginatus,Casinaria texana,0.0095,0.098554409
Crematogaster ashmeadi,Casinaria texana,0.001558448,0.098554409
Ecdytolopha,Casinaria texana,0.148376753,0.098554409
Euchrysia,Casinaria texana,0.003869709,0.098554409
Euderus,Casinaria texana,0.000722205,0.098554409
Gasteracantha ellipsoides,Casinaria texana,0.007,0.098554409
Gnaphosa,Casinaria texana,0.0066,0.098554409
Hentzia palmarum,Casinaria texana,0.006,0.098554409
Heterospilus,Casinaria texana,0.001671743,0.098554409
Holoparamecus,Casinaria texana,2,0.098554409
Leucauge venusta,Casinaria texana,0.00675,0.098554409
Maevia vittata,Casinaria texana,0.007,0.098554409
Mangora,Casinaria texana,0.006,0.098554409
Melipotis,Casinaria texana,0.40131981,0.098554409
Micronaspis floridana,Casinaria texana,0.0125,0.098554409
Monomorium floricola,Casinaria texana,0.000455048,0.098554409
Nephila clavipes,Casinaria texana,0.032,0.098554409
Nesepyris floridanus,Casinaria texana,0.002300114,0.098554409
Paracryptocerus varians,Casinaria texana,0.00744984,0.098554409
Paraphidippus flavus,Casinaria texana,0.008,0.098554409
Polistes,Casinaria texana,0.016248394,0.098554409
Probaryconus,Casinaria texana,0.000921608,0.098554409
Pseudomyrmex elongatus,Casinaria texana,0.016248394,0.098554409
Sapintus fulvipes,Casinaria texana,0.007,0.098554409
Sergiolus,Casinaria texana,0.0039,0.098554409
Staphylinidae,Casinaria texana,0.0476,0.098554409
Syrphidae,Casinaria texana,0.015,0.098554409
Tapinoma littorale,Casinaria texana,0.000398141,0.098554409
Telonemus,Casinaria texana,0.000921608,0.098554409
Theridion,Casinaria texana,0.0023,0.098554409
Tholeria reversalis,Casinaria texana,0.578053133,0.098554409
Uloborus,Casinaria texana,0.005,0.098554409
Vacusus vicinus,Casinaria texana,0.007,0.098554409
Rhizophora mangle,Ecdytolopha,0.057932236,0.148376753
Rhizophora mangle,Bema ydda,0.057932236,0.205558315
Cycloptilum,Orphnaeus brasilianus,0.018459537,0.22
Detritus,Aratus pisonii,-999,0.311301534
Rhizophora mangle,Turpilia rostrata,0.057932236,0.388073661
Actinopteryx fucicola,Odonata,0.000866,0.399604248
Anurida maritima,Odonata,0.00065,0.399604248
Axelsonia littoralis,Odonata,0.00074676,0.399604248
Ligia exotica,Odonata,1.348779475,0.399604248
Lynchia albipennis,Odonata,0.0055,0.399604248
Olfersia sordida,Odonata,0.0055,0.399604248
Staphylinidae,Odonata,0.0476,0.399604248
Tachys occulator,Odonata,0.0035,0.399604248
Veigaia,Odonata,0.000795,0.399604248
Rhizophora mangle,Tholeria reversalis,0.057932236,0.578053133
Rhizophora mangle,Littorina angulifera,0.057932236,0.588325869
Fungi,Holoparamecus,4.46244769,2
Aedes taeniorhynchus,Scytodes,0.0035,4.75
Alarodia slossoniae,Scytodes,0.055875412,4.75
Ascia monuste,Scytodes,6.828348317,4.75
Bema ydda,Scytodes,0.205558315,4.75
Cecidomyidae,Scytodes,0.003,4.75
Ecdytolopha,Scytodes,0.148376753,4.75
Melipotis,Scytodes,0.40131981,4.75
Phocides batabano,Scytodes,1.36330884,4.75
Rhizophora mangle,Ascia monuste,0.057932236,6.828348317
Actenodes auronotata,Dendroica,0.0115,8
Actinopteryx fucicola,Dendroica,0.000866,8
Aedes taeniorhynchus,Dendroica,0.0035,8
Aglaopteryx,Dendroica,0.054003595,8
Alarodia slossoniae,Dendroica,0.055875412,8
Amblyseius,Dendroica,0.0004,8
Anisomeristes,Dendroica,3.62e-05,8
Anurida maritima,Dendroica,0.00065,8
Anyphaena,Dendroica,0.006,8
Apanteles hemileucae,Dendroica,0.001671743,8
Apidae,Dendroica,0.001671743,8
Archipsocus panama,Dendroica,0.00325,8
Argiope argentata,Dendroica,0.00459071,8
Argyrodes nephilae,Dendroica,0.0077,8
Ariadna arthuri,Dendroica,0.01,8
Arunta interclusa,Dendroica,0.787365181,8
Ascia monuste,Dendroica,6.828348317,8
Ataxia,Dendroica,0.023,8
Automeris io,Dendroica,2.636851999,8
Axelsonia littoralis,Dendroica,0.00074676,8
Ballus,Dendroica,0.004,8
Bembidion contractum,Dendroica,0.0051,8
Brachymeria psyche,Dendroica,0.008284363,8
Brachymyrmex,Dendroica,0.000398141,8
Carthasis decoratus,Dendroica,0.009,8
Cecidomyidae,Dendroica,0.003,8
Cephalonomia waterstoni,Dendroica,0.002300114,8
Ceroplastes,Dendroica,0.005,8
Chrysomelidae,Dendroica,0.0105,8
Chrysopa,Dendroica,0.017427594,8
Crematogaster ashmeadi,Dendroica,0.001558448,8
Cryptorhynchus minutissimus,Dendroica,0.00075,8
Cucujidae,Dendroica,0.0155,8
Diradius caribbeana,Dendroica,0.0055,8
Dolomedes,Dendroica,0.03,8
Ecphylus,Dendroica,0.001671743,8
Ectopsocopsis cryptomeriae,Dendroica,0.00325,8
Ectopsocus,Dendroica,0.00325,8
Embidopsocus laticeps,Dendroica,0.00325,8
Entedontini,Dendroica,0.000722205,8
Euchrysia,Dendroica,0.003869709,8
Gnaphosa,Dendroica,0.0066,8
Holoparamecus,Dendroica,2,8
Iphiaulax epicus,Dendroica,0.001671743,8
Kalotermes jouteli,Dendroica,0.008284363,8
Labidura riparia,Dendroica,0.0215,8
Latiblattella,Dendroica,0.057932236,8
Leptostylus,Dendroica,0.01,8
Liothrips,Dendroica,0.001874225,8
Macrocentrus,Dendroica,0.001671743,8
Mangora,Dendroica,0.006,8
Meioneta,Dendroica,0.00175,8
Melipotis,Dendroica,0.40131981,8
Melittobia chalybii,Dendroica,0.000722205,8
Membracidae,Dendroica,0.0085,8
Metacyrba undata,Dendroica,0.0115,8
Metatropiphorus belfragei,Dendroica,0.009,8
Metepeira labyrinthea,Dendroica,0.012,8
Micronaspis floridana,Dendroica,0.0125,8
Neanastatus,Dendroica,0.002300114,8
Nemapogon,Dendroica,0.025336077,8
Neotermes castaneus,Dendroica,0.006623951,8
Neurothrips magnafemoraus,Dendroica,0.001874225,8
Neurotmeta breviceps,Dendroica,0.008,8
Oiketicus abbottii,Dendroica,0.071247903,8
Olfersia sordida,Dendroica,0.0055,8
Ooencyrtus submetallicus,Dendroica,0.000398141,8
Ornitnonyssus bursa,Dendroica,3.77e-09,8
Orocharis gryllodes,Dendroica,0.083718572,8
Orphnaeus brasilianus,Dendroica,0.22,8
Paraphidippus flavus,Dendroica,0.008,8
Pauropoda,Dendroica,0.001387308,8
Peripsocus,Dendroica,0.00325,8
Phocides batabano,Dendroica,1.36330884,8
Pirata,Dendroica,0.00665,8
Poecilipa rhizophorae,Dendroica,0.000875,8
Pseudothrips inequalis,Dendroica,0.001874225,8
Rhizoglyphus callae,Dendroica,5.5e-06,8
Sapintus fulvipes,Dendroica,0.007,8
Scaphytopius,Dendroica,0.0075,8
Scleroderma macrogaster,Dendroica,0.002300114,8
Scydmaenidae,Dendroica,0.003,8
Scytodes,Dendroica,4.75,8
Sphaerolophus,Dendroica,6.37e-05,8
Syrphidae,Dendroica,0.015,8
Tachys occulator,Dendroica,0.0035,8
Tetranychus,Dendroica,0.000415,8
Theridion,Dendroica,0.0023,8
Tholeria reversalis,Dendroica,0.578053133,8
Trypoxylon collinum,Dendroica,0.040552112,8
Tydeidae,Dendroica,0.0002,8
Uloborus,Dendroica,0.005,8
Veigaia,Dendroica,0.000795,8
Acanalonia latifrons,Agelaius phoeniceus,0.011,54.5
Alarodia slossoniae,Agelaius phoeniceus,0.055875412,54.5
Amblyseius,Agelaius phoeniceus,0.0004,54.5
Archipsocus panama,Agelaius phoeniceus,0.00325,54.5
Arctoseius,Agelaius phoeniceus,5.3e-07,54.5
Argiope argentata,Agelaius phoeniceus,0.00459071,54.5
Arunta interclusa,Agelaius phoeniceus,0.787365181,54.5
Ascia monuste,Agelaius phoeniceus,6.828348317,54.5
Ataxia,Agelaius phoeniceus,0.023,54.5
Axelsonia littoralis,Agelaius phoeniceus,0.00074676,54.5
Bdella,Agelaius phoeniceus,8.52e-06,54.5
Belaphotroctes okalensis,Agelaius phoeniceus,0.00325,54.5
Bema ydda,Agelaius phoeniceus,0.205558315,54.5
Bembidion contractum,Agelaius phoeniceus,0.0051,54.5
Brachymyrmex,Agelaius phoeniceus,0.000398141,54.5
Calliephialtes ferrugineus,Agelaius phoeniceus,0.098554409,54.5
Camponotus tortuganus,Agelaius phoeniceus,0.013570258,54.5
Carpoglyphus lactis,Agelaius phoeniceus,1.09e-06,54.5
Chrysobothris,Agelaius phoeniceus,0.0136,54.5
Chrysomelidae,Agelaius phoeniceus,0.0105,54.5
Copidita suturalis,Agelaius phoeniceus,0.007,54.5
Cryptorama minutum,Agelaius phoeniceus,0.005,54.5
Cucujidae,Agelaius phoeniceus,0.0155,54.5
Diradius caribbeana,Agelaius phoeniceus,0.0055,54.5
Ecphylus,Agelaius phoeniceus,0.001671743,54.5
Ectopsocus,Agelaius phoeniceus,0.00325,54.5
Embidopsocus laticeps,Agelaius phoeniceus,0.00325,54.5
Entonyssus,Agelaius phoeniceus,0.021508161,54.5
Euchrysia,Agelaius phoeniceus,0.003869709,54.5
Eustala,Agelaius phoeniceus,0.008,54.5
Flatoidinus punctatus,Agelaius phoeniceus,0.0115,54.5
Haplothrips flavipes,Agelaius phoeniceus,0.002532042,54.5
Heterospilus,Agelaius phoeniceus,0.001671743,54.5
Iphiaulax epicus,Agelaius phoeniceus,0.001671743,54.5
Kalotermes jouteli,Agelaius phoeniceus,0.008284363,54.5
Lapisma sp.,Agelaius phoeniceus,0.057932236,54.5
Lasioseius sp.,Agelaius phoeniceus,3.59e-06,54.5
Latiblattella,Agelaius phoeniceus,0.057932236,54.5
Leucauge venusta,Agelaius phoeniceus,0.00675,54.5
Lichenomima,Agelaius phoeniceus,0.00325,54.5
Ligia exotica,Agelaius phoeniceus,1.348779475,54.5
Liothrips,Agelaius phoeniceus,0.001874225,54.5
Liposcelis bostrychophilus,Agelaius phoeniceus,0.00325,54.5
Lophoproctinus bartachi,Agelaius phoeniceus,0.0035,54.5
Lynchia albipennis,Agelaius phoeniceus,0.0055,54.5
Melanophthalma floridana,Agelaius phoeniceus,0.002,54.5
Metatropiphorus belfragei,Agelaius phoeniceus,0.009,54.5
Micronaspis floridana,Agelaius phoeniceus,0.0125,54.5
Nemapogon,Agelaius phoeniceus,0.025336077,54.5
Nephila clavipes,Agelaius phoeniceus,0.032,54.5
Nesepyris floridanus,Agelaius phoeniceus,0.002300114,54.5
Oebalus pugnax,Agelaius phoeniceus,0.009,54.5
Oliarus,Agelaius phoeniceus,0.0065,54.5
Ornitnonyssus bursa,Agelaius phoeniceus,3.77e-09,54.5
Paratrechina bourbonica,Agelaius phoeniceus,0.00114621,54.5
Pauropoda,Agelaius phoeniceus,0.001387308,54.5
Pellonyssus,Agelaius phoeniceus,2.71e-06,54.5
Peripsocus,Agelaius phoeniceus,0.00325,54.5
Probaryconus,Agelaius phoeniceus,0.000921608,54.5
Proctolaelaps,Agelaius phoeniceus,3.59e-06,54.5
Pseudoacalles,Agelaius phoeniceus,0.00423,54.5
Pseudococcus,Agelaius phoeniceus,-999,54.5
Pseudothrips inequalis,Agelaius phoeniceus,0.001874225,54.5
Psocidus texanus,Agelaius phoeniceus,0.00325,54.5
Pyraustidae,Agelaius phoeniceus,0.027,54.5
Sapintus fulvipes,Agelaius phoeniceus,0.007,54.5
Saproglyphidae,Agelaius phoeniceus,0.008,54.5
Scaphytopius,Agelaius phoeniceus,0.0075,54.5
Scydmaenidae,Agelaius phoeniceus,0.003,54.5
Scytodes,Agelaius phoeniceus,4.75,54.5
Sergiolus,Agelaius phoeniceus,0.0039,54.5
Tafaliscu lurida,Agelaius phoeniceus,0.083718572,54.5
Tapinoma littorale,Agelaius phoeniceus,0.000398141,54.5
Tetragnatha,Agelaius phoeniceus,0.01,54.5
Tetraluerodes,Agelaius phoeniceus,0.0025,54.5
Tetranychus,Agelaius phoeniceus,0.000415,54.5
Tricorynus,Agelaius phoeniceus,0.005,54.5
Trischidias atoma,Agelaius phoeniceus,0.0025,54.5
Trypoxylon collinum,Agelaius phoeniceus,0.040552112,54.5
Tyrannochelifer,Agelaius phoeniceus,0.00255,54.5
Xenomyrmex floridanus,Agelaius phoeniceus,0.000760079,54.5
Actinopteryx fucicola,Natrix,0.000866,100
Anisomeristes,Natrix,3.62e-05,100
Axelsonia littoralis,Natrix,0.00074676,100
Ligia exotica,Natrix,1.348779475,100
Pentacora sphacelata,Natrix,0.032069663,100
Trochopus plumbeus,Natrix,0.008,100
Veigaia,Natrix,0.000795,100
Aleurothrixus,Butorides virescens,0.0025,240
Carthasis decoratus,Butorides virescens,0.009,240
Littorina angulifera,Butorides virescens,0.588325869,240
Metatropiphorus belfragei,Butorides virescens,0.009,240
Odonata,Butorides virescens,0.399604248,240
Oebalus pugnax,Butorides virescens,0.009,240
Orius,Butorides virescens,0.0035,240
Tafaliscu lurida,Butorides virescens,0.083718572,240
Tetraluerodes,Butorides virescens,0.0025,240
Aedes taeniorhynchus,Phalacrocorax dilophus,0.0035,2568.732374
Axelsonia littoralis,Phalacrocorax dilophus,0.00074676,2568.732374
Bembidion contractum,Phalacrocorax dilophus,0.0051,2568.732374
Littorina angulifera,Phalacrocorax dilophus,0.588325869,2568.732374
Staphylinidae,Phalacrocorax dilophus,0.0476,2568.732374
Trochopus plumbeus,Phalacrocorax dilophus,0.008,2568.732374
Aratus pisonii,Pelecanus,0.311301534,3500
Littorina angulifera,Pelecanus,0.588325869,3500
