Score,Label
0.2575266,1
0.2575266,1
0.9998087,1
5.44936e-10,1
1,1
1,1
1,1
1,1
1,1
0.0002359929,1
0.7369949,1
0.9999037,1
0.9999999,1
1,1
0.1679598,1
0.0002178315,1
0.999998,1
1,1
2.928036e-05,1
0.001216144,1
1,1
0.001216144,1
0.999984,1
0.991841,1
1.83991e-11,1
1,1
1,1
8.069531e-10,1
1,1
0.5991769,1
0.01553276,1
0.08079665,1
0.02280611,1
0.7058393,1
0.9999744,1
0.00282887,1
4.223957e-06,1
0.5339566,1
0.9999872,1
0.9999983,1
1.643172e-06,1
0.7827825,1
1,1
0.9995549,1
0.9999942,1
0.9991578,1
0.005391073,1
0.9987684,1
0.01443818,1
0.9999999,1
0.2685937,1
0.9987684,1
0.9999497,1
0.240469,1
0.5438361,1
0.9957592,1
0.09015357,1
0.01959732,1
0.073811,1
0.005816931,1
0.9973893,1
0.6743785,1
0.0009078417,1
0.6743785,1
0.9238648,1
0.2379631,1
0.9902007,1
0.9976476,1
0.9973847,1
0.9906937,1
0.6888667,1
0.6172114,1
0.7279926,1
0.9999999,1
1,1
0.9952835,1
5.442258e-05,1
2.876548e-06,1
0.9998389,1
0.004704441,1
0.744494,1
0.0143887,1
0.9424146,1
0.9971819,1
0.9999231,1
0.9998517,1
0.03028597,1
0.9999895,1
0.9999231,1
0.9998389,1
1,1
0.0006920976,1
0.9866486,1
0.0004241293,1
1,1
0.1089644,1
1,1
0.5596004,1
1,1
0.9079448,1
0.5134044,1
0.06741314,1
0.03373941,1
1,1
0.166326,1
0.9999998,1
0.9999999,1
0.9997416,1
0.9835348,1
0.999094,1
1,1
1,1
0.1296587,1
0.822114,1
0.01430794,1
0.9999572,1
1.110369e-05,1
0.03811487,1
0.9988293,1
0.6126018,1
1,1
2.004218e-06,1
0.9999996,1
0.9999458,1
2.551846e-08,1
1,1
0.9999793,1
1.093588e-05,1
1,1
0.9999261,1
0.9999609,1
0.0007314751,1
1,1
0.9997962,1
7.858044e-05,1
0.9999998,1
3.870043e-05,1
1,1
0.9902493,1
0.9999965,1
1,1
1,1
1.306299e-05,1
0.9982842,1
2.020703e-07,1
0.9993777,1
0.9991073,1
0.2087861,1
0.5050432,1
0.7115817,1
0.9987333,1
0.01489659,1
0.01489659,1
0.9987333,1
0.01489659,1
0.01489659,1
1.275003e-05,1
4.419918e-05,1
0.01129378,1
0.17673,1
0.6126018,1
0.7058393,1
0.6126018,1
0.6126018,1
0.0004241293,1
0.7826129,1
0.8312695,1
0.08079665,1
0.7058393,1
0.04973685,1
0.08079665,1
0.0005544043,1
0.08079665,1
0.3115627,1
0.812476,1
4.6109e-08,1
0.6565323,1
0.859228,1
0.006442631,1
1,1
0.999995,1
8.202735e-05,1
0.0142093,1
0.9996111,1
0.506253,1
6.745399e-07,1
0.4930725,1
9.80918e-09,1
0.9998102,1
0.7230799,1
1,1
0.80552,1
0.998162,1
0.0001130428,1
0.9885204,1
6.417691e-05,1
0.9999957,1
0.549383,1
1,1
1,1
7.465481e-08,1
1,1
0.9981471,1
0.02810882,1
0.5812002,1
1,1
0.0001769119,1
0.9544501,1
0.9999776,1
0.9999437,1
0.002169829,1
1,1
1,1
1,1
1,1
1.305199e-08,1
0.106435,1
0.7058393,1
0.6126018,1
0.0001447838,1
0.5231126,1
0.0006133667,1
0.7058393,1
0.0004241293,1
0.9999826,1
0.7058393,1
0.998398,1
0.01508406,1
0.05028976,1
0.9501304,1
0.9352462,1
0.03881322,1
0.04209638,1
0.9743006,1
0.9999992,1
0.2874052,1
1.498137e-07,1
0.0006027888,1
0.166326,1
0.9999999,1
1,1
0.999999,1
0.2874052,1
0.9975179,1
0.2874052,1
0.2874052,1
0.9999995,1
0.2866808,1
0.1034842,1
0.9999985,1
0.2874052,1
1,1
0.9997795,1
0.9998083,1
0.9830946,1
0.3553074,1
0.9999993,1
0.9970951,1
1,1
0.859651,1
0.8444369,1
0.9999883,1
0.8638833,1
0.003079787,1
1,1
0.9925359,1
0.9730633,1
8.364211e-08,1
0.6225442,1
0.9999264,1
0.9998159,1
0.9986505,1
0.6126018,1
1,1
0.9005476,1
0.9713224,1
0.001120272,1
0.04873727,1
0.9798447,1
0.1651602,1
8.922865e-06,1
1,1
1,1
0.01699504,1
0.9999963,1
1,1
0.9998342,1
0.0005405922,1
1,1
0.9997479,1
4.31079e-10,1
1,1
4.838165e-09,1
0.0007560322,1
0.2575266,1
0.9993035,1
0.7830403,1
0.9847261,1
0.9988779,1
0.999949,1
0.9997931,1
0.9642183,1
0.8389633,1
0.999949,1
0.01472154,1
0.9997931,1
0.999949,1
5.432774e-05,1
0.9997931,1
1,1
0.0002754852,1
0.9997931,1
0.9997931,1
0.9906937,1
0.9997931,1
0.9997931,1
0.9997931,1
0.9997931,1
0.7847079,1
0.1778974,1
0.0003572195,1
0.9609915,1
0.9997931,1
0.999949,1
0.8864248,1
0.9993671,1
0.9999791,1
1,1
0.9996237,1
0.04666264,1
0.0424028,1
0.0003527218,1
1,1
0.9999999,1
0.9933616,1
0.0002644707,1
1.29637e-05,1
3.713436e-05,1
0.003203386,1
0.9463397,1
0.9998342,1
0.004914669,1
0.0121806,1
0.9994441,1
0.9094952,1
0.9999963,1
0.00210971,1
0.0005550034,1
0.2575266,1
0.9999985,1
0.989759,1
0.9980993,1
1,1
0.9999995,1
0.2998995,1
0.9990239,1
0.9999977,1
0.992717,1
0.7827825,1
7.570243e-05,1
0.0009078417,1
0.9999998,1
0.9352866,1
5.60487e-09,1
0.2618176,1
1,1
0.5637817,1
0.01191619,1
0.9994999,1
0.9953603,1
0.9793449,1
0.0003949607,1
0.9981999,1
0.9999486,1
0.05654874,1
0.9999366,1
0.9885432,1
1,1
0.9999999,1
0.9858187,1
8.268184e-08,1
1,1
0.001549516,1
1,1
0.9226048,1
0.9858187,1
8.268184e-08,1
0.997987,1
1,1
0.6877892,1
8.268184e-08,1
0.9968081,1
0.9999998,1
0.9996648,1
8.268184e-08,1
0.9700382,1
1,1
8.268184e-08,1
0.4077153,1
0.00151864,1
0.9700382,1
0.7183487,1
1,1
8.268184e-08,1
0.9955049,1
0.7654785,1
0.09726948,1
0.166326,1
0.7058393,1
0.06593931,1
0.2045153,1
0.6126018,1
0.7058393,1
0.7058393,1
0.08079665,1
0.7058393,1
0.2575266,1
0.2575266,1
0.9999994,1
1,1
1,1
0.9999518,1
0.01308347,1
1,1
0.9999989,1
0.001748655,1
0.2944723,1
1,1
1,1
1,1
0.009641731,1
0.9987134,1
0.03826192,1
0.9960904,1
3.344769e-05,1
3.344769e-05,1
0.0001498254,1
0.9892714,1
0.7058393,1
0.01650006,1
0.4787978,1
4.681101e-06,1
0.9999998,1
7.492857e-05,1
0.9750426,1
1,1
0.9121343,1
0.01509572,1
0.9998916,1
0.003641484,1
0.9998664,1
0.9999969,1
0.12999,1
0.9999936,1
0.9996673,1
0.3048109,1
0.9999998,1
0.9999121,1
0.00724028,1
0.006224217,1
0.7058393,1
0.0004576101,1
0.0005751325,1
0.9388647,1
7.302983e-05,1
0.002174865,1
0.9450009,1
0.3693165,1
0.9929836,1
0.0004576101,1
0.999837,1
0.9903089,1
0.9999988,1
0.0005751325,1
0.9929836,1
0.9793449,1
0.02757528,1
0.9984329,1
0.0004576101,1
0.01311064,1
0.9647712,1
1,1
0.0004576101,1
0.9999996,1
0.0004576101,1
0.4880883,1
0.4880883,1
0.0004576101,1
0.0005751325,1
0.0004576101,1
0.9997942,1
0.4880883,1
5.707541e-05,1
0.9999998,1
0.0004576101,1
0.9999973,1
0.9929836,1
0.002193112,1
0.9647712,1
0.7826129,1
0.4236838,1
0.8312695,1
0.08079665,1
0.7058393,1
0.9964935,1
0.9994277,1
0.9915583,1
0.9999985,1
0.04291722,1
0.9701515,1
0.009641731,1
0.4553227,1
0.002265076,1
0.0003290175,1
0.001597169,1
0.1256403,1
0.034899,1
0.9998684,1
0.9996118,1
0.9348309,1
1,1
0.9999707,1
0.9221493,1
0.9964935,1
0.9841845,1
0.99133,1
0.7956418,1
0.9999874,1
0.9038541,1
0.9986456,1
0.06073076,1
0.0001829157,1
0.2035393,1
0.9998796,1
0.9958249,1
0.9961476,1
0.3234119,1
0.004111642,1
0.9999049,1
0.9997428,1
1,1
0.8861555,1
0.01311807,1
0.9957485,1
0.9998796,1
0.999962,1
0.9920861,1
1,1
0.9998796,1
0.9999907,1
0.002193112,1
5.273936e-05,1
0.7058393,1
0.998398,1
0.7058393,1
0.6303138,1
0.4800901,1
1.518175e-06,1
0.5231126,1
0.009268504,1
0.06185601,1
0.000162659,1
0.003271087,1
0.08079665,1
0.6126018,1
0.7058393,1
1,1
0.1486914,1
0.9999988,1
0.9999996,1
0.9999738,1
0.7959674,1
0.01297,1
0.6709854,1
0.0002873216,1
0.8178377,1
0.02089162,1
0.1598278,1
0.8953134,1
0.7264373,1
0.999592,1
0.03060762,1
0.6611555,1
0.0001277612,1
0.2575266,1
0.998359,1
0.7058393,1
0.5231126,1
0.009268504,1
0.7058393,1
0.9922299,1
0.4275468,1
0.9810143,1
0.9999996,1
1.349371e-08,1
0.001389547,1
0.999997,1
0.2641589,1
1,1
1,1
1,1
0.9991737,1
1.048808e-06,1
1.429305e-06,1
0.9999949,1
1,1
0.9679961,1
9.480762e-05,1
0.6803719,1
0.9788309,1
0.9985317,1
1,1
1,1
0.9999454,1
1,1
0.9998978,1
0.03053562,1
1,1
0.9997681,1
1.024773e-08,1
0.9999669,1
0.9998699,1
1.615879e-08,1
0.9999866,1
1,1
0.0007827176,1
1,1
0.7355919,1
1,1
0.004211642,1
0.9993106,1
0.01074041,1
0.09291571,1
0.9999995,1
1.024773e-08,1
0.0008873009,1
0.01074041,1
0.9998981,1
1,1
0.0002323891,1
4.543518e-09,1
1,1
1,1
0.7058393,1
0.08079665,1
0.6126018,1
0.8270108,1
0.03148927,1
0.0001211414,1
0.9999974,1
0.4525906,1
0.6126018,1
0.01841467,1
0.009268504,1
0.0001186999,1
0.7058393,1
0.7058393,1
0.0002536188,1
0.5231126,1
0.7058393,1
0.2575266,1
0.166326,1
0.0008839542,1
0.6126018,1
0.7058393,1
0.8270108,1
0.9671776,1
0.6126018,1
0.0002890076,1
0.0001211414,1
0.9999974,1
0.2328834,1
0.08761841,1
0.9999889,1
0.9999372,1
0.9999834,1
5.977427e-08,1
0.9999964,1
0.8789217,1
1,1
0.9999998,1
0.9999372,1
0.03498816,1
1,1
0.9999939,1
0.9999994,1
1,1
0.9885204,1
0.8081473,1
0.9999994,1
0.2618176,1
0.9885679,1
3.435258e-05,1
0.9926603,1
0.000376263,1
0.6126018,1
0.7058393,1
0.6770472,1
0.1879715,1
0.1405512,1
0.03975996,1
0.9999968,1
3.684719e-05,1
0.9871064,1
0.0266386,1
0.999956,1
0.1405512,1
0.9997163,1
0.0450037,1
0.9868816,1
0.04962092,1
0.9996092,1
0.9996157,1
0.5138881,1
0.5138881,1
0.3665756,1
0.9999998,1
5.681898e-08,1
1,1
0.999997,1
0.3665756,1
0.01638748,1
0.9990761,1
5.725916e-08,1
0.3665756,1
1,1
0.1696026,1
0.9999955,1
0.9999118,1
1.08371e-06,1
0.0447444,1
0.3665756,1
0.5838931,1
0.999999,1
0.9924886,1
1,1
0.0447444,1
0.3665756,1
0.9999955,1
0.0008839542,1
0.6126018,1
0.7058393,1
0.2575266,1
0.7058393,1
0.2575266,1
0.812476,1
0.8064972,1
2.15235e-06,1
0.984536,1
0.8064972,1
7.029213e-05,1
1,1
0.9999045,1
2.15235e-06,1
0.9462212,1
0.03785959,1
2.15235e-06,1
1,1
0.8064972,1
2.15235e-06,1
0.001767428,1
1,1
0.9462212,1
2.15235e-06,1
0.00587113,1
0.9999989,1
0.01086561,1
0.00240854,1
0.08079665,1
0.01086561,1
0.0008839542,1
0.6126018,1
0.7058393,1
2.417279e-05,1
7.408154e-05,1
0.06320858,1
0.002525259,1
0.01420128,1
0.0005751725,1
0.9792266,1
0.002909895,1
0.3332775,1
0.02130676,1
0.002971109,1
3.34644e-07,1
4.900599e-11,1
7.24297e-05,1
0.9986035,1
9.966827e-06,1
0.0005879216,1
2.32589e-05,1
0.9976236,1
1,1
0.0008620146,1
0.02929252,1
0.9999409,1
9.966827e-06,1
1,1
0.9951898,1
0.02050496,1
0.9999939,1
0.9999981,1
0.9999148,1
0.9788408,1
0.9981427,1
0.9999981,1
2.443605e-05,1
1,1
0.850724,1
0.9160784,1
0.9999996,1
0.0814018,1
0.9769093,1
5.277215e-08,1
1,1
0.9793357,1
0.975091,1
0.998588,1
3.987385e-06,1
0.844338,1
0.844338,1
0.1231373,1
0.9977034,1
0.7423435,1
0.993773,1
9.920529e-13,1
0.9999517,1
7.473342e-09,1
0.8036926,1
1,1
0.02153346,1
9.671379e-11,1
0.9999626,1
0.003641484,1
0.01592899,1
0.6126018,1
0.00164584,1
0.8233325,1
0.005106476,1
0.6126018,1
0.00164584,1
0.7058393,1
0.166326,1
0.2575266,1
4.419918e-05,1
0.0003853273,1
1,1
0.7399029,1
0.955158,1
0.9363293,1
0.1145218,1
0.3599708,1
7.124411e-06,1
0.9999074,1
0.0006806092,1
0.03645372,1
0.999997,1
1,1
0.9999999,1
1,1
1,1
0.9999999,1
0.9999996,1
0.9999328,1
0.9734847,1
0.9999999,1
0.7765518,1
1.353575e-08,1
0.9942821,1
1,1
0.005321657,1
0.0001530081,1
0.6611555,1
0.08982761,1
4.536688e-08,1
0.6126018,1
0.01841467,1
0.009268504,1
0.7058393,1
0.7058393,1
0.7058393,1
0.9999585,1
0.9997159,1
0.9999996,1
0.9992089,1
0.9358585,1
0.9999545,1
0.999862,1
1,1
0.9999999,1
0.9961146,1
0.9998651,1
0.06318245,1
4.025971e-05,1
0.9443794,1
0.0008839542,1
1,1
0.1850915,1
0.9999988,1
0.9998823,1
1,1
1,1
0.9999264,1
0.849561,1
0.9999988,1
0.6870509,1
1,1
0.9160784,1
0.9999079,1
0.9993691,1
0.9998947,1
1,1
0.3760086,1
0.9999968,1
0.1027548,1
1,1
0.9999999,1
0.03311608,1
1,1
7.150904e-06,1
1.418727e-07,1
0.002117875,1
0.9969247,1
0.6343595,1
0.9998119,1
4.350595e-10,1
5.055917e-06,1
0.9999996,1
0.06570973,1
1,1
0.9999992,1
7.150904e-06,1
0.000149442,1
0.9999712,1
0.9999992,1
0.9998232,1
1,1
0.9214677,1
1,1
0.1089644,1
0.3239204,1
1,1
1,1
0.999809,1
0.4127178,1
0.380389,1
6.751462e-07,1
0.9042706,1
0.9247874,1
1,1
0.6777245,1
0.9999986,1
0.7058393,1
0.6126018,1
0.812476,1
0.5231126,1
0.02093601,1
0.4800901,1
0.0001781702,1
0.08079665,1
0.6126018,1
0.7058393,1
0.9999927,1
0.005921673,1
0.9916544,1
0.9992137,1
0.9999813,1
0.01959732,1
0.005528762,1
0.06014945,1
0.9960867,1
0.8704889,1
0.166326,1
0.9999802,1
0.9998386,1
0.9999169,1
0.002595666,1
0.9996892,1
0.001356009,1
0.9957691,1
0.9999999,1
0.9885679,1
0.3169504,1
0.8078564,1
4.401284e-07,1
0.06741314,1
0.05654874,1
0.008079491,1
0.05654874,1
0.2891149,1
0.005921673,1
0.01489659,1
0.005921673,1
0.05654874,1
0.3681072,1
0.005921673,1
0.9999828,1
0.998398,1
0.6691608,1
0.0001129512,1
0.03856141,1
1,1
0.9940719,1
0.9999999,1
0.9932302,1
0.9999993,1
0.04685909,1
0.2265032,1
0.003641484,1
2.442811e-07,1
0.0001888038,1
1,1
0.005528762,1
1,1
0.004521945,1
0.9999638,1
0.006932077,1
0.9999169,1
0.4146734,1
0.9999994,1
0.9999887,1
0.999846,1
0.07814024,1
0.01960193,1
0.9991033,1
0.9995214,1
0.9995018,1
0.9998468,1
0.3733772,1
0.9998962,1
0.0002068958,1
0.9997715,1
3.684719e-05,1
0.9999998,1
0.0266386,1
0.9999839,1
0.8664522,1
0.9999999,1
0.9999654,1
0.9989748,1
0.9868816,1
0.9996157,1
0.6251977,1
0.9954776,1
0.5138881,1
0.8127787,1
0.6376008,1
0.9822431,1
0.2269841,1
0.6485347,1
0.4800901,1
0.1684653,1
1,1
1,1
1,1
0.9999884,1
0.007593135,1
0.004301148,1
1,1
0.004321794,1
0.0003150264,1
0.007257472,1
1.022948e-10,1
0.9991737,1
1,1
0.9811643,1
0.2525849,1
0.9999998,1
1,1
0.9675637,1
0.9999133,1
0.005616182,1
8.033246e-05,1
0.0001543908,1
0.9971018,1
0.934312,1
0.9999995,1
0.5637817,1
0.0002068958,1
0.9999347,1
0.9999746,1
0.9730635,1
0.9999999,1
0.9999998,1
9.224104e-06,1
0.9999965,1
0.9996431,1
1,1
1,1
0.999298,1
0.9999672,1
0.7914191,1
1,1
0.04193955,1
0.9389206,1
1,1
0.9999981,1
0.9999828,1
2.551799e-05,1
0.00745489,1
0.9981952,1
0.993906,1
0.001345875,1
0.9998785,1
1,1
1,1
1,1
0.01152302,1
0.9999999,1
0.9998156,1
0.000247937,1
0.9950865,1
1,1
0.9976476,1
0.02323068,1
0.9999897,1
0.9999834,1
0.9772975,1
0.9998456,1
0.02348534,1
0.001492924,1
4.16808e-05,1
0.9036517,1
0.9036517,1
0.1675055,1
0.7058393,1
0.7058393,1
0.5835847,1
0.5835847,1
0.4800901,1
0.166326,1
0.5231126,1
0.003148436,1
0.7058393,1
0.001536235,1
0.4022861,1
0.04769335,1
0.7522029,1
4.250937e-05,1
1.994984e-05,1
0.8381892,1
0.1158742,0
0.009475056,0
0.999965,0
1.094606e-06,0
2.021451e-07,0
0.0005227402,0
0.001504501,0
1.690783e-09,0
1.191071e-05,0
0.0005130432,0
0.9999999,0
0.0005130432,0
1.386607e-06,0
2.145295e-11,0
0.0001365918,0
0.9893114,0
7.067186e-17,0
6.085244e-05,0
0.0002065536,0
0.01975561,0
5.330579e-07,0
0.04430394,0
0.4741558,0
3.48109e-14,0
3.188418e-05,0
0.0002971927,0
0.7058393,0
0.002792791,0
0.9992691,0
2.463185e-06,0
0.002228142,0
3.287242e-05,0
0.001608937,0
2.484967e-07,0
9.268479e-08,0
0.06741314,0
7.404333e-08,0
1.658505e-08,0
0.01489659,0
0.0001995392,0
6.646044e-06,0
0.001608937,0
1.236909e-07,0
8.077322e-05,0
7.699916e-09,0
0.05461316,0
0.01562695,0
0.008769549,0
0.00165317,0
0.007617024,0
2.037062e-06,0
0.054722,0
0.001747456,0
2.153648e-05,0
0.1256403,0
2.64392e-16,0
0.002903547,0
0.06741314,0
3.344769e-05,0
1.748578e-09,0
0.999925,0
9.1334e-06,0
4.237473e-09,0
0.01666337,0
0.004637613,0
1.307985e-05,0
6.950004e-10,0
0.0002996055,0
0.5050432,0
0.001429871,0
0.6126018,0
2.916254e-05,0
0.0003000654,0
0.01489659,0
6.474528e-12,0
4.223957e-06,0
5.594265e-09,0
0.00896793,0
0.002646366,0
0.004637613,0
0.01086561,0
8.021406e-06,0
0.05654874,0
0.9999641,0
0.09484193,0
5.299774e-05,0
1.35613e-06,0
1.301517e-06,0
0.0002971927,0
0.9953763,0
6.03476e-09,0
0.06741314,0
0.9999996,0
0.166326,0
0.319907,0
0.0004493208,0
0.0002068632,0
0.7771825,0
4.625223e-06,0
0.054722,0
0.001203136,0
0.002646366,0
0.02096458,0
6.288628e-12,0
0.00449467,0
1.959072e-07,0
0.2045153,0
0.01771764,0
1,0
6.59898e-06,0
0.9991918,0
0.02475814,0
0.9949674,0
1.358533e-07,0
0.009760569,0
8.722186e-09,0
0.0007122831,0
3.123348e-07,0
1.09526e-05,0
4.330962e-05,0
0.08079665,0
1.74234e-08,0
0.999925,0
0.2575266,0
0.0003246097,0
5.03102e-09,0
0.009993491,0
0.000424568,0
0.03913924,0
0.03851205,0
0.005068242,0
4.900599e-11,0
0.002646366,0
0.01489659,0
4.494328e-13,0
4.305078e-05,0
0.985182,0
6.190176e-07,0
0.007510706,0
3.393697e-05,0
4.771615e-06,0
7.841389e-05,0
0.007813139,0
0.01489659,0
8.816126e-11,0
0.0001270794,0
0.01287448,0
0.166326,0
2.834155e-12,0
0.002903547,0
7.41169e-06,0
0.999925,0
0.0718621,0
8.268184e-08,0
0.5231126,0
0.01489659,0
0.001877601,0
0.01409497,0
8.816126e-11,0
1.052952e-07,0
6.105512e-05,0
0.001425485,0
0.0004493208,0
0.6740412,0
1.846367e-06,0
2.114823e-05,0
4.68487e-06,0
0.7058393,0
0.0001107708,0
0.05654874,0
0.0003348926,0
1,0
8.628948e-06,0
1.470587e-09,0
0.9791167,0
1,0
7.346935e-07,0
0.999925,0
0.01489659,0
0.0001270794,0
0.007642232,0
0.005847382,0
0.0916556,0
4.494328e-13,0
0.0001485948,0
0.001597747,0
6.03476e-09,0
0.01489659,0
2.646307e-05,0
0.0005130432,0
0.01489659,0
0.05654874,0
0.01489659,0
1.718443e-10,0
0.5866851,0
1.228173e-06,0
8.819813e-10,0
0.01489659,0
0.0002827996,0
2.713585e-10,0
0.9961301,0
4.783705e-09,0
0.0003561171,0
0.2469554,0
4.346611e-05,0
0.06593931,0
0.7058393,0
0.0718621,0
0.01489659,0
0.002667601,0
0.01003537,0
0.2233452,0
0.5975442,0
0.002792791,0
1.002134e-09,0
8.816126e-11,0
0.001216144,0
0.0001487205,0
0.9997159,0
0.7058393,0
0.9232678,0
0.05008697,0
1.630749e-09,0
0.01489659,0
4.472935e-07,0
1.690783e-09,0
0.7058393,0
1.231159e-08,0
0.001757927,0
1.707389e-15,0
1.017747e-08,0
0.0002971927,0
0.976279,0
1.046404e-06,0
2.58553e-11,0
7.513962e-09,0
0.2866808,0
0.0003348926,0
2.583441e-10,0
3.177973e-09,0
0.0004831269,0
7.078987e-06,0
7.078987e-06,0
0.5223261,0
0.01450325,0
0.9999498,0
1.358533e-07,0
0.166326,0
5.03102e-09,0
0.01136347,0
2.593516e-05,0
0.0005973941,0
0.0001285645,0
0.01489659,0
1.74234e-08,0
0.002717794,0
0.01489659,0
4.173781e-07,0
8.515995e-07,0
0.00154512,0
1.358533e-07,0
2.145295e-11,0
1.807112e-06,0
7.404333e-08,0
0.9377422,0
0.05654874,0
2.834155e-12,0
0.1618919,0
0.001589724,0
0.00898655,0
0.02393026,0
0.01489659,0
0.0005846903,0
0.003915028,0
1.971219e-14,0
0.001216144,0
0.01489659,0
2.872863e-08,0
0.5838717,0
7.404333e-08,0
0.113628,0
2.834155e-12,0
3.168963e-05,0
0.06741314,0
0.166326,0
0.0003246097,0
0.01489659,0
0.003715795,0
0.06741314,0
1,0
0.05029561,0
4.057759e-07,0
0.05029561,0
0.01489659,0
0.06741314,0
0.03346523,0
1.236909e-07,0
1.807112e-06,0
0.9999504,0
0.0004493208,0
0.07457592,0
0.166326,0
4.308815e-11,0
0.0004576101,0
0.0005130432,0
0.2045153,0
0.06593931,0
3.70703e-07,0
0.9959278,0
0.01489659,0
0.05654874,0
1.236909e-07,0
3.344769e-05,0
0.0005008689,0
0.0003348926,0
2.099605e-10,0
0.0399016,0
1.778423e-08,0
0.03346523,0
1.35613e-06,0
4.225877e-05,0
0.01709801,0
0.2045153,0
2.834155e-12,0
0.01641258,0
0.9999999,0
9.920529e-13,0
0.7058393,0
0.0001211414,0
1.021388e-07,0
6.226234e-05,0
0.01489659,0
0.0005130432,0
0.05654874,0
0.9996001,0
2.58553e-11,0
0.01489659,0
0.05654874,0
0.0001618045,0
8.214195e-05,0
0.101737,0
2.834155e-12,0
5.996331e-10,0
0.03028597,0
0.2248664,0
8.662247e-05,0
1.74234e-08,0
0.00471422,0
0.0005030324,0
8.628948e-06,0
6.54785e-12,0
7.404333e-08,0
0.01489659,0
0.006524184,0
0.1317337,0
1.470587e-09,0
0.009863841,0
8.753084e-09,0
0.02179474,0
0.0001163195,0
0.9999455,0
1.707389e-15,0
6.436125e-08,0
0.003148436,0
5.774898e-07,0
0.01489659,0
0.01005596,0
0.01489659,0
0.001597747,0
0.06741314,0
0.01489659,0
3.301786e-07,0
0.00471422,0
8.628948e-06,0
0.004637613,0
4.771615e-06,0
0.4891279,0
0.0005568325,0
0.01489659,0
1.381051e-09,0
0.9700382,0
6.646044e-06,0
0.2708946,0
0.2482083,0
6.697159e-08,0
0.034899,0
0.9822397,0
0.034899,0
0.9220713,0
0.01750181,0
5.025077e-08,0
0.0002536188,0
0.9945687,0
0.01409898,0
0.001608937,0
0.01489659,0
0.1532414,0
0.01489659,0
1.590799e-09,0
0.04352724,0
0.0001243178,0
0.01489659,0
0.0002068632,0
1.349371e-08,0
0.02381914,0
0.002202901,0
0.01489659,0
0.2469554,0
0.01489659,0
2.037062e-06,0
0.997482,0
0.04255164,0
6.950004e-10,0
0.5436231,0
0.01489659,0
1.031185e-05,0
0.1604885,0
0.005088667,0
0.05654874,0
3.472157e-11,0
0.001608937,0
0.000159601,0
0.7937375,0
1.501914e-06,0
6.03476e-09,0
0.009641731,0
9.966827e-06,0
5.897227e-05,0
6.646044e-06,0
0.6299475,0
0.01489659,0
0.05654874,0
0.104469,0
1,0
0.07664458,0
2.583441e-10,0
0.2045153,0
1.807112e-06,0
2.114823e-05,0
1.236909e-07,0
0.009268504,0
1.555578e-05,0
0.04352724,0
0.2469554,0
0.9995642,0
1.663391e-05,0
8.364211e-08,0
0.009993491,0
0.01856821,0
6.204387e-05,0
4.993538e-05,0
6.03476e-09,0
0.02879336,0
0.05344946,0
0.001175323,0
9.510561e-05,0
1.391241e-08,0
0.02179474,0
0.9783927,0
0.6008368,0
1.703087e-05,0
0.001878771,0
0.9999992,0
0.05654874,0
0.9297038,0
0.2045153,0
0.0001224941,0
0.9011633,0
0.9743006,0
4.900599e-11,0
0.007617024,0
0.002646366,0
8.816126e-11,0
0.0131175,0
0.001997951,0
4.394133e-07,0
3.483636e-06,0
0.0131175,0
7.082361e-05,0
0.166326,0
0.9970114,0
2.834155e-12,0
0.01159075,0
1,0
0.7541961,0
0.01489659,0
0.166326,0
0.06741314,0
5.572337e-09,0
0.1901788,0
0.2469554,0
0.01007281,0
2.834155e-12,0
0.05654874,0
0.01489659,0
0.9999985,0
0.000556909,0
0.166326,0
7.288521e-09,0
2.834155e-12,0
0.05654874,0
0.009993491,0
0.9805545,0
1,0
4.949668e-13,0
0.005228948,0
1.119292e-13,0
0.7058393,0
0.034899,0
0.1254514,0
0.9999999,0
0.005679263,0
0.01489659,0
0.000231728,0
0.0005044367,0
0.0003878923,0
1.084749e-07,0
7.10681e-12,0
0.7597821,0
3.628544e-08,0
0.0001143463,0
0.001608937,0
0.1021426,0
0.02362238,0
1.690783e-09,0
4.10919e-10,0
8.214195e-05,0
0.0002365976,0
0.000175885,0
0.6126018,0
0.06741314,0
0.6955565,0
1.307985e-05,0
0.02381593,0
4.346611e-05,0
0.9999036,0
6.950004e-10,0
0.02737934,0
0.8202114,0
1.807112e-06,0
0.01136347,0
9.268479e-08,0
0.05461316,0
2.834155e-12,0
0.8750218,0
0.0002056196,0
3.281071e-06,0
0.927433,0
0.001726451,0
1.273064e-05,0
2.834155e-12,0
7.841389e-05,0
1.046404e-06,0
0.01489659,0
0.812476,0
0.0008839542,0
0.001615564,0
1.017747e-08,0
0.9999745,0
0.9999995,0
8.907646e-07,0
0.09718601,0
0.01489659,0
0.166326,0
0.005528762,0
1.381173e-08,0
0.2957459,0
0.01489659,0
1,0
0.05654874,0
0.000159601,0
4.086632e-10,0
0.9998884,0
0.2575266,0
0.9944436,0
0.00241661,0
4.10919e-10,0
2.750272e-06,0
3.48109e-14,0
3.582404e-05,0
0.9884865,0
2.834155e-12,0
0.9999104,0
0.06741314,0
6.732188e-06,0
0.2469554,0
0.000424568,0
0.001588953,0
0.004909541,0
1.019445e-11,0
8.364211e-08,0
3.593789e-05,0
0.0002971927,0
0.0003071205,0
1.959072e-07,0
5.03102e-09,0
0.002903547,0
0.05654874,0
5.098804e-14,0
2.533977e-05,0
0.009993491,0
0.9998105,0
1,0
3.727554e-05,0
0.002389453,0
7.363963e-06,0
8.268184e-08,0
0.002646366,0
0.9999305,0
7.236744e-12,0
6.950004e-10,0
1.202573e-07,0
0.003635501,0
0.06741314,0
0.002438322,0
1.236909e-07,0
0.3266449,0
0.06741314,0
0.002717794,0
0.0001567809,0
0.0001221082,0
1.77285e-05,0
0.0003835,0
1.434618e-08,0
0.9679961,0
0.01569102,0
0.002717794,0
0.0667752,0
1.45571e-08,0
0.0002065536,0
1.66383e-09,0
4.42467e-08,0
1.959072e-07,0
0.5231126,0
0.2045153,0
0.9999999,0
0.4981616,0
2.646307e-05,0
0.2575266,0
0.1597422,0
1.246753e-06,0
0.0002650943,0
0.1574264,0
0.002162805,0
7.124411e-06,0
5.065795e-11,0
0.005679263,0
0.01489659,0
0.07378014,0
6.063781e-05,0
1.125148e-05,0
0.3176753,0
4.419918e-05,0
0.003476955,0
0.9919658,0
0.9999485,0
0.01489659,0
0.0003835,0
0.02357294,0
8.499037e-05,0
6.03476e-09,0
1,0
0.0004493208,0
0.1189387,0
0.3460961,0
0.01717621,0
0.2068508,0
0.03052244,0
0.7058393,0
0.1581524,0
0.9999981,0
0.05344946,0
0.05654874,0
0.0004241293,0
1.86253e-09,0
8.364211e-08,0
0.04449705,0
0.0002910275,0
0.8750218,0
0.9733218,0
0.9977227,0
0.009268504,0
1.35613e-06,0
0.1264536,0
0.05029561,0
0.001438147,0
0.04430394,0
1.871959e-05,0
6.540555e-05,0
2.034913e-05,0
0.107353,0
0.01489659,0
0.9971969,0
4.523397e-09,0
1.807112e-06,0
0.003635501,0
1,0
0.5134044,0
0.104469,0
3.77738e-05,0
2.834155e-12,0
0.06593931,0
1.675789e-06,0
0.9999999,0
0.1515967,0
0.262764,0
0.06593931,0
0.001847798,0
9.920529e-13,0
1.35613e-06,0
0.166326,0
0.964783,0
2.533977e-05,0
0.0005130432,0
0.0001365918,0
0.9999998,0
5.351368e-05,0
9.818381e-07,0
0.9998356,0
0.07863582,0
0.001600325,0
0.06741314,0
0.05461316,0
1.591552e-09,0
0.001175323,0
8.746158e-09,0
3.715035e-10,0
1.861109e-05,0
0.0002992512,0
0.000110537,0
0.01489659,0
2.834155e-12,0
3.47787e-06,0
0.104469,0
0.1297945,0
0.9863413,0
0.01489659,0
7.236744e-12,0
3.281071e-06,0
0.0002927107,0
0.008769549,0
8.270224e-06,0
2.793336e-08,0
0.001847798,0
5.1909e-06,0
0.007945041,0
0.0008724711,0
0.96423,0
0.001216144,0
0.9672039,0
0.001589724,0
0.00449467,0
0.0003835,0
0.9997931,0
0.001429871,0
0.06741314,0
6.085244e-05,0
1.45571e-08,0
0.001438147,0
0.05029561,0
0.0001531725,0
1.690783e-09,0
0.003242879,0
6.081176e-06,0
2.593516e-05,0
7.541981e-06,0
0.9999782,0
0.0007379076,0
7.101941e-05,0
0.01489659,0
0.001608937,0
0.5838717,0
0.2248664,0
0.6126018,0
0.990769,0
0.009268504,0
0.1511422,0
0.9999964,0
4.75123e-14,0
0.05654874,0
0.01489659,0
0.000175885,0
3.341202e-09,0
0.01489659,0
0.9999985,0
4.057198e-05,0
2.427601e-12,0
0.0004508607,0
3.932795e-07,0
6.593964e-07,0
5.774898e-07,0
4.646391e-06,0
0.0002730279,0
6.735694e-06,0
5.275622e-09,0
4.900599e-11,0
0.3967074,0
0.01489659,0
0.00242518,0
0.9999999,0
3.301786e-07,0
0.2045153,0
0.000159601,0
1,0
1.395524e-09,0
0.7058393,0
0.166326,0
0.000101097,0
0.002183051,0
0.5596004,0
0.7058393,0
9.920529e-13,0
0.112663,0
0.01489659,0
0.001206046,0
0.0001365918,0
0.007617024,0
0.9999412,0
0.3740102,0
1.058639e-08,0
1.783816e-05,0
0.9996952,0
1.236909e-07,0
0.0001684769,0
1.058639e-08,0
0.001600325,0
7.404333e-08,0
4.394133e-07,0
2.15235e-06,0
0.001752903,0
9.1334e-06,0
2.834155e-12,0
1,0
0.001597747,0
0.01489659,0
4.237473e-09,0
0.02693589,0
0.166326,0
0.0002778608,0
0.01489659,0
1.675789e-06,0
0.6914856,0
1,0
6.03476e-09,0
1.844211e-10,0
0.9574316,0
1.690783e-09,0
4.42467e-08,0
0.02769475,0
0.878148,0
0.004710011,0
0.927433,0
4.900599e-11,0
0.06741314,0
6.646044e-06,0
0.7058393,0
6.924706e-05,0
0.004009698,0
0.9998851,0
0.1067106,0
0.000159601,0
4.625223e-06,0
0.0005130432,0
0.01489659,0
8.628948e-06,0
6.950004e-10,0
1.025222e-12,0
6.06989e-08,0
0.9220713,0
0.0008839542,0
8.214195e-05,0
0.03975996,0
2.15235e-06,0
0.000203623,0
1.128205e-06,0
1.48249e-14,0
3.145502e-05,0
0.001608937,0
0.01489659,0
0.06623889,0
0.9612966,0
0.000110537,0
8.861614e-14,0
8.212018e-06,0
0.05654874,0
0.01489659,0
1.381051e-09,0
0.000110537,0
0.9783927,0
2.834155e-12,0
0.0001684769,0
0.01489659,0
2.099605e-10,0
1,0
0.05866488,0
0.03913924,0
0.01489659,0
0.04255164,0
7.067186e-17,0
0.9999466,0
7.699916e-09,0
0.01489659,0
4.173781e-07,0
4.783705e-09,0
0.002854309,0
0.166326,0
1.401523e-05,0
0.2469554,0
1,0
0.034899,0
3.34644e-07,0
4.176858e-05,0
1.48249e-14,0
4.42467e-08,0
0.01489659,0
7.496496e-06,0
0.8622433,0
3.411002e-06,0
0.0002068632,0
0.9194814,0
0.05654874,0
0.939306,0
0.01489659,0
0.05344946,0
0.02425433,0
0.7058393,0
0.0004493208,0
9.3244e-06,0
0.5838717,0
0.000556909,0
0.0002195771,0
2.834155e-12,0
1.024773e-08,0
1.228173e-06,0
0.01489659,0
6.221519e-08,0
6.03476e-09,0
4.494328e-13,0
2.547306e-05,0
1,0
1.718443e-10,0
0.01509572,0
2.145295e-11,0
2.114823e-05,0
4.771615e-06,0
0.001429871,0
2.34067e-07,0
1.09526e-05,0
3.126888e-05,0
0.9999981,0
6.54785e-12,0
0.001597747,0
0.01915485,0
0.9915645,0
3.34644e-07,0
0.001285855,0
3.48109e-14,0
0.9517642,0
7.404333e-08,0
0.0004493208,0
0.009734836,0
4.207942e-05,0
0.9999895,0
0.01489659,0
0.007617024,0
0.01489659,0
4.346611e-05,0
0.166326,0
0.6126018,0
0.9999741,0
7.346935e-07,0
0.001018708,0
8.70642e-05,0
6.59898e-06,0
0.01489659,0
0.03902846,0
7.027604e-08,0
1.49346e-09,0
0.06741314,0
3.287242e-05,0
0.9861696,0
8.816126e-11,0
0.001589724,0
7.404333e-08,0
0.008514108,0
0.01489659,0
1.246893e-13,0
0.009097705,0
2.988194e-05,0
0.01489659,0
0.05344946,0
0.1511422,0
1.236909e-07,0
0.007809934,0
2.371063e-08,0
6.54785e-12,0
0.001471164,0
0.03906291,0
0.0003572195,0
5.299774e-05,0
0.0009459655,0
2.070286e-10,0
0.06741314,0
8.182837e-12,0
3.262664e-06,0
0.9802405,0
0.002014952,0
2.427601e-12,0
1,0
0.9999996,0
1.470587e-09,0
0.2045153,0
0.7115817,0
0.01439359,0
0.0008255698,0
0.2045153,0
0.0004576101,0
0.4331957,0
0.007617024,0
0.9999964,0
0.005496078,0
0.06741314,0
0.004177288,0
0.001980596,0
0.05029561,0
0.008769549,0
0.0003348926,0
1.273064e-05,0
1,0
1.236909e-07,0
1.760096e-08,0
0.0004493208,0
1,0
3.281071e-06,0
1.358533e-07,0
0.9525302,0
1.48249e-14,0
4.346611e-05,0
2.499241e-05,0
0.01489659,0
0.01489659,0
1.470587e-09,0
0.002646366,0
0.01489659,0
7.22753e-08,0
0.000522337,0
1.470587e-09,0
9.920529e-13,0
0.001726451,0
0.008236137,0
1,0
0.003915028,0
0.0002778608,0
0.06741314,0
1.491637e-07,0
1.35613e-06,0
0.000556909,0
4.37844e-05,0
0.06593931,0
0.007163142,0
1.084749e-07,0
0.999999,0
0.6557986,0
0.0038451,0
5.299774e-05,0
0.5643232,0
0.1970711,0
1.185031e-06,0
0.7993105,0
0.9973579,0
0.01489659,0
0.01489659,0
0.6126018,0
0.01024307,0
3.70703e-07,0
1.024773e-08,0
0.0009370726,0
1.165611e-08,0
0.005496078,0
6.900241e-08,0
0.0002068632,0
0.002592583,0
0.01489659,0
1.049134e-10,0
0.01096454,0
0.01489659,0
3.439967e-08,0
0.9998796,0
1.048808e-06,0
4.845037e-06,0
1.084749e-07,0
0.05654874,0
9.693028e-06,0
0.2045153,0
3.896243e-07,0
0.001608937,0
0.02087254,0
1.024773e-08,0
0.9999553,0
3.281071e-06,0
0.9999999,0
0.9841104,0
0.00282887,0
0.08079665,0
6.385507e-05,0
3.34644e-07,0
2.834155e-12,0
1.098057e-07,0
1.690783e-09,0
0.2045153,0
0.5231126,0
0.06741314,0
7.528421e-06,0
6.221519e-08,0
0.2874052,0
9.268479e-08,0
3.344769e-05,0
0.01489659,0
0.9438818,0
8.092225e-07,0
1.358533e-07,0
0.001206046,0
0.0814878,0
1.156818e-05,0
0.1062567,0
0.04911219,0
0.06484645,0
7.699916e-09,0
0.1297969,0
5.521258e-06,0
7.288521e-09,0
2.15235e-06,0
8.364211e-08,0
0.01489659,0
0.05654874,0
0.5838717,0
2.834155e-12,0
0.01489659,0
0.01489659,0
0.01841467,0
0.999945,0
0.001203136,0
0.0006732649,0
3.341202e-09,0
1,0
3.34644e-07,0
0.01489659,0
0.0003145285,0
8.021406e-06,0
0.09964058,0
3.301786e-07,0
0.06593931,0
0.01420128,0
2.834155e-12,0
0.01136347,0
6.760875e-05,0
0.2137347,0
0.7896698,0
4.346611e-05,0
7.122427e-06,0
0.166326,0
1,0
4.419918e-05,0
0.01489659,0
1.48249e-14,0
0.04062226,0
0.1511422,0
0.05461316,0
0.976259,0
0.06741314,0
0.9992415,0
0.9999323,0
0.2575266,0
0.7058393,0
1.381051e-09,0
4.419918e-05,0
0.05361634,0
0.007813139,0
0.01489659,0
7.210477e-05,0
0.6085168,0
0.034899,0
0.06741314,0
3.655466e-05,0
3.472157e-11,0
0.01003537,0
3.70703e-07,0
0.0003348926,0
1.307985e-05,0
1.470587e-09,0
0.0005963232,0
2.834155e-12,0
0.001826399,0
0.001752903,0
0.01489659,0
0.001752903,0
0.9968546,0
0.0002068632,0
0.1480996,0
0.9999998,0
0.007617024,0
4.523397e-09,0
0.0001211414,0
0.000159601,0
0.107353,0
0.04337429,0
0.9999999,0
0.02563548,0
0.9885679,0
0.000232421,0
7.288521e-09,0
0.9973579,0
0.002792791,0
0.0002873216,0
0.2045153,0
0.0038451,0
1.470587e-09,0
5.774898e-07,0
1.307152e-08,0
0.0003348926,0
0.001878771,0
1.358533e-07,0
0.0004387734,0
0.001429871,0
0.1901788,0
0.01888507,0
0.01489659,0
3.374926e-05,0
4.873709e-06,0
0.004637613,0
0.01199023,0
0.01489659,0
0.002646366,0
4.346611e-05,0
6.635137e-07,0
0.004637613,0
2.834155e-12,0
0.0002068632,0
2.848617e-05,0
0.9032657,0
0.9419113,0
0.003635501,0
0.0001842176,0
0.9220713,0
0.9931584,0
6.950004e-10,0
0.9999959,0
1,0
7.731125e-06,0
4.68487e-06,0
2.834155e-12,0
1.45571e-08,0
6.03476e-09,0
0.999925,0
0.2575266,0
2.834155e-12,0
1.019445e-11,0
0.002796453,0
0.03558774,0
1.718443e-10,0
2.793336e-08,0
1.307985e-05,0
3.950688e-07,0
0.9224993,0
6.034911e-06,0
0.01489659,0
0.166326,0
0.002792791,0
0.002116706,0
0.001597747,0
0.08079665,0
0.9999729,0
1.470587e-09,0
0.01489659,0
0.06741314,0
0.001175323,0
0.9999629,0
0.06741314,0
6.03476e-09,0
2.329409e-09,0
0.01489659,0
0.2575266,0
0.05461316,0
0.000482544,0
1.025222e-12,0
0.002903547,0
9.867526e-05,0
2.047359e-06,0
5.521258e-06,0
0.01489659,0
1.718443e-10,0
0.01184394,0
3.472157e-11,0
0.001429871,0
1.119292e-13,0
5.313549e-05,0
0.0003115132,0
0.0002654851,0
0.104469,0
2.308651e-13,0
0.002646366,0
0.95238,0
0.02142707,0
1.49346e-09,0
0.01693122,0
0.002792791,0
0.00760343,0
2.640503e-06,0
3.77738e-05,0
0.0005130432,0
0.01841467,0
0.0814878,0
1.424594e-09,0
1.358533e-07,0
1.236909e-07,0
0.9997931,0
4.710666e-07,0
0.0003348926,0
1.09526e-05,0
0.01489659,0
2.988194e-05,0
0.6422604,0
1,0
0.001589724,0
2.15235e-06,0
0.000159601,0
0.0003348926,0
0.2045153,0
0.166326,0
1.690783e-09,0
2.15235e-06,0
1.748578e-09,0
1.690783e-09,0
0.4393685,0
0.166326,0
0.0004493208,0
0.005364159,0
0.0005130432,0
0.06741314,0
3.48109e-14,0
2.583441e-10,0
0.002717794,0
0.9632912,0
0.7058393,0
0.812476,0
5.330579e-07,0
1.720226e-06,0
0.05203937,0
0.2045153,0
0.0002479914,0
8.161271e-07,0
0.3665756,0
4.053179e-05,0
3.869131e-06,0
0.0002068632,0
2.834155e-12,0
1.638761e-11,0
0.3665756,0
6.034911e-06,0
0.9999691,0
0.9857103,0
0.01489659,0
0.9386481,0
2.834155e-12,0
6.62588e-07,0
0.9999766,0
4.617987e-11,0
0.1297969,0
2.583441e-10,0
3.766826e-05,0
6.216321e-09,0
1.748578e-09,0
0.0038451,0
0.9939625,0
2.070286e-10,0
0.7810915,0
0.0004391554,0
0.002724694,0
0.0002610683,0
0.000400843,0
0.7058393,0
2.251304e-06,0
0.4515147,0
3.344769e-05,0
0.002525902,0
8.628948e-06,0
1.656129e-05,0
0.001597747,0
0.001589724,0
0.0002961674,0
0.1089644,0
0.927582,0
0.5068148,0
0.01569102,0
1.48249e-14,0
1.07584e-06,0
0.0003348926,0
7.078987e-06,0
0.001847798,0
0.001847798,0
0.9999954,0
0.06741314,0
5.000945e-11,0
0.166326,0
1.133902e-07,0
5.523989e-07,0
0.3174244,0
0.9999784,0
2.114823e-05,0
0.002257646,0
0.002646366,0
0.04060751,0
0.001429871,0
0.01489659,0
0.2045153,0
3.043309e-07,0
1.098057e-07,0
4.419918e-05,0
0.0003835,0
0.001429871,0
0.2045153,0
0.009268504,0
0.004737189,0
0.0005132383,0
0.0005130432,0
0.9976236,0
0.9700018,0
7.404333e-08,0
0.01136347,0
1,0
0.9218433,0
0.06741314,0
0.00180754,0
0.1511422,0
0.06741314,0
0.003635501,0
0.01489659,0
1.690783e-09,0
5.441435e-14,0
0.001429871,0
0.07378014,0
2.056011e-05,0
2.834155e-12,0
0.04442235,0
0.7915327,0
3.34644e-07,0
0.004637613,0
0.005921673,0
4.237473e-09,0
1.807112e-06,0
5.299774e-05,0
2.427601e-12,0
0.01750181,0
0.005921673,0
0.032653,0
0.0005378897,0
2.834155e-12,0
1.49346e-09,0
0.2866808,0
0.9999992,0
9.1334e-06,0
0.002939107,0
0.06741314,0
1.384791e-09,0
1.402924e-07,0
7.492857e-05,0
0.006000944,0
6.221519e-08,0
0.01489659,0
0.0003348926,0
0.01136347,0
1.939578e-06,0
0.1631907,0
0.01430522,0
0.001305032,0
1.748578e-09,0
0.9632912,0
1.052952e-07,0
1.49346e-09,0
0.0004241293,0
0.9998796,0
0.0007592729,0
0.6186575,0
2.107468e-05,0
0.001175323,0
0.0001090962,0
0.000175885,0
0.005940917,0
0.05627504,0
0.1980349,0
6.387951e-07,0
0.9998356,0
0.2045153,0
0.9999998,0
1.098057e-07,0
0.7058393,0
5.313549e-05,0
0.2708946,0
1.165611e-08,0
0.7058393,0
1.358533e-07,0
0.000232421,0
7.404333e-08,0
0.9781098,0
0.01489659,0
0.9625323,0
0.0005750697,0
1,0
1.024773e-08,0
0.01489659,0
3.281071e-06,0
0.1296587,0
0.1611943,0
0.5231126,0
4.68487e-06,0
1.153045e-07,0
0.1529063,0
0.00471422,0
2.145295e-11,0
0.9999306,0
0.999938,0
1.871959e-05,0
9.920529e-13,0
0.0004493208,0
0.06741314,0
6.760875e-05,0
0.02475814,0
8.021406e-06,0
0.9334468,0
1.871959e-05,0
5.065795e-11,0
0.9985793,0
0.0001858486,0
0.6126018,0
1.945535e-05,0
0.166326,0
0.9996954,0
1.770805e-07,0
4.931432e-06,0
8.442598e-06,0
0.001608937,0
2.834155e-12,0
0.01007281,0
0.08479539,0
3.47787e-06,0
0.5231126,0
3.34644e-07,0
0.01007281,0
0.02590615,0
0.2708946,0
0.9999518,0
0.5838717,0
0.996245,0
0.0002068632,0
1,0
0.001027508,0
7.699916e-09,0
0.113628,0
0.01489659,0
3.301786e-07,0
0.000159601,0
0.0002479914,0
0.9993412,0
4.783705e-09,0
0.06741314,0
0.9953603,0
0.0005955932,0
1.223623e-05,0
0.02044181,0
0.01489659,0
2.58553e-11,0
3.301786e-07,0
0.0001216438,0
0.104469,0
7.599429e-06,0
0.106435,0
0.0004241293,0
4.993538e-05,0
0.001589724,0
2.988194e-05,0
1.658505e-08,0
0.0003348926,0
0.00471422,0
0.01489659,0
0.002777201,0
0.0008839542,0
0.5741323,0
7.124411e-06,0
0.003715795,0
0.05654874,0
0.001757927,0
0.02737934,0
0.008986503,0
6.034911e-06,0
0.9999576,0
0.9999313,0
0.9554684,0
0.001600325,0
4.885709e-09,0
1.381051e-09,0
0.01489659,0
1.470587e-09,0
1.236909e-07,0
0.1901788,0
0.0003348926,0
0.06741314,0
0.3735743,0
0.09018333,0
0.7058393,0
1.094606e-06,0
1,0
0.06741314,0
2.834155e-12,0
0.9999998,0
0.001216144,0
0.01489659,0
0.003635501,0
0.2045153,0
0.0007762294,0
0.0004493208,0
0.06741314,0
0.01489659,0
3.34644e-07,0
0.0001954664,0
1.871959e-05,0
1.690783e-09,0
0.4988154,0
0.001878771,0
0.2874052,0
0.9465223,0
0.004370797,0
0.004505516,0
0.07034597,0
0.000232421,0
0.104469,0
0.7915327,0
1.019445e-11,0
7.404333e-08,0
0.0038451,0
0.1021426,0
2.834155e-12,0
0.2469554,0
0.7058393,0
0.927433,0
0.0002778608,0
0.003635501,0
0.8293126,0
8.758814e-07,0
0.002646366,0
0.2045153,0
6.03476e-09,0
0.0009903078,0
2.145295e-11,0
9.243884e-05,0
1.021388e-07,0
0.4331957,0
0.01489659,0
2.834155e-12,0
0.9998796,0
3.287242e-05,0
3.34644e-07,0
0.001027508,0
5.774898e-07,0
0.9412292,0
0.009120926,0
0.0004749247,0
0.01005596,0
2.834155e-12,0
0.01915485,0
0.9233209,0
2.145295e-11,0
0.9220713,0
7.352674e-05,0
0.007631253,0
0.009971267,0
0.166326,0
0.001018708,0
0.001175323,0
2.988194e-05,0
0.03148927,0
0.000556909,0
0.6172114,0
3.587413e-08,0
0.0001420232,0
0.01489659,0
1.349371e-08,0
0.0004334763,0
0.000159601,0
0.1997653,0
0.05654874,0
0.2525849,0
0.01136347,0
7.302983e-05,0
0.08079665,0
0.0954332,0
0.002670046,0
5.800797e-08,0
3.47787e-06,0
0.9574316,0
0.9297038,0
1.381173e-08,0
3.91095e-09,0
0.0003835,0
0.001838909,0
7.699916e-09,0
7.404333e-08,0
0.8548145,0
0.000247937,0
1.799332e-07,0
0.0001176097,0
0.01489659,0
0.9995214,0
0.2575266,0
0.01489659,0
0.7058393,0
0.03765445,0
0.9406858,0
0.02553292,0
0.2045153,0
1,0
6.288628e-12,0
7.052027e-05,0
0.9949674,0
0.7771825,0
0.01489659,0
0.7165228,0
0.07318854,0
1.019445e-11,0
0.9637025,0
0.1859539,0
0.8663386,0
0.9853336,0
3.301786e-07,0
0.001847798,0
0.002646366,0
0.001600325,0
0.001559314,0
1.165916e-06,0
0.01489659,0
8.822708e-05,0
0.06741314,0
6.03476e-09,0
1.959072e-07,0
0.04449705,0
0.000159601,0
0.7759504,0
5.021316e-05,0
0.7058393,0
0.000482544,0
0.1901788,0
0.7058393,0
0.001203136,0
0.9911611,0
5.299774e-05,0
0.0001995392,0
1,0
0.9999999,0
0.001429871,0
0.2324395,0
0.1181585,0
6.54785e-12,0
0.001589724,0
0.0008794797,0
0.9999999,0
0.02638478,0
0.9999213,0
8.214195e-05,0
1.424269e-11,0
0.08732047,0
0.0002068632,0
0.99246,0
0.01489659,0
0.03206079,0
0.001494386,0
3.014154e-11,0
0.9940356,0
0.01749771,0
0.05654874,0
0.00471422,0
0.812476,0
1.046404e-06,0
0.7058393,0
0.01489659,0
1,0
5.098804e-14,0
0.001175323,0
1.640483e-09,0
2.516751e-05,0
0.01489659,0
0.1290727,0
0.0003835,0
3.472157e-11,0
0.9998915,0
0.004692421,0
3.48109e-14,0
1.330573e-08,0
5.299774e-05,0
0.4556028,0
0.1348192,0
0.996245,0
0.006684538,0
0.7058393,0
1.195545e-08,0
0.000159601,0
1.611972e-12,0
0.05654874,0
0.0004493208,0
7.599429e-06,0
1.236909e-07,0
0.2575266,0
2.329409e-09,0
0.01841011,0
0.7058393,0
0.9574316,0
1.428153e-06,0
0.001608937,0
0.003715795,0
1.346804e-06,0
1,0
0.06593931,0
2.122181e-07,0
0.1227828,0
0.0002065536,0
0.001589724,0
0.9995345,0
0.005687013,0
0.01489659,0
2.427601e-12,0
9.920529e-13,0
0.02294307,0
1.024773e-08,0
0.05654874,0
0.2045153,0
1.025222e-12,0
0.005940917,0
0.6126018,0
0.2045153,0
0.01489659,0
0.9999806,0
0.1618919,0
0.1731286,0
8.511363e-06,0
3.281071e-06,0
3.47787e-06,0
0.9982659,0
0.1837721,0
0.06741314,0
0.9638999,0
2.989734e-05,0
0.000379713,0
0.002792791,0
0.007997522,0
1.349371e-08,0
0.09317607,0
0.002699729,0
0.09899268,0
1.74234e-08,0
8.214195e-05,0
0.1618919,0
7.20651e-12,0
0.01489659,0
0.0001684769,0
1.45571e-08,0
0.166326,0
2.145295e-11,0
0.166326,0
0.04255164,0
0.9599534,0
0.9902158,0
0.8293126,0
0.01489659,0
0.007617024,0
0.9840314,0
3.281071e-06,0
0.002162805,0
1.792799e-08,0
8.021406e-06,0
0.01489659,0
3.301786e-07,0
0.06741314,0
0.0002971927,0
0.004693972,0
0.004637613,0
7.404333e-08,0
4.68487e-06,0
0.0008839542,0
0.00471422,0
0.0003987042,0
7.249515e-14,0
3.70703e-07,0
0.0003461995,0
2.988194e-05,0
2.145295e-11,0
8.268184e-08,0
3.34644e-07,0
4.931432e-06,0
7.101941e-05,0
1.024773e-08,0
4.133391e-06,0
0.0002971927,0
0.0008620146,0
0.0005130432,0
0.001429871,0
0.3182051,0
1,0
2.834155e-12,0
0.002253171,0
1.248862e-06,0
0.01489659,0
0.0002044406,0
0.01489659,0
1.49346e-09,0
0.9967725,0
0.9892983,0
0.002646366,0
6.760875e-05,0
0.0002996055,0
8.636734e-08,0
1,0
7.621745e-07,0
0.9160444,0
0.2045153,0
0.03011969,0
9.268479e-08,0
0.004637613,0
8.819813e-10,0
6.760875e-05,0
3.77738e-05,0
6.247577e-06,0
9.920529e-13,0
9.693028e-06,0
5.442258e-05,0
0.04255164,0
0.003783333,0
6.646044e-06,0
0.166326,0
1.748578e-09,0
0.05654874,0
0.01489659,0
0.05654874,0
0.9999629,0
0.5779749,0
0.05344946,0
0.1280618,0
6.232134e-09,0
0.0001245986,0
0.9932302,0
2.793336e-08,0
0.1654226,0
0.0007706846,0
0.002823241,0
1.355997e-07,0
0.002162805,0
0.104469,0
0.9840314,0
2.114823e-05,0
0.05654874,0
0.01489659,0
8.816126e-11,0
2.793336e-08,0
0.0002504588,0
0.01489659,0
0.0004573554,0
1.718443e-10,0
0.9724056,0
5.07232e-07,0
0.9053751,0
0.1532414,0
0.0001995392,0
0.000799592,0
8.214195e-05,0
1.45571e-08,0
9.38817e-05,0
0.001255567,0
1.094606e-06,0
0.002831029,0
0.0002437513,0
0.0003246097,0
0.000556909,0
4.346611e-05,0
0.01489659,0
0.5336787,0
4.346611e-05,0
0.000780034,0
2.834155e-12,0
0.2045153,0
0.001186534,0
0.166326,0
0.01771399,0
0.5336787,0
3.287242e-05,0
2.070286e-10,0
0.5231126,0
1.049134e-10,0
0.005940917,0
0.05654874,0
0.0006806092,0
0.003635501,0
2.58553e-11,0
0.05654874,0
0.7690886,0
1.301517e-06,0
0.06741314,0
9.432953e-06,0
0.001818024,0
0.009268504,0
0.001849125,0
0.0006732649,0
0.000175885,0
0.01489659,0
4.237473e-09,0
0.1618919,0
0.166326,0
0.00698633,0
0.0005130432,0
0.001757927,0
5.098804e-14,0
0.1221748,0
0.5231126,0
1.748578e-09,0
8.040982e-06,0
0.9999572,0
0.02338061,0
0.007861607,0
0.8467541,0
0.00471422,0
0.0002068632,0
0.0003584505,0
2.834155e-12,0
0.0004493208,0
0.03546112,0
3.281071e-06,0
2.793336e-08,0
0.751079,0
2.134029e-05,0
0.001019835,0
0.01489659,0
2.583441e-10,0
0.9997949,0
0.8750929,0
0.00471422,0
0.01928465,0
1.358533e-07,0
0.5835847,0
0.9999974,0
0.2685895,0
0.0009212581,0
3.455577e-05,0
0.001454145,0
2.15235e-06,0
0.0002065536,0
0.8543218,0
4.419918e-05,0
2.58553e-11,0
0.9627511,0
0.002646366,0
0.04410696,0
4.845037e-06,0
0.9958216,0
8.3448e-09,0
0.8827561,0
0.05029561,0
0.0007262466,0
0.002162805,0
4.949668e-13,0
0.2324395,0
0.0001738875,0
0.5847474,0
3.888052e-11,0
1.098057e-07,0
0.0003835,0
0.004637613,0
3.286528e-07,0
0.01003537,0
1.748578e-09,0
0.002592583,0
4.845037e-06,0
0.008769549,0
4.237473e-09,0
0.2794884,0
0.3967074,0
0.000175885,0
1.48249e-14,0
9.029021e-05,0
0.927433,0
0.2469554,0
0.1511422,0
1.45571e-08,0
0.01489659,0
0.8815668,0
0.004637613,0
1.45571e-08,0
0.1150707,0
1.025222e-12,0
0.05461316,0
0.0001496094,0
7.404333e-08,0
0.0007592729,0
0.002592583,0
0.7115817,0
7.066804e-05,0
3.869131e-06,0
0.9999266,0
7.41169e-06,0
0.9936792,0
0.002592583,0
4.900599e-11,0
7.841389e-05,0
1.09526e-05,0
0.007977663,0
0.0008794797,0
0.001849125,0
1.899771e-07,0
6.760875e-05,0
3.47787e-06,0
0.9986505,0
0.9999921,0
2.045949e-09,0
7.41169e-06,0
3.341202e-09,0
0.2575266,0
0.001027508,0
0.0002778608,0
0.9925368,0
0.8108469,0
0.7058393,0
2.878546e-06,0
0.06741314,0
5.300396e-08,0
0.0001197465,0
4.900599e-11,0
0.01199023,0
0.9238648,0
0.001290698,0
0.5493464,0
0.08867395,0
1.658505e-08,0
0.07003602,0
0.9999996,0
1.085115e-05,0
0.9965248,0
0.8892162,0
5.521258e-06,0
1.658505e-08,0
1,0
0.01489659,0
4.394133e-07,0
0.06741314,0
0.999925,0
0.054722,0
7.513962e-09,0
3.47787e-06,0
0.2874052,0
3.47787e-06,0
1.273064e-05,0
0.9760934,0
0.6528758,0
7.0923e-07,0
0.997551,0
1.470587e-09,0
1.707389e-15,0
3.395451e-05,0
0.01489659,0
1.690783e-09,0
0.03028597,0
0.0007699303,0
0.1915489,0
0.003635501,0
0.01489659,0
0.03028597,0
0.01489659,0
0.0002757128,0
0.004367501,0
4.536688e-08,0
1.236909e-07,0
2.540807e-07,0
0.9998884,0
8.546493e-06,0
0.1604885,0
2.988194e-05,0
0.01489659,0
0.0002971927,0
8.662247e-05,0
0.9224993,0
2.331734e-09,0
0.003148436,0
1.119292e-13,0
2.738055e-08,0
7.70947e-05,0
3.226348e-05,0
0.0005130432,0
0.01489659,0
6.760875e-05,0
0.166326,0
0.01489659,0
0.003715795,0
0.5874519,0
0.01489659,0
0.0002778608,0
0.0007070821,0
3.281071e-06,0
1,0
2.834155e-12,0
0.2045153,0
0.9926796,0
0.001588953,0
0.01489659,0
0.9999996,0
0.009042292,0
0.002582274,0
2.466678e-06,0
0.01489659,0
0.006616277,0
0.05654874,0
0.0005815654,0
0.003635501,0
0.01489659,0
9.920529e-13,0
1.052952e-07,0
7.781298e-05,0
0.00130148,0
1.562567e-06,0
0.001838909,0
0.0005792961,0
0.05654874,0
7.790526e-07,0
0.01489659,0
0.9998796,0
0.5276768,0
3.344769e-05,0
0.2045153,0
0.01489659,0
4.057198e-05,0
0.01005596,0
0.06741314,0
0.001806133,0
0.3250247,0
0.002592583,0
0.0003022663,0
1,0
3.47787e-06,0
0.002646366,0
3.932795e-07,0
0.9526276,0
0.9999841,0
9.907022e-06,0
0.01489659,0
4.890119e-09,0
7.513962e-09,0
0.05654874,0
4.839634e-07,0
0.01489659,0
3.896243e-07,0
0.5230706,0
0.007945041,0
0.9793522,0
5.189057e-05,0
0.01489659,0
0.166326,0
0.003715795,0
8.660721e-06,0
0.5838717,0
0.001454145,0
0.000110537,0
0.02810882,0
0.000424568,0
0.994633,0
0.0002068632,0
0.0004241293,0
0.9999999,0
7.20651e-12,0
0.9999632,0
0.009993491,0
0.9879932,0
0.004637613,0
0.02093601,0
0.563608,0
0.00651556,0
1.436855e-08,0
6.03476e-09,0
0.9990239,0
3.344769e-05,0
