Score,Label
2.046028e-05,1
5.475493e-09,1
5.716029e-07,1
9.014728e-08,1
7.58591e-05,1
8.258224e-05,1
5.475493e-09,1
2.729056e-06,1
8.478573e-07,1
3.831459e-09,1
8.411499e-09,1
1.23454e-09,1
1.89005e-10,1
5.152688e-08,1
9.934348e-10,1
8.505493e-07,1
1.153305e-07,1
3.549512e-10,1
8.902825e-08,1
2.786329e-05,1
4.252346e-09,1
1.780598e-09,1
5.372394e-09,1
4.094213e-07,1
1.979899e-08,1
3.315822e-07,1
1.170127e-07,1
1.03614e-05,1
1.643854e-07,1
4.565635e-09,1
4.703685e-10,1
4.513822e-09,1
1.999285e-06,1
1.681547e-06,1
2.296453e-06,1
2.050552e-07,1
7.652686e-08,1
4.976233e-08,1
1.070783e-07,1
2.059653e-08,1
6.006112e-08,1
3.2301e-09,1
7.647075e-07,1
1.681547e-06,1
5.456146e-08,1
7.323515e-08,1
3.322515e-05,1
0.00108684,1
3.166998e-07,1
0.0006530657,1
5.254602e-07,1
4.763649e-08,1
2.559107e-09,1
0.0003190801,1
0.0001769004,1
1.731762e-07,1
7.87879e-08,1
1.177247e-05,1
2.682714e-09,1
1.928392e-06,1
8.778985e-07,1
2.081538e-06,1
1.562493e-05,1
0.0001083994,1
1.357355e-08,1
8.083176e-06,1
2.15485e-07,1
5.734124e-08,1
3.248768e-08,1
7.984681e-10,1
2.042318e-10,1
9.845698e-08,1
5.514352e-10,1
3.694599e-10,1
1.424502e-06,1
3.25779e-08,1
2.480471e-07,1
6.311062e-07,1
1.181025e-06,1
9.513881e-08,1
1.587689e-09,1
1.131861e-08,1
7.017385e-08,1
2.629055e-09,1
2.475387e-08,1
1.008135e-07,1
7.854947e-08,1
4.289149e-06,1
1.016537e-06,1
3.799611e-10,1
2.487872e-09,1
2.801995e-07,1
1.916188e-06,1
2.392592e-07,1
0.005161645,1
2.171937e-08,1
6.654187e-06,1
1.485036e-08,1
6.648287e-08,1
5.474602e-10,1
2.767447e-06,1
1.745064e-07,1
1.609141e-07,1
1.8009e-09,1
1.319214e-08,1
1.326753e-06,1
3.664671e-11,1
3.625228e-06,1
1.542873e-07,1
1.521133e-06,1
2.104632e-07,1
1.362438e-09,1
1.804297e-06,1
4.087395e-05,1
7.777508e-06,1
2.379127e-07,1
8.977734e-08,1
2.205657e-06,1
9.222392e-05,1
6.555135e-08,1
4.556217e-08,1
1.530182e-06,1
5.446791e-05,1
1.831669e-06,1
4.347332e-07,1
6.445796e-06,1
1.247479e-07,1
8.977734e-08,1
1.793309e-07,1
3.629154e-07,1
3.685116e-08,1
7.879421e-08,1
1.604229e-07,1
5.716029e-07,1
5.155374e-05,1
5.475493e-09,1
4.589769e-09,1
0.006431405,1
1.119074e-07,1
4.496827e-08,1
1.382884e-07,1
0.001283343,1
3.645223e-10,1
1.607021e-08,1
4.648659e-08,1
1.382884e-07,1
6.745149e-10,1
1.301557e-08,1
3.72057e-07,1
0.0008472807,1
2.478188e-08,1
7.065439e-08,1
5.209119e-09,1
5.949968e-07,1
4.054285e-08,1
2.562526e-09,1
4.605696e-08,1
9.707967e-08,1
7.309406e-07,1
1.553156e-06,1
5.475493e-09,1
0.0002391787,1
9.939246e-06,1
5.923962e-06,1
6.204174e-06,1
2.163713e-07,1
6.055709e-05,1
8.03462e-06,1
1.147115e-05,1
4.619448e-05,1
3.860823e-05,1
1.631936e-06,1
2.859416e-07,1
3.801614e-05,1
3.898358e-08,1
7.451408e-09,1
6.973305e-05,1
2.427139e-07,1
6.371035e-09,1
9.081954e-05,1
1.478987e-07,1
0.0002220724,1
5.475493e-09,1
5.475493e-09,1
5.383955e-06,1
0.0005694206,1
3.240233e-06,1
5.475493e-09,1
5.475493e-09,1
5.475493e-09,1
5.475493e-09,1
7.174875e-07,1
6.257233e-05,1
9.465929e-09,1
9.350136e-09,1
1.426993e-09,1
5.716029e-07,1
5.475493e-09,1
2.046028e-05,1
5.475493e-09,1
1.811411e-09,1
5.475493e-09,1
5.475493e-09,1
5.475493e-09,1
5.716029e-07,1
3.644633e-06,1
3.596984e-05,1
9.326767e-09,1
4.913174e-09,1
5.475493e-09,1
8.257661e-06,1
3.07649e-06,1
8.192375e-06,1
3.022172e-07,1
4.28626e-07,1
1.468207e-05,1
9.516256e-07,1
1.858102e-06,1
9.498136e-06,1
3.857721e-07,1
2.096268e-06,1
6.646575e-07,1
5.707738e-07,1
2.758309e-07,1
9.404437e-07,1
4.815427e-07,1
9.138841e-08,1
1.147631e-07,1
2.046028e-05,1
2.046028e-05,1
5.993656e-10,1
1.023478e-07,1
1.023478e-07,1
3.238949e-08,1
5.090171e-07,1
2.644113e-07,1
1.731341e-07,1
5.090171e-07,1
3.874393e-08,1
2.59091e-07,1
2.644113e-07,1
5.142938e-07,1
8.294117e-09,1
5.090171e-07,1
2.761009e-08,1
1.023478e-07,1
6.97117e-09,1
2.761009e-08,1
1.121327e-08,1
2.016375e-08,1
1.731341e-07,1
2.644113e-07,1
3.108996e-08,1
1.918878e-08,1
4.168351e-07,1
3.775472e-07,1
1.023478e-07,1
1.023478e-07,1
1.792418e-07,1
4.209907e-07,1
5.712149e-07,1
2.016375e-08,1
6.85705e-08,1
1.66679e-06,1
3.33543e-05,1
6.840184e-09,1
2.212805e-07,1
5.563808e-05,1
7.728737e-06,1
8.496176e-05,1
1.198716e-06,1
3.903671e-07,1
1.954112e-06,1
5.677922e-08,1
4.549625e-08,1
8.496176e-05,1
2.960851e-07,1
4.699634e-09,1
1.167905e-07,1
1.261137e-08,1
4.805048e-09,1
5.828479e-08,1
8.986574e-08,1
1.599199e-05,1
4.920012e-08,1
1.836259e-09,1
4.920012e-08,1
3.069162e-08,1
1.983538e-09,1
2.482716e-08,1
1.068734e-06,1
7.41953e-08,1
8.804987e-06,1
2.177171e-08,1
2.694699e-05,1
1.206146e-06,1
2.102537e-08,1
1.733912e-09,1
5.112765e-08,1
2.019506e-06,1
1.395077e-06,1
1.793877e-07,1
8.804987e-06,1
1.486167e-07,1
1.218216e-07,1
2.493712e-08,1
1.133045e-07,1
1.785245e-07,1
3.288713e-08,1
7.667706e-08,1
1.234602e-08,1
7.371622e-06,1
1.075555e-09,1
8.724703e-06,1
5.475493e-09,1
5.475493e-09,1
5.475493e-09,1
5.475493e-09,1
3.913078e-08,1
2.612456e-08,1
1.128709e-06,1
3.488223e-07,1
6.169429e-08,1
1.097929e-08,1
2.121374e-07,1
1.948208e-06,1
1.695313e-06,1
1.323978e-06,1
2.555032e-07,1
1.115775e-06,1
7.925889e-07,1
3.165656e-06,1
5.505383e-08,1
5.33512e-07,1
1.833899e-06,1
3.686885e-06,1
4.769558e-08,1
3.628745e-08,1
2.121936e-07,1
5.977381e-08,1
5.581861e-08,1
3.260341e-06,1
9.113024e-09,1
0.0003525361,1
4.797555e-07,1
3.720688e-06,1
2.101663e-08,1
1.14657e-10,1
3.984598e-08,1
9.538244e-07,1
8.336657e-08,1
3.162934e-06,1
3.239808e-08,1
1.124427e-05,1
9.457502e-07,1
3.148658e-07,1
2.242929e-09,1
1.259997e-07,1
3.239808e-08,1
1.214772e-07,1
4.10067e-06,1
1.121398e-06,1
1.012561e-05,1
4.10067e-06,1
1.569815e-08,1
4.10067e-06,1
3.239808e-08,1
6.725333e-07,1
5.73923e-05,1
2.51146e-07,1
1.124427e-05,1
5.852211e-06,1
3.239808e-08,1
4.10067e-06,1
3.828397e-06,1
6.375728e-09,1
5.140553e-06,1
6.725333e-07,1
3.298434e-05,1
1.726287e-07,1
3.239808e-08,1
4.10067e-06,1
4.10067e-06,1
1.569815e-08,1
1.214772e-07,1
3.239808e-08,1
4.10067e-06,1
4.10067e-06,1
3.239808e-08,1
2.628839e-09,1
3.239808e-08,1
1.671834e-08,1
2.847327e-08,1
7.617627e-06,1
4.10067e-06,1
3.239808e-08,1
1.677994e-08,1
3.239808e-08,1
2.702045e-07,1
3.463015e-08,1
7.668027e-08,1
3.267722e-08,1
1.255946e-07,1
1.956434e-07,1
1.956434e-07,1
1.956434e-07,1
1.956434e-07,1
7.073529e-08,1
7.892658e-08,1
9.310024e-07,1
1.956434e-07,1
5.6612e-06,1
2.782308e-08,1
3.485489e-05,1
2.93605e-05,1
4.210657e-06,1
2.3767e-08,1
5.6612e-06,1
1.493363e-07,1
1.062067e-07,1
9.310024e-07,1
1.956434e-07,1
3.774918e-07,1
5.960038e-07,1
5.648703e-08,1
1.956434e-07,1
4.740355e-07,1
6.277761e-06,1
9.653557e-05,1
2.67871e-07,1
5.301165e-07,1
4.451827e-07,1
1.956434e-07,1
1.362387e-07,1
2.3767e-08,1
1.956434e-07,1
6.541283e-08,1
9.129265e-07,1
4.436273e-08,1
3.014424e-07,1
2.73435e-06,1
1.111988e-07,1
8.633227e-08,1
1.37249e-06,1
5.270049e-07,1
4.482081e-08,1
5.691682e-08,1
1.055274e-06,1
6.828851e-07,1
1.847077e-07,1
2.861023e-09,1
6.481929e-08,1
3.571982e-07,1
2.629388e-07,1
4.02771e-07,1
6.051371e-08,1
5.548996e-08,1
1.029314e-07,1
1.215362e-06,1
4.11197e-07,1
5.816629e-08,1
6.001383e-07,1
1.945351e-06,1
1.584903e-08,1
1.276595e-07,1
4.409312e-08,1
1.03595e-07,1
4.193564e-09,1
4.816851e-08,1
2.646127e-07,1
5.46796e-08,1
0.0002153086,1
6.130118e-07,1
1.994341e-05,1
7.84406e-07,1
1.018733e-08,1
7.84406e-07,1
2.251356e-08,1
2.155721e-08,1
3.705499e-08,1
4.817053e-08,1
3.306305e-07,1
3.856213e-07,1
5.450353e-08,1
6.081572e-05,1
3.08976e-07,1
1.144479e-07,1
2.765943e-07,1
2.47476e-07,1
1.11749e-06,1
9.6689e-07,1
3.25719e-10,1
1.681378e-10,1
8.175989e-08,1
2.13838e-06,1
2.935137e-05,1
0.0002947974,1
9.664585e-07,1
2.47476e-07,1
3.406304e-08,1
3.176006e-07,1
7.24197e-07,1
5.383955e-06,1
3.468447e-09,1
0.0001873088,1
2.143016e-06,1
1.610324e-05,1
5.475493e-09,1
2.127872e-09,1
5.475493e-09,1
1.203803e-08,1
1.811411e-09,1
2.127872e-09,1
5.475493e-09,1
2.127872e-09,1
1.203803e-08,1
6.254433e-06,1
5.471084e-07,1
4.810076e-08,1
0.002119825,1
2.257673e-05,1
9.31061e-07,1
6.623883e-07,1
2.615597e-08,1
1.995033e-07,1
4.810076e-08,1
0.0001537016,1
0.002149258,1
3.68771e-08,1
1.667108e-06,1
1.995033e-07,1
3.939408e-08,1
4.87943e-06,1
4.107181e-07,1
4.117651e-08,1
7.098814e-09,1
3.28827e-10,1
5.935505e-07,1
1.678291e-08,1
3.463874e-08,1
1.913425e-08,1
2.181823e-07,1
1.213756e-07,1
4.378964e-08,1
3.564121e-08,1
4.340704e-05,1
3.099712e-06,1
2.978803e-09,1
1.293854e-07,1
2.416981e-10,1
1.138938e-08,1
1.413562e-08,1
2.127872e-09,1
5.475493e-09,1
5.475493e-09,1
1.203803e-08,1
1.811411e-09,1
0.002143385,1
4.048788e-09,1
5.824031e-09,1
1.689032e-09,1
4.370636e-08,1
1.030758e-08,1
8.76245e-05,1
1.555476e-08,1
0.0002903108,1
1.158257e-10,1
8.682379e-10,1
9.994052e-08,1
5.909321e-08,1
1.431609e-08,1
5.713315e-07,1
5.181703e-07,1
0.0001952064,1
1.93068e-09,1
8.096855e-09,1
2.581432e-09,1
4.401535e-07,1
5.475493e-09,1
5.475493e-09,1
5.475493e-09,1
2.567313e-06,1
5.475493e-09,1
5.475493e-09,1
5.475493e-09,1
1.737608e-07,1
2.546959e-07,1
1.337068e-07,1
1.131889e-07,1
4.284566e-06,1
7.289445e-06,1
6.35117e-07,1
2.651522e-07,1
6.03923e-07,1
1.193079e-05,1
5.670644e-06,1
3.983808e-07,1
1.374321e-07,1
1.262787e-06,1
4.49363e-06,1
1.53364e-06,1
4.774653e-09,1
2.002321e-08,1
2.223846e-08,1
2.127872e-09,1
5.475493e-09,1
2.127872e-09,1
1.203803e-08,1
1.811411e-09,1
5.475493e-09,1
3.988484e-06,1
2.127872e-09,1
5.475493e-09,1
2.127872e-09,1
1.811411e-09,1
9.563255e-07,1
2.127872e-09,1
5.475493e-09,1
2.127872e-09,1
1.811411e-09,1
5.475493e-09,1
4.672454e-09,1
2.038273e-07,1
3.862521e-06,1
1.349225e-06,1
1.201124e-08,1
1.041191e-08,1
4.153706e-09,1
4.014678e-08,1
1.195912e-08,1
2.705431e-07,1
2.307891e-08,1
2.299886e-06,1
1.138388e-05,1
9.37553e-09,1
2.139377e-06,1
2.83662e-09,1
1.07004e-07,1
2.306919e-07,1
1.124111e-06,1
1.443453e-07,1
1.298655e-09,1
3.482336e-08,1
6.915611e-10,1
1.503142e-06,1
7.028634e-09,1
1.750256e-09,1
4.774653e-09,1
5.134163e-09,1
8.568623e-05,1
2.567313e-06,1
4.835681e-06,1
1.905851e-06,1
5.475493e-09,1
9.659217e-10,1
5.995331e-08,1
1.011288e-08,1
4.249239e-05,1
4.634733e-08,1
1.307708e-07,1
1.185972e-08,1
1.94987e-08,1
8.751749e-09,1
1.476231e-07,1
4.026857e-07,1
1.49823e-10,1
1.320355e-08,1
7.814555e-08,1
2.73688e-08,1
5.019415e-07,1
4.589673e-09,1
8.894284e-09,1
2.631646e-06,1
1.305746e-08,1
2.975823e-08,1
3.926764e-10,1
2.896699e-08,1
2.901803e-08,1
1.011724e-07,1
5.884299e-11,1
3.208356e-10,1
6.874962e-09,1
1.430014e-09,1
9.150217e-11,1
1.003806e-08,1
1.859748e-08,1
9.346062e-07,1
1.266997e-06,1
1.65506e-08,1
5.199481e-09,1
3.137535e-09,1
2.788072e-12,1
5.475493e-09,1
5.475493e-09,1
5.475493e-09,1
5.475493e-09,1
5.475493e-09,1
8.568623e-05,1
2.567313e-06,1
4.835681e-06,1
1.905851e-06,1
5.475493e-09,1
9.659217e-10,1
7.1683e-05,1
5.475493e-09,1
2.567313e-06,1
2.046028e-05,1
5.475493e-09,1
5.475493e-09,1
1.049742e-05,1
1.188318e-07,1
5.354107e-07,1
1.450003e-10,1
5.363807e-07,1
2.46786e-10,1
2.355374e-10,1
7.819531e-09,1
3.78431e-08,1
5.753021e-08,1
2.080779e-07,1
4.455571e-09,1
2.159692e-09,1
4.404554e-08,1
5.248834e-09,1
3.893005e-07,1
3.247374e-07,1
1.091169e-08,1
2.967526e-11,1
6.848619e-08,1
8.35422e-07,1
8.357123e-10,1
5.902894e-10,1
1.409296e-07,1
8.948057e-08,1
1.039873e-08,1
1.55511e-09,1
7.992261e-08,1
5.475493e-09,1
5.475493e-09,1
5.475493e-09,1
5.475493e-09,1
1.000172e-07,1
9.407221e-08,1
7.841428e-07,1
1.826461e-08,1
1.37055e-08,1
7.163626e-09,1
6.697007e-06,1
2.392079e-07,1
6.510522e-06,1
1.23236e-07,1
4.286648e-07,1
2.165527e-05,1
1.915825e-08,1
1.029314e-07,1
1.215362e-06,1
5.475493e-09,1
3.736464e-08,1
6.368911e-08,1
6.914904e-07,1
5.264977e-09,1
1.389216e-05,1
2.487504e-06,1
1.241365e-07,1
5.671233e-07,1
2.184602e-06,1
2.106699e-05,1
8.200384e-08,1
1.222419e-06,1
1.122991e-07,1
1.979305e-05,1
4.143438e-05,1
2.678381e-06,1
1.517553e-07,1
1.545213e-07,1
2.840363e-06,1
9.650629e-05,1
8.006548e-06,1
4.481936e-08,1
2.432664e-06,1
7.604277e-07,1
4.379628e-07,1
4.610502e-09,1
2.77145e-08,1
3.394973e-07,1
1.119555e-09,1
4.732568e-08,1
3.825907e-10,1
4.379628e-07,1
1.35919e-07,1
1.415503e-06,1
7.661566e-08,1
2.24844e-06,1
3.034094e-07,1
1.043103e-06,1
2.23752e-08,1
1.09369e-09,1
1.267087e-07,1
2.121282e-06,1
5.457728e-08,1
2.286033e-05,1
3.342531e-05,1
3.476238e-07,1
7.449564e-08,1
3.572324e-06,1
5.026639e-07,1
2.347153e-06,1
9.229352e-08,1
5.386988e-08,1
4.951758e-08,1
3.342531e-05,1
2.045279e-07,1
3.130095e-08,1
1.500431e-07,1
9.229352e-08,1
9.961205e-08,1
5.167806e-07,1
2.694885e-08,1
1.475949e-08,1
6.963277e-09,1
6.059304e-09,1
3.785379e-08,1
4.93262e-09,1
2.978657e-08,1
7.778011e-06,1
4.862266e-08,1
2.781327e-07,1
3.053805e-07,1
2.890545e-08,1
3.490154e-09,1
2.580941e-08,1
6.30999e-07,1
1.081086e-06,1
1.3255e-08,1
6.952396e-07,1
7.815432e-07,1
3.453956e-09,1
1.533296e-05,1
2.266027e-06,1
8.998408e-08,1
5.980654e-06,1
1.760279e-06,1
1.760279e-06,1
1.917011e-06,1
1.809142e-09,1
6.308438e-08,1
1.760279e-06,1
4.22646e-06,1
6.768337e-09,1
1.760279e-06,1
2.603664e-09,1
6.930762e-07,1
3.591005e-06,1
2.035757e-06,1
1.303895e-05,1
5.931391e-06,1
4.851798e-08,1
4.851798e-08,1
1.760279e-06,1
1.060941e-05,1
1.760279e-06,1
1.760279e-06,1
6.91112e-07,1
8.124763e-09,1
2.023917e-06,1
5.785469e-09,1
1.804369e-07,1
3.073692e-06,1
5.325616e-06,1
8.379751e-06,1
1.286881e-06,1
1.760279e-06,1
2.4166e-06,1
1.459605e-06,1
2.662544e-08,1
5.674583e-06,1
5.475493e-09,1
1.090183e-06,1
3.084004e-06,1
3.892904e-07,1
1.584593e-05,1
9.933803e-09,1
7.565947e-10,1
1.729822e-05,1
5.763471e-10,1
2.197816e-07,1
2.672236e-08,1
7.256036e-05,1
5.311404e-09,1
5.05042e-07,1
2.203528e-08,1
7.019379e-08,1
1.345986e-11,1
2.648201e-08,1
1.418297e-08,1
2.707039e-11,1
1.022467e-06,1
1.041463e-08,1
4.77466e-10,1
4.062978e-08,1
2.127872e-09,1
1.203803e-08,1
5.475493e-09,1
3.468447e-09,1
7.217447e-05,1
6.167921e-09,1
2.181844e-08,1
1.153575e-08,1
1.025793e-09,1
2.047e-07,1
4.39609e-10,1
1.27884e-09,1
3.773219e-07,1
6.401512e-09,1
7.398369e-10,1
9.339989e-10,1
2.187511e-07,1
7.76336e-08,1
1.94085e-07,1
1.386281e-10,1
2.364157e-09,1
3.111731e-08,1
9.966792e-08,1
1.67568e-09,1
1.94085e-07,1
4.297802e-10,1
6.365339e-09,1
4.928571e-11,1
1.054601e-05,1
2.127872e-09,1
5.475493e-09,1
1.203803e-08,1
2.127872e-09,1
5.475493e-09,1
2.127872e-09,1
1.203803e-08,1
1.279826e-05,1
5.475493e-09,1
5.475493e-09,1
5.475493e-09,1
5.475493e-09,1
4.913174e-09,1
4.040958e-09,1
3.158661e-07,1
6.391528e-10,1
1.216597e-08,1
1.054015e-06,1
7.879135e-08,1
2.105666e-09,1
2.286068e-08,1
5.50823e-08,1
4.992694e-07,1
1.483779e-08,1
5.298961e-08,1
5.702766e-08,1
4.928216e-10,1
1.521963e-09,1
2.265757e-08,1
3.124076e-09,1
1.305834e-07,1
9.792151e-09,1
3.450113e-08,1
2.293007e-08,1
1.410027e-08,1
7.873953e-08,1
4.621113e-08,1
3.17495e-09,1
8.349018e-09,1
7.944364e-10,1
1.367906e-09,1
7.22935e-08,1
1.358691e-09,1
1.93978e-08,1
1.974687e-08,1
2.483365e-08,1
1.023115e-08,1
5.655581e-07,1
2.31668e-06,1
1.633664e-08,1
5.061415e-09,1
2.645799e-06,1
1.302128e-07,1
1.999509e-07,1
3.187517e-08,1
7.061316e-08,1
5.154074e-08,1
0.002055385,1
3.622038e-07,1
8.005082e-05,1
2.912541e-07,1
3.592553e-09,1
2.439274e-05,1
1.318301e-07,1
6.09248e-07,1
2.132024e-09,1
2.597287e-08,1
2.132024e-09,1
1.540218e-09,1
3.721489e-07,1
5.791309e-09,1
5.677814e-08,1
4.275859e-09,1
1.017058e-07,1
9.186937e-08,1
5.310465e-07,1
2.313754e-06,1
2.420011e-06,1
4.521715e-09,1
7.21102e-08,1
5.246512e-09,1
2.743565e-08,1
5.517588e-08,1
3.903155e-09,1
9.009265e-05,1
1.463569e-08,1
4.262409e-05,1
5.475493e-09,1
1.084603e-06,1
1.631837e-10,1
1.569614e-09,1
2.245811e-07,1
3.45859e-07,1
9.084346e-07,1
5.885587e-08,1
4.185791e-08,1
4.103719e-08,1
2.39727e-07,1
0.0001052723,1
3.159185e-08,1
5.895505e-09,1
1.283954e-06,1
1.051639e-07,1
1.680505e-07,1
3.45859e-07,1
6.856016e-07,1
5.341265e-08,1
4.279067e-08,1
8.106176e-08,1
2.989503e-09,1
8.25304e-09,1
6.46637e-08,1
3.738161e-08,1
1.849476e-07,1
6.924837e-10,1
1.844333e-07,1
2.198514e-09,1
1.525579e-09,1
1.491862e-05,1
7.45973e-08,1
4.356431e-06,1
3.681482e-09,1
5.846666e-10,1
7.742118e-06,1
1.427922e-07,1
3.076597e-05,1
1.382525e-07,1
6.261883e-10,1
9.965381e-09,1
1.688905e-07,1
4.356444e-09,1
2.593501e-06,1
5.761131e-06,1
8.337174e-10,1
3.780281e-10,1
1.788318e-08,1
2.567313e-06,1
2.567313e-06,1
1.111513e-06,1
1.16981e-05,1
2.106623e-06,1
9.726955e-06,1
8.983589e-09,1
5.475493e-09,1
1.04097e-08,1
9.659217e-10,1
3.319302e-08,1
5.161627e-09,1
8.511074e-09,1
7.435595e-07,1
4.913174e-09,1
4.187564e-07,1
4.651025e-09,1
2.098387e-08,1
1.707329e-06,1
1.621081e-08,0
1.262347e-08,0
2.779219e-06,0
1.604748e-08,0
6.979076e-08,0
3.533707e-05,0
5.797921e-08,0
7.166813e-08,0
1.264752e-06,0
1.184202e-07,0
1.351501e-06,0
6.653955e-09,0
4.25425e-05,0
1.065329e-06,0
1.203572e-05,0
8.568623e-05,0
5.444903e-07,0
1.322712e-08,0
2.925253e-05,0
3.003774e-07,0
8.568623e-05,0
5.146357e-10,0
8.459613e-06,0
3.053011e-09,0
3.47481e-09,0
7.567798e-09,0
1.278614e-09,0
2.744966e-09,0
2.128128e-09,0
1.203803e-08,0
1.79591e-08,0
2.792544e-07,0
1.611271e-09,0
4.031703e-05,0
4.561163e-05,0
2.454263e-09,0
6.96292e-06,0
1.389491e-07,0
0.0001071886,0
6.68996e-06,0
3.098515e-07,0
1.531224e-08,0
2.679914e-06,0
8.568623e-05,0
1.856847e-06,0
2.612456e-08,0
3.512948e-06,0
2.339123e-07,0
2.90757e-08,0
1.717388e-10,0
9.779823e-07,0
1.198835e-06,0
5.349469e-09,0
5.618053e-10,0
1.956434e-07,0
7.6765e-07,0
2.018238e-07,0
2.128128e-09,0
5.419203e-08,0
9.406431e-08,0
1.713825e-09,0
9.748956e-08,0
5.236884e-09,0
3.513451e-09,0
1.389491e-07,0
1.304069e-08,0
2.038115e-06,0
1.833691e-07,0
7.407807e-08,0
3.065094e-09,0
5.169857e-07,0
1.254754e-09,0
5.594705e-08,0
5.417487e-07,0
3.424825e-08,0
1.898469e-09,0
1.24059e-08,0
2.187379e-06,0
2.74634e-06,0
5.463936e-08,0
6.527252e-06,0
1.574247e-08,0
2.941261e-07,0
1.687546e-06,0
1.811411e-09,0
6.06584e-07,0
3.10775e-09,0
6.296308e-07,0
1.712908e-08,0
2.364912e-07,0
3.008616e-05,0
1.413234e-05,0
5.475493e-09,0
3.756498e-06,0
5.161095e-05,0
6.961208e-08,0
1.203803e-08,0
1.203803e-08,0
1.563319e-08,0
1.393284e-07,0
1.829773e-09,0
9.73437e-08,0
8.651126e-07,0
1.651388e-10,0
0.001231517,0
2.394636e-06,0
1.045446e-05,0
3.638115e-06,0
5.133657e-08,0
1.043724e-07,0
8.287237e-06,0
3.47481e-09,0
9.493796e-08,0
7.344901e-09,0
2.397052e-10,0
6.514611e-09,0
2.210169e-07,0
5.080243e-10,0
4.831749e-07,0
1.014792e-09,0
5.845797e-10,0
1.712211e-05,0
3.886342e-06,0
4.113978e-07,0
1.461347e-07,0
1.527501e-08,0
5.119769e-09,0
1.275747e-06,0
1.24059e-08,0
3.240233e-06,0
3.708183e-06,0
1.760279e-06,0
4.0874e-08,0
8.909312e-07,0
1.920483e-07,0
3.160921e-07,0
2.374842e-07,0
1.351501e-06,0
8.287237e-06,0
1.550308e-08,0
5.080243e-10,0
1.685322e-07,0
4.10067e-06,0
1.447539e-08,0
8.568623e-05,0
1.707228e-09,0
2.442245e-06,0
2.957761e-07,0
1.099762e-09,0
6.235933e-11,0
6.526217e-07,0
5.133657e-08,0
2.127872e-09,0
6.297978e-08,0
8.568623e-05,0
5.755529e-06,0
2.610746e-09,0
8.049608e-10,0
1.904558e-07,0
6.96292e-06,0
9.178492e-07,0
6.724654e-08,0
1.319707e-05,0
7.931757e-07,0
1.592167e-10,0
3.756498e-06,0
8.568623e-05,0
3.193962e-08,0
2.950419e-08,0
1.016887e-06,0
1.401147e-06,0
2.005884e-06,0
3.856181e-09,0
2.610746e-09,0
1.719095e-07,0
6.698194e-07,0
1.022141e-09,0
4.65614e-07,0
8.726416e-08,0
2.536082e-06,0
1.956186e-05,0
1.366263e-05,0
1.190006e-07,0
3.534646e-08,0
3.647856e-08,0
5.236884e-09,0
9.135678e-10,0
8.568623e-05,0
1.247803e-07,0
9.223743e-06,0
1.053252e-10,0
8.568623e-05,0
8.568623e-05,0
3.557905e-05,0
1.798413e-07,0
4.181871e-09,0
2.472002e-09,0
1.150427e-06,0
9.135678e-10,0
8.73795e-06,0
4.37519e-08,0
4.671668e-06,0
6.526217e-07,0
4.85016e-08,0
8.909312e-07,0
1.42033e-07,0
5.032803e-10,0
1.158372e-05,0
2.046949e-08,0
8.568623e-05,0
1.478962e-07,0
6.139297e-08,0
6.724654e-08,0
2.53478e-08,0
5.716525e-10,0
4.189561e-07,0
1.617932e-09,0
2.216338e-07,0
9.860473e-05,0
6.59487e-10,0
1.465604e-11,0
3.3739e-06,0
1.278723e-09,0
1.382334e-10,0
2.383845e-06,0
1.895024e-06,0
1.224303e-11,0
3.376861e-07,0
4.620179e-08,0
8.241112e-10,0
3.423682e-07,0
5.383955e-06,0
9.726955e-06,0
1.443899e-07,0
5.92888e-06,0
4.604682e-07,0
1.37231e-06,0
1.303258e-06,0
1.150427e-06,0
5.755529e-06,0
8.241112e-10,0
1.518903e-05,0
4.897766e-06,0
1.278723e-09,0
8.287237e-06,0
3.455754e-07,0
4.189561e-07,0
3.246138e-10,0
2.612456e-08,0
3.37465e-11,0
6.593654e-09,0
2.127872e-09,0
5.239644e-08,0
8.223712e-07,0
3.582264e-08,0
5.089758e-10,0
1.571667e-08,0
3.201166e-07,0
7.549735e-07,0
1.768879e-09,0
3.423682e-07,0
2.127872e-09,0
5.094265e-07,0
8.405433e-10,0
2.672236e-08,0
4.41682e-08,0
7.176661e-07,0
4.720411e-06,0
9.135678e-10,0
1.430428e-06,0
8.350244e-09,0
7.746018e-06,0
1.608633e-09,0
4.116552e-08,0
1.336137e-06,0
4.692267e-11,0
9.690538e-07,0
7.906459e-08,0
7.132299e-08,0
2.569502e-08,0
1.461347e-07,0
1.2396e-06,0
1.023478e-07,0
2.374552e-08,0
1.077622e-07,0
1.797164e-08,0
1.294175e-07,0
1.009684e-07,0
1.934813e-09,0
2.116028e-06,0
1.613262e-07,0
5.090385e-07,0
2.01337e-07,0
1.339312e-08,0
2.018238e-07,0
2.303704e-08,0
1.711333e-05,0
3.246138e-10,0
1.023245e-09,0
5.15607e-07,0
2.591123e-07,0
1.849329e-06,0
3.871076e-06,0
3.201166e-07,0
3.831614e-08,0
1.26419e-08,0
9.135678e-10,0
2.612456e-08,0
3.060014e-08,0
1.185669e-06,0
1.020424e-07,0
3.585228e-06,0
7.06529e-08,0
1.365885e-05,0
7.549735e-07,0
2.237626e-09,0
3.511001e-08,0
3.533707e-05,0
2.054926e-07,0
1.811411e-09,0
8.568623e-05,0
1.306516e-09,0
5.133657e-08,0
9.640163e-05,0
1.47566e-07,0
6.027306e-09,0
1.084462e-05,0
9.864739e-08,0
6.335347e-05,0
8.568623e-05,0
5.347847e-09,0
8.673048e-09,0
2.438479e-07,0
6.59487e-10,0
2.795767e-06,0
2.946256e-09,0
4.778286e-10,0
2.612456e-08,0
3.066e-09,0
2.127872e-09,0
4.835681e-06,0
8.717165e-07,0
2.569502e-08,0
2.610746e-09,0
9.704209e-08,0
3.281564e-07,0
5.310736e-09,0
2.447182e-08,0
8.568623e-05,0
4.292157e-05,0
1.022373e-06,0
5.797921e-08,0
3.956613e-09,0
1.998266e-08,0
6.79894e-08,0
3.508368e-09,0
5.863284e-10,0
1.803149e-08,0
5.062605e-08,0
4.179989e-09,0
1.444544e-08,0
5.094265e-07,0
3.098515e-07,0
5.3697e-06,0
8.568623e-05,0
8.241112e-10,0
1.811065e-06,0
6.974657e-06,0
1.790653e-07,0
3.995972e-06,0
6.331896e-08,0
3.518929e-07,0
5.444903e-07,0
2.736025e-07,0
4.105605e-08,0
6.897593e-09,0
1.836811e-10,0
1.401276e-07,0
2.744138e-06,0
1.41823e-07,0
5.475493e-09,0
3.074464e-08,0
2.729056e-06,0
1.196853e-07,0
8.568623e-05,0
3.407441e-07,0
9.74089e-08,0
1.592167e-10,0
2.514367e-07,0
2.981002e-05,0
2.027674e-05,0
1.306516e-09,0
2.779219e-06,0
5.081233e-07,0
1.50333e-07,0
6.593654e-09,0
1.401276e-07,0
9.753213e-07,0
2.656187e-09,0
3.336624e-08,0
6.585466e-05,0
6.868464e-07,0
3.371623e-06,0
1.993041e-06,0
6.767153e-08,0
1.401276e-07,0
2.021274e-07,0
4.272409e-07,0
1.027207e-09,0
8.865461e-08,0
4.824763e-10,0
2.935024e-07,0
8.287237e-06,0
1.015381e-08,0
2.507241e-06,0
2.879265e-08,0
3.201082e-10,0
5.400544e-09,0
3.193962e-08,0
3.666432e-07,0
6.526217e-07,0
1.014792e-09,0
2.197849e-08,0
9.646568e-06,0
2.664719e-06,0
2.751854e-09,0
2.70126e-07,0
2.109626e-07,0
3.479638e-06,0
5.236884e-09,0
2.179848e-06,0
4.040958e-09,0
6.243446e-05,0
5.239644e-08,0
9.646568e-06,0
6.950275e-06,0
6.182361e-09,0
3.705973e-07,0
2.656187e-09,0
3.263723e-06,0
3.059685e-05,0
7.06529e-08,0
5.239644e-08,0
1.589743e-10,0
1.109932e-06,0
4.823533e-09,0
5.716029e-07,0
6.847758e-08,0
7.416417e-08,0
6.335347e-05,0
1.336336e-05,0
5.300139e-07,0
2.393433e-05,0
1.818354e-06,0
2.159238e-07,0
9.021722e-10,0
1.403634e-09,0
1.203803e-08,0
1.389824e-06,0
1.129054e-10,0
8.568623e-05,0
1.399755e-07,0
4.774988e-10,0
5.526551e-08,0
2.122794e-07,0
1.479404e-06,0
7.140302e-08,0
5.094265e-07,0
5.22362e-11,0
2.612456e-08,0
1.123027e-07,0
1.044435e-07,0
8.568623e-05,0
9.362238e-08,0
2.035291e-05,0
4.807044e-10,0
5.089758e-10,0
1.295828e-07,0
5.205996e-06,0
7.722647e-11,0
1.382334e-10,0
6.263738e-09,0
2.143033e-07,0
2.735889e-07,0
7.572407e-08,0
2.612456e-08,0
1.898469e-09,0
1.014792e-09,0
1.023478e-07,0
1.904558e-07,0
8.568623e-05,0
6.122003e-08,0
9.939168e-07,0
7.279021e-07,0
2.963368e-08,0
4.657126e-08,0
7.549735e-07,0
6.724654e-08,0
5.475493e-09,0
3.412885e-07,0
2.612456e-08,0
8.568623e-05,0
1.522868e-07,0
5.236884e-09,0
4.105605e-08,0
2.319047e-06,0
9.557733e-08,0
3.720137e-07,0
8.568623e-05,0
2.06499e-07,0
1.685322e-07,0
3.139782e-08,0
3.392441e-08,0
4.320549e-07,0
2.704302e-09,0
3.246138e-10,0
7.429917e-07,0
3.06624e-09,0
1.575766e-06,0
7.27594e-08,0
2.116117e-06,0
2.729728e-06,0
4.370953e-07,0
3.511322e-08,0
2.187379e-06,0
8.568623e-05,0
2.412521e-08,0
6.920916e-05,0
2.127872e-09,0
6.279499e-05,0
2.046949e-08,0
2.167898e-07,0
1.507059e-08,0
3.613582e-09,0
8.568623e-05,0
8.44426e-09,0
3.059685e-05,0
5.383955e-06,0
2.701512e-05,0
2.6602e-07,0
1.181098e-06,0
1.146154e-07,0
6.297978e-08,0
6.388536e-07,0
2.991022e-08,0
3.245523e-08,0
2.327119e-08,0
1.247702e-06,0
0.0007478356,0
1.664761e-08,0
1.597948e-05,0
5.681908e-07,0
3.637331e-07,0
1.403634e-09,0
1.511433e-09,0
6.763333e-06,0
2.397052e-10,0
5.089758e-10,0
5.161095e-05,0
1.571667e-08,0
1.407947e-07,0
1.073815e-06,0
3.279816e-09,0
3.246138e-10,0
1.47566e-07,0
2.119329e-05,0
1.069825e-08,0
2.610746e-09,0
3.143877e-05,0
1.891525e-07,0
2.050604e-10,0
2.81908e-09,0
7.037596e-06,0
6.636176e-08,0
1.891525e-07,0
1.1886e-05,0
1.956434e-07,0
3.345656e-06,0
2.000874e-08,0
5.475493e-09,0
1.634503e-07,0
6.166599e-06,0
2.80904e-07,0
8.568623e-05,0
1.21045e-06,0
1.278723e-09,0
2.027674e-05,0
8.568623e-05,0
0.0001279268,0
1.646872e-06,0
3.611589e-10,0
8.568623e-05,0
9.216683e-07,0
1.702783e-06,0
9.406431e-08,0
4.999956e-07,0
3.421128e-05,0
1.277078e-06,0
9.009265e-05,0
9.174607e-07,0
2.127872e-09,0
2.143294e-08,0
8.568623e-05,0
1.732629e-06,0
1.053806e-10,0
3.193962e-08,0
9.70132e-07,0
6.225474e-11,0
7.814354e-10,0
9.327888e-09,0
5.081233e-07,0
3.911034e-08,0
1.230363e-08,0
3.121189e-08,0
6.694528e-07,0
2.128128e-09,0
6.59487e-10,0
8.081175e-10,0
4.485947e-08,0
1.085308e-07,0
1.944168e-07,0
1.563319e-08,0
1.592167e-10,0
5.246622e-06,0
2.133661e-07,0
5.879275e-05,0
1.278614e-09,0
5.246622e-06,0
1.114601e-09,0
5.955458e-10,0
1.295828e-07,0
1.469741e-05,0
2.620216e-06,0
1.236805e-05,0
6.96292e-06,0
3.936362e-10,0
1.280543e-07,0
5.444903e-07,0
3.065094e-09,0
1.15911e-09,0
7.037596e-06,0
1.389491e-07,0
9.009265e-05,0
2.018238e-07,0
2.365967e-08,0
2.963368e-08,0
1.527501e-08,0
1.905851e-06,0
2.133661e-07,0
1.24059e-08,0
1.444218e-09,0
2.622034e-09,0
4.187564e-07,0
1.012405e-06,0
9.31681e-07,0
1.526727e-08,0
1.277724e-08,0
1.628931e-09,0
1.073815e-06,0
2.045234e-07,0
1.686464e-09,0
5.383955e-06,0
1.480545e-08,0
1.687546e-06,0
8.568623e-05,0
5.330904e-08,0
8.287237e-06,0
1.304351e-06,0
5.475493e-09,0
1.459605e-06,0
3.264861e-09,0
9.201545e-08,0
1.301288e-06,0
1.382334e-10,0
8.588142e-07,0
6.473157e-07,0
7.9203e-08,0
1.045446e-05,0
1.20879e-09,0
3.499046e-06,0
5.797921e-08,0
6.526217e-07,0
3.281564e-07,0
6.96292e-06,0
6.038616e-05,0
7.123883e-08,0
1.435158e-07,0
1.466173e-06,0
6.050553e-07,0
7.127912e-07,0
2.179848e-06,0
1.618281e-09,0
7.670721e-05,0
2.397052e-10,0
7.058568e-06,0
5.475493e-09,0
5.504805e-07,0
1.099762e-09,0
2.742335e-06,0
2.827466e-07,0
2.533063e-09,0
3.059685e-05,0
1.554423e-08,0
6.297978e-08,0
5.918387e-09,0
1.68231e-09,0
2.853209e-06,0
5.317704e-06,0
8.568623e-05,0
2.264655e-08,0
5.475493e-09,0
1.594195e-09,0
7.113807e-07,0
6.694528e-07,0
7.551313e-10,0
2.546452e-09,0
2.622304e-06,0
4.019777e-10,0
6.978959e-11,0
2.487872e-09,0
8.568623e-05,0
2.000874e-08,0
3.635289e-09,0
1.546023e-08,0
2.018238e-07,0
1.563319e-08,0
1.11325e-09,0
2.125253e-08,0
1.992784e-05,0
3.822574e-06,0
3.098515e-07,0
6.028789e-09,0
8.340998e-07,0
3.059685e-05,0
1.554423e-08,0
1.811411e-09,0
5.428837e-11,0
6.96292e-06,0
2.054088e-06,0
6.96292e-06,0
1.053164e-10,0
1.278614e-09,0
2.127872e-09,0
8.881723e-07,0
1.570765e-07,0
9.910643e-08,0
6.593654e-09,0
7.037596e-06,0
4.548749e-07,0
2.127872e-09,0
5.475493e-09,0
4.835681e-06,0
1.825043e-09,0
6.139297e-08,0
2.063993e-10,0
2.014722e-07,0
8.976604e-08,0
4.404054e-10,0
8.728079e-07,0
5.867821e-08,0
2.094957e-06,0
0.001904364,0
1.053164e-10,0
1.465604e-11,0
2.612456e-08,0
3.856181e-09,0
1.811525e-09,0
1.072763e-08,0
2.021274e-07,0
5.161095e-05,0
0.0008694056,0
9.748956e-08,0
4.109442e-05,0
6.235596e-07,0
8.568623e-05,0
1.014792e-09,0
1.898469e-09,0
3.557905e-05,0
9.646568e-06,0
5.383955e-06,0
2.046949e-08,0
8.44426e-09,0
2.35847e-07,0
3.057709e-08,0
1.434053e-05,0
1.152114e-09,0
2.177008e-09,0
3.936595e-06,0
6.59487e-10,0
1.592167e-10,0
1.355264e-05,0
5.383955e-06,0
1.218768e-07,0
6.59487e-10,0
2.046949e-08,0
5.089758e-10,0
7.013423e-06,0
3.643215e-07,0
1.634305e-06,0
9.588784e-06,0
1.518903e-05,0
8.241112e-10,0
3.283928e-09,0
8.241112e-10,0
2.030194e-08,0
5.383955e-06,0
1.687546e-06,0
3.199261e-08,0
3.821417e-05,0
2.018238e-07,0
2.017749e-07,0
4.105605e-08,0
9.058652e-07,0
6.962476e-10,0
1.679192e-07,0
7.141733e-08,0
7.127912e-07,0
1.224806e-07,0
8.568623e-05,0
1.905851e-06,0
3.19634e-07,0
1.88305e-07,0
3.246138e-10,0
8.241112e-10,0
7.873689e-10,0
5.191966e-10,0
1.228131e-08,0
1.898469e-09,0
7.268109e-07,0
2.302849e-06,0
8.241112e-10,0
2.32487e-07,0
1.781943e-05,0
5.475493e-09,0
6.499736e-05,0
2.404217e-05,0
6.248411e-06,0
3.47481e-09,0
2.761189e-07,0
4.189561e-07,0
1.468451e-06,0
2.83354e-07,0
4.376492e-07,0
4.341556e-08,0
7.059455e-09,0
7.72821e-09,0
8.568623e-05,0
1.382334e-10,0
5.690295e-11,0
1.468003e-08,0
4.482799e-08,0
1.52229e-07,0
1.556418e-07,0
2.656187e-09,0
1.47771e-07,0
2.397052e-10,0
5.080243e-10,0
2.805546e-05,0
8.290131e-09,0
1.29756e-10,0
1.818354e-06,0
8.104883e-07,0
3.28759e-08,0
2.018238e-07,0
3.877631e-08,0
8.678875e-07,0
0.0002809769,0
9.652507e-05,0
2.583477e-09,0
2.567313e-06,0
1.053668e-05,0
1.435158e-07,0
1.044435e-07,0
5.195182e-08,0
3.054334e-08,0
3.281564e-07,0
9.646568e-06,0
1.665205e-08,0
1.238299e-06,0
1.443899e-07,0
1.459605e-06,0
5.979158e-09,0
8.079585e-06,0
1.109932e-06,0
6.979076e-08,0
5.475493e-09,0
1.04526e-07,0
1.626549e-07,0
6.42131e-09,0
2.249381e-06,0
1.403634e-09,0
2.393433e-05,0
0.0006375873,0
3.246138e-10,0
4.339603e-05,0
6.988207e-10,0
6.679935e-05,0
4.675006e-06,0
3.978398e-06,0
1.670692e-07,0
2.575405e-07,0
8.568623e-05,0
2.420522e-08,0
2.397052e-10,0
6.59487e-10,0
5.475493e-09,0
8.568623e-05,0
9.690538e-07,0
1.014792e-09,0
1.150427e-06,0
2.620216e-06,0
1.594195e-09,0
1.160084e-08,0
1.0848e-06,0
6.462187e-06,0
5.933332e-08,0
8.909312e-07,0
8.632502e-08,0
2.570771e-08,0
3.602488e-06,0
8.720157e-09,0
1.02485e-06,0
2.570771e-08,0
1.259994e-05,0
4.581747e-06,0
3.856181e-09,0
2.797547e-09,0
8.401586e-10,0
2.019891e-06,0
9.652507e-05,0
1.611271e-09,0
5.792151e-08,0
1.217511e-05,0
2.692476e-07,0
1.717388e-10,0
3.856181e-09,0
8.568623e-05,0
2.903933e-09,0
4.795474e-07,0
6.59487e-10,0
5.368778e-09,0
3.065094e-09,0
2.414941e-07,0
6.724654e-08,0
1.382334e-10,0
4.09121e-10,0
2.000874e-08,0
1.157544e-09,0
1.88305e-07,0
1.0848e-06,0
2.027674e-05,0
2.046949e-08,0
1.385656e-07,0
2.06499e-07,0
5.020497e-07,0
4.499653e-10,0
1.687546e-06,0
6.000902e-07,0
2.465826e-06,0
6.978959e-11,0
3.281564e-07,0
4.657126e-08,0
1.779328e-06,0
6.06584e-07,0
3.065094e-09,0
6.297978e-08,0
1.069307e-07,0
6.08076e-07,0
1.435158e-07,0
5.535666e-08,0
8.825591e-07,0
4.657126e-08,0
9.050305e-08,0
3.802664e-06,0
7.136236e-06,0
6.96292e-06,0
5.56791e-08,0
7.922633e-06,0
7.224428e-08,0
4.215079e-09,0
1.224303e-11,0
1.014792e-09,0
1.47061e-06,0
5.245644e-08,0
9.406431e-08,0
5.133657e-08,0
2.300266e-07,0
7.159344e-06,0
2.567313e-06,0
1.665205e-08,0
5.56498e-08,0
1.007407e-08,0
1.723405e-07,0
6.423848e-08,0
6.545477e-07,0
4.678476e-08,0
8.279056e-05,0
1.461347e-07,0
9.135678e-10,0
6.59487e-10,0
5.444903e-07,0
4.823533e-09,0
1.153544e-08,0
2.569502e-08,0
2.001595e-09,0
2.567313e-06,0
1.519282e-06,0
2.397052e-10,0
7.217447e-05,0
1.469877e-06,0
2.023291e-07,0
9.347515e-05,0
2.328607e-07,0
8.568623e-05,0
2.347241e-05,0
8.495929e-08,0
1.451187e-06,0
9.050305e-08,0
2.925253e-05,0
1.723405e-07,0
8.568623e-05,0
6.309206e-09,0
3.086796e-09,0
1.217888e-07,0
5.008976e-10,0
8.39456e-07,0
4.048469e-06,0
3.142764e-09,0
5.610021e-05,0
2.962482e-05,0
1.387324e-08,0
3.575127e-10,0
1.665189e-06,0
5.475493e-09,0
2.179848e-06,0
4.735067e-09,0
6.270285e-10,0
6.694528e-07,0
6.593654e-09,0
5.133657e-08,0
1.466699e-08,0
7.308358e-06,0
8.568623e-05,0
4.080045e-09,0
1.045145e-07,0
2.397052e-10,0
5.080243e-10,0
9.968948e-07,0
1.786879e-09,0
2.888713e-05,0
1.389747e-06,0
1.278723e-09,0
8.832293e-07,0
8.241112e-10,0
1.278723e-09,0
4.687763e-09,0
8.514393e-05,0
2.187379e-06,0
3.437327e-10,0
2.018238e-07,0
1.223171e-08,0
2.987282e-08,0
6.386453e-08,0
1.797164e-08,0
2.018238e-07,0
5.535613e-07,0
8.568623e-05,0
5.867821e-08,0
1.698735e-08,0
3.144741e-06,0
3.065094e-09,0
1.443297e-07,0
1.572556e-05,0
1.0944e-07,0
2.938735e-07,0
1.719095e-07,0
2.767504e-08,0
1.275994e-06,0
1.170146e-06,0
6.139297e-08,0
5.005693e-09,0
1.370429e-06,0
5.089758e-10,0
1.278723e-09,0
3.053011e-09,0
1.379441e-06,0
1.762659e-09,0
2.819296e-08,0
7.203109e-10,0
1.760382e-08,0
6.335347e-05,0
8.775034e-07,0
3.65922e-09,0
5.196693e-10,0
1.045446e-05,0
5.730319e-08,0
1.732629e-06,0
1.11325e-09,0
3.435652e-08,0
1.278723e-09,0
1.014792e-09,0
1.234077e-08,0
1.014792e-09,0
5.444903e-07,0
9.74089e-08,0
9.41652e-08,0
1.278723e-09,0
5.475493e-09,0
7.386566e-07,0
1.717388e-10,0
1.339312e-08,0
2.306777e-08,0
9.864739e-08,0
5.970392e-07,0
4.835681e-06,0
9.284471e-09,0
2.170676e-07,0
1.389747e-06,0
7.574614e-09,0
1.459605e-06,0
1.296671e-07,0
2.729056e-06,0
2.44123e-11,0
4.870871e-08,0
5.679449e-08,0
2.547168e-08,0
5.169857e-07,0
8.204785e-06,0
6.694528e-07,0
0.0001425317,0
3.963388e-09,0
2.397052e-10,0
2.046949e-08,0
6.961208e-08,0
8.279387e-07,0
2.355501e-09,0
1.571667e-08,0
8.401586e-10,0
2.046949e-08,0
8.785872e-08,0
5.383955e-06,0
2.252114e-06,0
3.261262e-06,0
1.109932e-06,0
1.732629e-06,0
8.568623e-05,0
8.623235e-07,0
7.132299e-08,0
1.74098e-06,0
1.703661e-06,0
1.751199e-05,0
7.814614e-08,0
1.205044e-07,0
4.274951e-05,0
1.117011e-09,0
1.203803e-08,0
2.128128e-09,0
7.72821e-09,0
6.297978e-08,0
1.581038e-07,0
4.380371e-10,0
1.0848e-06,0
1.268498e-07,0
2.109626e-07,0
5.121129e-08,0
1.687546e-06,0
3.04198e-07,0
5.847997e-09,0
6.919331e-07,0
2.018238e-07,0
9.135678e-10,0
1.278723e-09,0
8.568623e-05,0
2.365478e-07,0
4.039966e-07,0
1.514299e-06,0
1.202594e-07,0
9.62276e-08,0
4.242705e-09,0
6.79568e-10,0
1.178842e-07,0
6.79568e-10,0
6.018032e-06,0
4.657126e-08,0
1.203803e-08,0
1.192422e-06,0
1.480545e-08,0
1.724217e-07,0
7.856473e-07,0
2.138476e-08,0
1.621862e-06,0
2.64546e-08,0
1.573029e-07,0
2.729056e-06,0
5.089758e-10,0
1.687546e-06,0
8.568623e-05,0
5.74919e-09,0
1.911393e-09,0
5.456282e-08,0
8.568623e-05,0
4.189561e-07,0
3.065012e-09,0
2.546452e-09,0
1.012405e-06,0
8.678875e-07,0
2.697017e-06,0
8.104883e-07,0
8.568623e-05,0
2.187963e-10,0
1.42522e-08,0
3.02817e-05,0
3.013061e-06,0
4.260463e-07,0
3.246138e-10,0
5.094265e-07,0
5.444903e-07,0
8.568623e-05,0
1.571667e-08,0
1.000443e-07,0
2.672236e-08,0
1.295828e-07,0
1.278614e-09,0
2.240792e-08,0
4.679642e-09,0
3.337326e-05,0
1.443297e-07,0
7.377688e-07,0
8.568623e-05,0
3.563861e-05,0
7.907982e-08,0
1.077086e-10,0
2.128128e-09,0
2.374842e-07,0
8.568623e-05,0
3.246138e-10,0
8.568623e-05,0
2.455646e-07,0
5.867821e-08,0
6.122003e-08,0
5.688681e-06,0
2.679914e-06,0
1.869882e-07,0
1.732629e-06,0
6.325188e-06,0
8.568623e-05,0
1.589828e-07,0
2.252114e-06,0
2.289897e-06,0
3.945149e-10,0
3.81485e-07,0
6.458377e-07,0
1.41823e-07,0
2.01559e-05,0
1.385656e-07,0
3.053011e-09,0
3.053011e-09,0
8.568623e-05,0
6.888522e-09,0
1.203803e-08,0
5.220907e-06,0
4.870871e-08,0
1.943535e-08,0
4.657126e-08,0
2.043275e-07,0
5.475493e-09,0
6.514611e-09,0
5.866723e-07,0
8.730668e-07,0
1.821793e-05,0
5.383955e-06,0
5.080243e-10,0
2.236751e-09,0
2.327119e-08,0
3.059685e-05,0
1.052588e-05,0
1.811411e-09,0
2.610746e-09,0
4.817191e-08,0
1.295828e-07,0
1.571667e-08,0
1.152499e-07,0
5.334135e-06,0
2.659503e-05,0
5.533447e-09,0
6.046549e-07,0
1.356996e-06,0
5.36572e-08,0
1.29863e-06,0
1.165281e-07,0
1.254754e-09,0
2.021274e-07,0
7.902712e-05,0
2.636868e-10,0
7.416417e-08,0
8.697035e-09,0
8.44426e-09,0
7.582228e-10,0
2.127872e-09,0
1.401276e-07,0
1.877533e-06,0
2.187379e-06,0
1.760279e-06,0
6.693963e-05,0
1.099762e-09,0
2.687143e-06,0
5.791842e-08,0
8.287237e-06,0
2.925253e-05,0
2.248734e-07,0
3.171041e-06,0
3.48639e-07,0
1.88305e-07,0
4.469498e-08,0
2.568934e-07,0
8.568623e-05,0
1.850526e-09,0
3.338093e-09,0
6.168465e-08,0
1.969706e-07,0
5.356943e-09,0
5.330904e-08,0
2.071775e-10,0
1.063023e-08,0
5.981413e-06,0
6.79568e-10,0
2.782184e-07,0
2.987282e-08,0
1.035548e-09,0
5.080243e-10,0
3.066e-09,0
5.133657e-08,0
2.477409e-06,0
8.204785e-06,0
5.310736e-09,0
6.512477e-08,0
4.702593e-09,0
3.281564e-07,0
1.461347e-07,0
2.046949e-08,0
2.127872e-09,0
3.059685e-05,0
3.053011e-09,0
8.568623e-05,0
2.143033e-07,0
2.374842e-07,0
4.009269e-11,0
3.545754e-07,0
5.383955e-06,0
2.598527e-07,0
1.465604e-11,0
5.133657e-08,0
1.466076e-06,0
5.618053e-10,0
1.059108e-07,0
4.707414e-08,0
4.983217e-06,0
5.159986e-08,0
7.111344e-06,0
3.098172e-10,0
5.716029e-07,0
1.850526e-09,0
8.287237e-06,0
1.760279e-06,0
9.601746e-09,0
2.018238e-07,0
1.222698e-07,0
8.406518e-06,0
6.694528e-07,0
8.241112e-10,0
1.778464e-06,0
3.053011e-09,0
1.712211e-05,0
2.127872e-09,0
2.185309e-07,0
5.821563e-10,0
9.081954e-05,0
6.500851e-11,0
2.894009e-08,0
1.843007e-07,0
6.06584e-07,0
2.071015e-07,0
9.347871e-07,0
1.571667e-08,0
1.874599e-08,0
5.716029e-07,0
6.961208e-08,0
1.383236e-07,0
6.527252e-06,0
2.645458e-07,0
1.514033e-05,0
1.209212e-10,0
2.502015e-05,0
2.514862e-08,0
9.732876e-06,0
9.726955e-06,0
1.47771e-07,0
1.291761e-07,0
8.992934e-06,0
1.891525e-07,0
2.046949e-08,0
1.052588e-05,0
6.978959e-11,0
7.65892e-07,0
4.891567e-08,0
7.113807e-07,0
1.114601e-09,0
1.382334e-10,0
1.832782e-05,0
3.267423e-08,0
3.065094e-09,0
1.119563e-07,0
1.326372e-09,0
5.475493e-09,0
1.47771e-07,0
1.811411e-09,0
4.85016e-08,0
8.412412e-06,0
3.924626e-08,0
1.403634e-09,0
2.289897e-06,0
2.892468e-09,0
1.480347e-08,0
4.156338e-06,0
3.246138e-10,0
1.898469e-09,0
1.711333e-05,0
1.461347e-07,0
1.572556e-05,0
3.803618e-07,0
6.724654e-08,0
8.568623e-05,0
2.569502e-08,0
6.649822e-08,0
0.0001106281,0
8.775034e-07,0
7.490195e-09,0
5.230872e-07,0
3.151101e-09,0
1.016887e-06,0
2.840138e-06,0
7.794533e-06,0
1.961156e-08,0
7.938855e-07,0
6.065684e-07,0
8.922321e-07,0
1.283646e-08,0
6.79568e-10,0
8.568623e-05,0
1.811156e-07,0
5.317704e-06,0
1.760279e-06,0
9.757541e-06,0
6.307719e-06,0
7.572407e-08,0
2.547168e-08,0
1.790923e-07,0
5.475493e-09,0
1.70042e-06,0
1.47771e-07,0
5.383955e-06,0
1.515304e-06,0
5.383955e-06,0
6.724654e-08,0
1.109932e-06,0
2.397052e-10,0
9.347871e-07,0
4.441484e-05,0
9.910643e-08,0
4.563966e-08,0
1.37231e-06,0
1.74098e-06,0
1.644399e-09,0
9.41652e-08,0
3.020498e-05,0
2.968466e-07,0
1.382884e-07,0
1.403634e-09,0
8.568623e-05,0
2.783938e-08,0
2.797568e-09,0
1.368097e-07,0
1.403634e-09,0
6.113904e-08,0
3.637331e-07,0
3.856181e-09,0
3.095467e-10,0
1.600433e-07,0
1.37231e-06,0
2.984457e-07,0
1.103803e-05,0
1.526918e-05,0
2.000874e-08,0
3.098515e-07,0
3.92993e-07,0
9.347871e-07,0
2.934021e-08,0
3.599768e-07,0
1.836811e-10,0
5.065901e-05,0
1.128993e-09,0
1.75867e-08,0
7.092388e-07,0
5.475493e-09,0
3.201082e-10,0
2.956752e-07,0
2.018238e-07,0
2.426567e-09,0
1.288105e-07,0
6.335347e-05,0
3.065445e-09,0
6.248411e-06,0
1.687546e-06,0
5.475493e-09,0
1.072763e-08,0
1.829986e-09,0
1.480545e-08,0
1.402167e-06,0
2.046949e-08,0
1.25157e-09,0
4.077815e-07,0
1.887902e-05,0
8.491765e-08,0
6.129497e-06,0
3.44888e-07,0
1.797164e-08,0
1.34803e-06,0
3.28759e-08,0
4.187564e-07,0
1.836811e-10,0
6.166599e-06,0
3.053011e-09,0
2.588189e-07,0
2.000874e-08,0
2.397052e-10,0
1.0848e-06,0
2.354019e-09,0
2.046949e-08,0
2.61146e-05,0
1.278614e-09,0
1.901789e-09,0
1.278723e-09,0
6.96292e-06,0
6.59487e-10,0
9.726955e-06,0
2.971575e-08,0
3.166163e-09,0
5.71356e-07,0
1.719095e-07,0
4.082407e-07,0
2.362684e-08,0
1.41823e-07,0
1.37231e-06,0
1.717388e-10,0
1.193265e-07,0
6.42131e-09,0
1.109932e-06,0
1.42736e-09,0
1.912946e-06,0
5.644546e-08,0
1.090351e-09,0
2.610746e-09,0
1.834452e-06,0
4.986542e-08,0
1.812456e-05,0
3.148532e-07,0
5.383955e-06,0
1.224604e-08,0
2.612456e-08,0
1.069815e-08,0
1.687546e-06,0
1.044776e-06,0
5.131971e-06,0
8.568623e-05,0
3.359625e-06,0
2.510444e-07,0
1.836739e-08,0
4.086352e-06,0
7.275021e-09,0
9.338817e-06,0
6.741445e-10,0
1.34803e-06,0
3.601183e-06,0
1.187524e-09,0
4.622118e-08,0
6.516567e-05,0
1.109932e-06,0
2.610746e-09,0
1.014792e-09,0
3.72503e-07,0
3.053011e-09,0
1.203803e-08,0
1.829317e-07,0
1.047392e-07,0
5.310736e-09,0
3.708183e-06,0
1.480545e-08,0
5.094265e-07,0
7.814354e-10,0
1.719095e-07,0
3.3739e-06,0
1.385286e-08,0
1.224303e-11,0
6.04237e-10,0
1.722717e-07,0
2.397052e-10,0
5.089758e-10,0
1.24059e-08,0
3.142764e-09,0
4.19981e-08,0
6.433793e-08,0
8.568623e-05,0
2.048687e-08,0
3.053011e-09,0
8.568623e-05,0
8.582462e-08,0
8.568623e-05,0
1.248428e-08,0
1.37231e-06,0
1.151112e-05,0
4.39317e-06,0
3.082302e-08,0
2.797547e-09,0
8.287237e-06,0
5.318453e-08,0
1.022373e-06,0
1.301116e-05,0
1.014792e-09,0
3.903438e-09,0
1.073815e-06,0
5.644546e-08,0
3.663105e-07,0
3.338221e-06,0
4.923821e-09,0
8.704768e-09,0
4.780269e-07,0
8.804432e-07,0
9.659217e-10,0
7.50676e-08,0
5.080243e-10,0
1.768791e-10,0
1.37231e-06,0
7.872121e-08,0
3.059685e-05,0
1.165281e-07,0
7.72601e-06,0
4.887986e-07,0
7.086289e-07,0
5.383955e-06,0
5.318453e-08,0
2.901338e-08,0
2.219329e-07,0
1.382334e-10,0
8.568623e-05,0
3.06181e-09,0
1.11325e-09,0
7.386566e-07,0
1.480347e-08,0
3.871076e-06,0
1.174293e-05,0
8.525474e-06,0
1.527501e-08,0
1.684785e-06,0
1.368102e-05,0
3.053011e-09,0
1.020424e-07,0
8.797979e-08,0
4.752033e-06,0
1.850912e-08,0
1.275994e-06,0
9.050305e-08,0
9.08225e-06,0
5.484544e-06,0
7.153442e-07,0
3.645394e-07,0
1.072763e-08,0
4.591231e-05,0
3.698304e-05,0
9.135678e-10,0
1.956572e-08,0
4.366054e-07,0
3.601183e-06,0
5.284868e-06,0
6.243446e-05,0
3.456561e-08,0
2.575509e-05,0
3.098515e-07,0
1.15462e-09,0
4.434919e-07,0
1.719095e-07,0
4.09121e-10,0
1.279633e-07,0
1.278723e-09,0
1.955749e-06,0
1.065329e-06,0
1.276175e-06,0
5.352445e-06,0
9.516578e-10,0
8.568623e-05,0
6.679935e-05,0
1.797164e-08,0
3.201082e-10,0
8.205657e-08,0
1.785369e-06,0
4.491118e-07,0
1.403634e-09,0
5.044407e-08,0
1.389747e-06,0
9.790921e-08,0
1.295828e-07,0
6.79568e-10,0
3.663105e-07,0
4.174501e-07,0
1.836811e-10,0
2.20058e-08,0
1.546023e-08,0
2.127872e-09,0
2.422611e-06,0
1.519282e-06,0
7.387869e-07,0
7.846427e-08,0
3.482288e-09,0
2.127872e-09,0
5.169857e-07,0
1.512407e-07,0
5.979158e-09,0
6.724071e-06,0
1.278614e-09,0
8.568623e-05,0
8.547241e-08,0
1.188318e-07,0
1.091081e-06,0
1.586766e-08,0
5.383955e-06,0
1.760279e-06,0
1.495243e-11,0
1.435158e-07,0
3.875147e-07,0
2.030194e-08,0
7.200643e-08,0
1.389491e-07,0
3.267423e-08,0
1.012544e-09,0
2.40121e-07,0
6.694528e-07,0
1.571667e-08,0
5.936932e-08,0
2.79721e-06,0
1.929595e-08,0
3.060014e-08,0
1.714846e-08,0
3.427437e-06,0
2.679914e-06,0
5.3626e-08,0
1.039514e-08,0
8.405433e-10,0
6.170595e-07,0
2.370196e-06,0
5.133657e-08,0
6.694528e-07,0
1.402009e-07,0
6.562828e-07,0
1.41823e-07,0
2.127872e-09,0
2.252114e-06,0
2.559401e-08,0
2.606437e-07,0
2.881727e-07,0
5.907935e-08,0
3.800206e-07,0
4.281389e-06,0
1.185872e-09,0
7.61137e-09,0
3.199261e-08,0
2.143033e-07,0
8.568623e-05,0
2.046949e-08,0
2.397052e-10,0
6.939758e-08,0
3.240176e-07,0
1.203803e-08,0
7.488578e-06,0
8.568623e-05,0
1.385656e-07,0
8.568623e-05,0
2.187963e-10,0
4.767649e-07,0
1.37231e-06,0
1.228131e-08,0
3.996022e-08,0
9.441767e-07,0
3.856181e-09,0
5.475493e-09,0
1.209212e-10,0
2.218884e-08,0
1.559137e-10,0
2.15048e-09,0
8.568623e-05,0
1.242647e-06,0
1.802359e-07,0
1.836811e-10,0
1.14519e-07,0
2.797547e-09,0
8.9663e-05,0
8.568623e-05,0
2.127872e-09,0
3.059685e-05,0
6.197397e-06,0
1.278614e-09,0
8.568623e-05,0
9.908477e-06,0
2.797547e-09,0
1.34803e-06,0
5.475493e-09,0
7.597942e-08,0
1.986833e-05,0
7.490195e-09,0
1.012405e-06,0
2.046028e-05,0
4.155394e-09,0
2.937457e-09,0
5.940213e-05,0
6.757305e-10,0
2.475987e-07,0
4.098575e-10,0
8.678875e-07,0
9.653236e-09,0
9.007181e-07,0
5.979158e-09,0
1.278614e-09,0
1.571953e-05,0
5.097575e-05,0
1.278723e-09,0
3.765235e-06,0
3.308683e-08,0
2.027674e-05,0
1.516088e-09,0
3.993975e-06,0
4.283864e-06,0
1.797586e-08,0
8.586105e-10,0
5.797921e-08,0
3.285688e-05,0
3.353006e-06,0
3.419368e-08,0
7.488578e-06,0
1.048441e-08,0
6.694528e-07,0
2.569502e-08,0
5.475493e-09,0
3.06444e-06,0
5.535613e-07,0
1.278614e-09,0
3.663105e-07,0
1.250327e-06,0
3.100665e-07,0
7.490195e-09,0
8.568623e-05,0
2.536082e-06,0
3.04198e-07,0
1.936455e-06,0
3.963388e-09,0
1.227433e-08,0
2.127872e-09,0
2.365478e-07,0
5.077688e-09,0
6.745722e-06,0
2.127872e-09,0
6.279499e-05,0
1.012405e-06,0
8.568623e-05,0
1.546023e-08,0
5.386536e-08,0
2.609349e-05,0
1.418566e-06,0
1.546023e-08,0
1.203572e-05,0
4.190291e-06,0
2.871669e-08,0
4.502474e-08,0
5.383955e-06,0
1.873931e-08,0
1.443848e-07,0
3.803654e-08,0
5.310736e-09,0
1.755533e-08,0
3.053011e-09,0
3.065445e-09,0
2.583477e-09,0
1.711333e-05,0
8.568623e-05,0
2.013062e-06,0
9.764715e-09,0
1.165281e-07,0
3.043077e-08,0
1.465604e-11,0
6.96292e-06,0
4.774988e-10,0
3.304608e-08,0
1.81543e-05,0
1.74098e-06,0
1.463919e-05,0
1.95757e-06,0
2.285772e-07,0
1.130876e-05,0
2.252114e-06,0
2.824275e-07,0
1.382884e-07,0
2.018238e-07,0
8.401586e-10,0
6.694528e-07,0
1.020424e-07,0
8.568623e-05,0
9.893825e-10,0
6.421632e-08,0
6.297978e-08,0
2.612456e-08,0
1.611271e-09,0
1.131167e-07,0
7.507411e-10,0
3.533707e-05,0
3.065094e-09,0
2.030846e-07,0
2.135977e-08,0
2.351006e-06,0
0.0001332394,0
2.021274e-07,0
8.241112e-10,0
2.302311e-08,0
9.910643e-08,0
5.969492e-10,0
5.085782e-09,0
8.797725e-07,0
3.193962e-08,0
3.72503e-07,0
5.383955e-06,0
1.234984e-07,0
1.433392e-06,0
5.310736e-09,0
1.254754e-09,0
2.612456e-08,0
2.118971e-08,0
4.657126e-08,0
5.444903e-07,0
2.331687e-07,0
4.105605e-08,0
1.701921e-07,0
1.186897e-08,0
5.161095e-05,0
6.242043e-09,0
6.480814e-09,0
3.142764e-09,0
1.465604e-11,0
8.568623e-05,0
4.434919e-07,0
3.142764e-09,0
4.463504e-05,0
8.495929e-08,0
2.739053e-06,0
1.240571e-08,0
2.612456e-08,0
5.81344e-07,0
1.611271e-09,0
1.867284e-07,0
3.304079e-08,0
4.484351e-07,0
5.089758e-10,0
1.867284e-07,0
1.37231e-06,0
1.717388e-10,0
1.316304e-05,0
6.628003e-07,0
8.348276e-06,0
2.128128e-09,0
2.081243e-08,0
5.383955e-06,0
2.656187e-09,0
1.732629e-06,0
1.06054e-06,0
1.301288e-06,0
2.128128e-09,0
7.047954e-08,0
2.127872e-09,0
1.480545e-08,0
1.023478e-07,0
6.002997e-08,0
3.916894e-08,0
1.211513e-05,0
3.096787e-07,0
1.185872e-09,0
1.811411e-09,0
1.898534e-07,0
1.382334e-10,0
2.981002e-05,0
8.959531e-06,0
2.226069e-08,0
3.054334e-08,0
1.571667e-08,0
1.214156e-09,0
9.443373e-08,0
1.132221e-05,0
3.399313e-05,0
1.222698e-07,0
1.900093e-08,0
3.87661e-06,0
7.72601e-06,0
1.226879e-05,0
1.611271e-09,0
7.821166e-07,0
2.377499e-05,0
2.629388e-07,0
9.009265e-05,0
2.612456e-08,0
9.748956e-08,0
1.836811e-10,0
3.097389e-08,0
6.978959e-11,0
1.657838e-06,0
1.360766e-09,0
6.724654e-08,0
1.278614e-09,0
6.59487e-10,0
1.133364e-08,0
1.898469e-09,0
1.05115e-06,0
8.241112e-10,0
1.811411e-09,0
1.760279e-06,0
1.459605e-06,0
1.687546e-06,0
1.224303e-11,0
2.594647e-09,0
2.568934e-07,0
1.014792e-09,0
1.07998e-08,0
3.756498e-06,0
2.80904e-07,0
1.811411e-09,0
1.522525e-07,0
1.466076e-06,0
2.027674e-05,0
2.278734e-07,0
4.434919e-07,0
3.020498e-05,0
1.850526e-09,0
1.014423e-08,0
3.601183e-06,0
3.632929e-06,0
2.888724e-09,0
5.659876e-08,0
0.0001200172,0
4.346188e-08,0
1.401276e-07,0
5.090744e-08,0
7.168987e-08,0
5.089758e-10,0
1.401198e-06,0
2.744966e-09,0
4.033927e-09,0
8.401586e-10,0
2.021274e-07,0
1.909027e-06,0
1.278723e-09,0
1.017287e-06,0
2.387727e-08,0
1.38535e-07,0
4.907191e-08,0
2.014722e-07,0
3.065094e-09,0
2.006545e-05,0
2.027674e-05,0
7.837569e-09,0
1.465604e-11,0
8.838763e-09,0
1.012405e-06,0
1.760279e-06,0
1.70817e-05,0
4.608175e-07,0
1.811411e-09,0
2.587078e-06,0
4.940171e-09,0
8.693844e-07,0
4.10067e-06,0
1.479425e-07,0
8.241112e-10,0
1.536596e-06,0
2.795767e-06,0
3.031704e-06,0
0.0001826219,0
1.904035e-09,0
6.948512e-06,0
7.597942e-08,0
1.836811e-10,0
3.208874e-08,0
3.66857e-09,0
1.595435e-05,0
2.236751e-09,0
1.36541e-07,0
2.888713e-05,0
2.242607e-07,0
1.37231e-06,0
1.382334e-10,0
5.315958e-07,0
6.566297e-08,0
6.724654e-08,0
1.905851e-06,0
6.765693e-07,0
7.059455e-09,0
2.91301e-08,0
1.898469e-09,0
9.864739e-08,0
5.080243e-10,0
3.856181e-09,0
4.483826e-08,0
5.485684e-06,0
1.898469e-09,0
1.382884e-07,0
1.047078e-07,0
1.669762e-05,0
2.946256e-09,0
8.568623e-05,0
1.934456e-07,0
7.488578e-06,0
2.575405e-07,0
3.363087e-06,0
1.147918e-09,0
5.169857e-07,0
7.277702e-07,0
1.351501e-06,0
1.668194e-08,0
1.600433e-07,0
2.69156e-05,0
4.049182e-09,0
8.845121e-09,0
1.31325e-07,0
1.542528e-10,0
1.441818e-09,0
1.295583e-05,0
2.127872e-09,0
2.870293e-05,0
5.112448e-07,0
3.856181e-09,0
1.850526e-09,0
2.126499e-06,0
1.882676e-08,0
5.867821e-08,0
1.583275e-07,0
1.905851e-06,0
2.525651e-10,0
1.546023e-08,0
3.236571e-08,0
5.475493e-09,0
4.102337e-10,0
2.325758e-06,0
9.41652e-08,0
1.201639e-06,0
1.014792e-09,0
4.767649e-07,0
1.585847e-08,0
1.0848e-06,0
6.172944e-07,0
2.615044e-07,0
1.413234e-05,0
1.125127e-09,0
4.758618e-07,0
5.250038e-07,0
6.431661e-06,0
2.242378e-08,0
